~o
<STREAMINFO> 1 25
<VECSIZE> 25<NULLD><MFCC_D_N_Z_0><DIAGC>
~s "silst"
<MEAN> 25
 -7.606889e+00 3.049770e+00 -2.133199e+00 4.419581e+00 5.122323e+00 4.694283e+00 4.151269e+00 2.274543e+00 1.711726e+00 1.070143e+00 9.202248e-01 3.503521e+00 -1.528999e-01 1.285883e-02 6.796194e-03 3.388389e-02 4.546814e-02 3.283599e-02 9.632535e-03 -6.050993e-03 -6.445654e-03 1.257309e-02 1.827135e-02 8.771271e-03 -1.518852e-01
<VARIANCE> 25
 4.277142e+01 2.606563e+01 2.666246e+01 3.140258e+01 3.471295e+01 3.008603e+01 2.672334e+01 3.365373e+01 3.536039e+01 3.565346e+01 2.761123e+01 2.250978e+01 4.674052e-01 6.706469e-01 8.440408e-01 1.024818e+00 1.313470e+00 1.457294e+00 1.526256e+00 1.701333e+00 1.692484e+00 1.693654e+00 1.520137e+00 1.380332e+00 3.214809e-01
<GCONST> 8.797577e+01
~h "a"
<BEGINHMM>
<NUMSTATES> 5
<STATE> 2
<MEAN> 25
 4.369357e+00 -6.674904e+00 -3.465773e+00 -3.741102e+00 -3.729435e-01 -1.397462e+00 -5.982913e-01 3.301514e+00 2.663592e+00 9.768116e-02 -2.488372e+00 -3.158030e+00 3.012915e-01 -1.046588e+00 -5.283501e-01 -4.786889e-01 4.868864e-01 3.069337e-01 1.344160e-01 6.595550e-01 2.714185e-01 -2.686545e-01 -6.587099e-01 -4.735162e-01 6.925061e-01
<VARIANCE> 25
 3.006832e+01 4.021129e+01 4.653526e+01 4.872541e+01 6.236182e+01 6.778937e+01 5.723071e+01 5.838950e+01 5.966664e+01 5.183838e+01 5.104637e+01 4.455733e+01 1.764211e+00 3.163629e+00 2.882370e+00 3.556608e+00 3.941219e+00 4.234008e+00 4.120279e+00 4.863862e+00 4.172905e+00 3.925129e+00 3.870831e+00 3.261958e+00 2.628763e+00
<GCONST> 1.091585e+02
<STATE> 3
<MEAN> 25
 4.894399e+00 -8.377034e+00 -3.903094e+00 -4.638408e+00 1.753135e-01 -1.250456e+00 -1.066879e+00 3.938882e+00 3.027009e+00 -1.835763e-01 -3.528138e+00 -4.104899e+00 -3.447749e-02 5.996125e-01 -5.325004e-03 6.046878e-01 2.570866e-01 2.111815e-01 1.313715e-01 -3.348989e-01 -2.196180e-01 -9.018750e-02 -2.135213e-02 3.351189e-01 -7.058482e-01
<VARIANCE> 25
 2.118107e+01 3.576151e+01 4.140750e+01 4.241608e+01 5.609109e+01 6.000106e+01 5.230259e+01 5.717922e+01 6.045188e+01 5.164805e+01 5.362973e+01 4.419629e+01 6.158178e-01 1.855698e+00 1.595616e+00 2.080899e+00 2.515679e+00 2.870912e+00 2.737649e+00 3.009531e+00 2.759773e+00 2.773754e+00 2.647341e+00 2.290980e+00 1.323682e+00
<GCONST> 1.015274e+02
<STATE> 4
<MEAN> 25
 3.195693e+00 -4.066386e+00 -4.368044e+00 -6.661690e-01 2.361972e+00 6.252815e-01 8.183266e-01 2.416736e+00 1.893502e+00 -9.344417e-01 -3.113840e+00 -1.592829e+00 -3.208405e-01 8.433293e-01 2.854566e-01 5.310638e-01 7.740171e-02 1.638218e-01 1.351213e-01 -3.368356e-01 -2.368708e-01 3.529276e-02 2.655793e-01 3.489209e-01 -8.833588e-01
<VARIANCE> 25
 2.368780e+01 3.662868e+01 3.373776e+01 4.338023e+01 4.431473e+01 4.802146e+01 4.030929e+01 4.322687e+01 4.350233e+01 4.379409e+01 4.281639e+01 3.422868e+01 6.680160e-01 1.230517e+00 1.329625e+00 1.680876e+00 1.983178e+00 2.068951e+00 2.105358e+00 2.366793e+00 2.295563e+00 2.141943e+00 2.104891e+00 1.814064e+00 7.165182e-01
<GCONST> 9.619479e+01
<TRANSP> 5
 0.000000e+00 1.000000e+00 0.000000e+00 0.000000e+00 0.000000e+00
 0.000000e+00 5.070444e-01 4.929556e-01 0.000000e+00 0.000000e+00
 0.000000e+00 0.000000e+00 5.708424e-01 4.291577e-01 0.000000e+00
 0.000000e+00 0.000000e+00 0.000000e+00 7.309177e-01 2.690823e-01
 0.000000e+00 0.000000e+00 0.000000e+00 0.000000e+00 0.000000e+00
<ENDHMM>
~h "b"
<BEGINHMM>
<NUMSTATES> 5
<STATE> 2
<MEAN> 25
 3.529985e+00 7.750554e+00 1.672417e+00 4.344464e+00 2.213035e+00 2.072312e+00 -4.170304e-01 -3.574453e+00 -3.035617e+00 -2.254816e+00 -1.172323e+00 -6.313280e-01 3.888384e-01 4.575781e-01 7.977043e-02 7.684959e-02 6.628419e-02 -1.325475e-01 -2.912201e-01 -3.757235e-01 -4.948483e-02 -1.470598e-01 9.968102e-02 -3.062817e-02 1.570207e-01
<VARIANCE> 25
 2.746387e+01 3.320297e+01 2.503806e+01 3.177566e+01 2.956861e+01 3.212639e+01 3.441089e+01 3.678413e+01 3.283409e+01 3.426771e+01 2.849688e+01 2.482524e+01 2.396185e+00 3.536495e+00 2.458727e+00 3.527603e+00 2.747534e+00 3.441184e+00 3.427761e+00 3.292590e+00 3.291356e+00 3.452996e+00 3.046711e+00 2.214747e+00 2.753706e+00
<GCONST> 1.013488e+02
<STATE> 3
<MEAN> 25
 5.156307e+00 4.988151e+00 -1.775175e-01 1.182470e+00 1.474046e+00 9.750592e-01 -3.031271e+00 -4.813615e+00 -2.126285e+00 -5.992075e-02 1.405141e+00 -4.629359e-01 5.633302e-01 -2.325305e+00 -8.880439e-01 -1.902540e+00 -1.057740e+00 -1.238484e+00 -1.616711e+00 2.542914e-01 1.190686e+00 1.450709e+00 1.157040e+00 -5.649422e-01 2.363717e+00
<VARIANCE> 25
 2.180229e+01 4.127806e+01 3.005719e+01 5.249907e+01 3.319266e+01 3.888710e+01 4.083149e+01 3.873158e+01 3.947365e+01 4.902591e+01 4.479681e+01 3.020972e+01 2.643712e+00 5.193697e+00 4.426285e+00 7.357919e+00 4.791138e+00 6.299426e+00 5.909409e+00 5.800787e+00 6.920137e+00 7.689056e+00 5.471737e+00 4.794956e+00 3.127114e+00
<GCONST> 1.108468e+02
<STATE> 4
<MEAN> 25
 5.907464e+00 -3.582658e-01 -1.486202e+00 -1.364264e+00 -9.659771e-01 -2.507902e+00 -5.897910e+00 -2.031803e+00 1.411383e+00 2.098221e+00 1.813234e+00 -2.733020e+00 1.664440e-02 -1.745829e+00 5.206688e-02 -8.229182e-01 -1.102362e+00 -1.006603e+00 -3.598970e-01 1.146620e+00 9.292552e-01 3.611661e-01 -3.407798e-02 -4.130112e-01 1.483494e+00
<VARIANCE> 25
 2.369586e+01 4.631787e+01 4.654249e+01 7.730454e+01 4.562248e+01 6.332640e+01 5.380211e+01 5.195033e+01 6.243261e+01 9.049515e+01 5.090393e+01 4.238810e+01 1.568940e+00 3.753271e+00 4.590662e+00 5.534350e+00 4.825884e+00 5.745352e+00 5.048884e+00 6.458678e+00 6.878882e+00 5.792722e+00 5.810534e+00 5.020342e+00 2.053847e+00
<GCONST> 1.129493e+02
<TRANSP> 5
 0.000000e+00 1.000000e+00 0.000000e+00 0.000000e+00 0.000000e+00
 0.000000e+00 5.665593e-01 4.334407e-01 0.000000e+00 0.000000e+00
 0.000000e+00 0.000000e+00 3.859618e-01 6.140382e-01 0.000000e+00
 0.000000e+00 0.000000e+00 0.000000e+00 3.135968e-01 6.864032e-01
 0.000000e+00 0.000000e+00 0.000000e+00 0.000000e+00 0.000000e+00
<ENDHMM>
~h "c"
<BEGINHMM>
<NUMSTATES> 5
<STATE> 2
<MEAN> 25
 -8.223377e+00 5.087194e+00 -2.657087e-01 8.502899e-01 3.711690e+00 -2.511038e-01 8.678126e-01 -6.886102e-01 3.653481e-01 -3.042041e-01 1.406011e+00 1.209005e+00 -2.008858e+00 2.300011e-01 2.099591e-01 -5.975889e-01 2.442989e-01 -3.118490e-01 4.108960e-01 1.605080e-01 3.152445e-01 1.033703e-02 4.267398e-01 9.070013e-02 6.978737e-01
<VARIANCE> 25
 1.080751e+02 4.632835e+01 4.260627e+01 4.811850e+01 4.669220e+01 5.121115e+01 4.663789e+01 5.415503e+01 4.495638e+01 3.457584e+01 3.580312e+01 2.947933e+01 6.711365e+00 4.852969e+00 3.743077e+00 4.332274e+00 4.965879e+00 5.346246e+00 3.971261e+00 4.792787e+00 3.718445e+00 3.230250e+00 3.039882e+00 2.203370e+00 6.127227e+00
<GCONST> 1.107105e+02
<STATE> 3
<MEAN> 25
 -1.177216e+01 7.850101e-01 5.863472e+00 -3.034974e-01 -1.313739e+00 -8.377131e-01 1.832602e+00 4.035018e-01 2.258483e+00 -2.104601e+00 1.971242e+00 2.663570e+00 2.380976e+00 -1.983477e+00 1.164093e+00 3.570039e-01 -2.230858e+00 -1.252117e+00 -9.308658e-01 1.910632e-01 3.491607e-01 -6.248475e-01 -3.182741e-01 -3.998102e-02 1.879212e+00
<VARIANCE> 25
 6.662486e+01 9.835035e+01 6.975043e+01 5.559409e+01 7.336088e+01 9.508015e+01 5.654260e+01 5.801473e+01 4.332355e+01 4.379763e+01 3.923965e+01 3.247879e+01 1.025589e+01 8.252494e+00 6.883833e+00 6.084098e+00 6.850910e+00 8.187305e+00 6.651739e+00 6.905126e+00 5.922587e+00 5.748071e+00 3.988160e+00 3.587121e+00 3.585170e+00
<GCONST> 1.181343e+02
<STATE> 4
<MEAN> 25
 1.232955e+00 -2.138420e+00 4.902142e+00 7.452134e-01 -5.560889e+00 -5.218851e+00 -2.139141e+00 -2.966440e-02 1.905162e+00 -2.805743e+00 -1.042252e-01 4.651318e-01 2.363106e+00 -3.301175e-01 -9.717857e-01 -3.470760e-01 -3.429882e-01 -6.394997e-01 -7.311969e-01 -6.122687e-02 -1.747336e-01 3.880821e-01 -1.422079e-01 -5.973427e-01 7.192748e-01
<VARIANCE> 25
 6.226350e+01 7.525424e+01 6.781186e+01 4.785847e+01 7.752850e+01 1.087255e+02 7.402145e+01 7.753118e+01 6.968713e+01 5.375502e+01 4.202153e+01 3.634588e+01 7.698180e+00 8.585012e+00 6.946336e+00 4.427117e+00 7.153444e+00 8.541707e+00 6.442190e+00 6.811885e+00 6.382620e+00 5.264605e+00 4.610756e+00 3.775503e+00 3.103059e+00
<GCONST> 1.187533e+02
<TRANSP> 5
 0.000000e+00 1.000000e+00 0.000000e+00 0.000000e+00 0.000000e+00
 0.000000e+00 7.756882e-01 2.243118e-01 0.000000e+00 0.000000e+00
 0.000000e+00 0.000000e+00 5.689552e-01 4.310448e-01 0.000000e+00
 0.000000e+00 0.000000e+00 0.000000e+00 6.122565e-01 3.877436e-01
 0.000000e+00 0.000000e+00 0.000000e+00 0.000000e+00 0.000000e+00
<ENDHMM>
~h "d"
<BEGINHMM>
<NUMSTATES> 5
<STATE> 2
<MEAN> 25
 2.390890e+00 5.047433e+00 2.656016e+00 5.795958e+00 1.532559e+00 1.015266e-01 -1.034163e+00 -1.603841e+00 -1.025065e+00 -2.509575e+00 -1.489949e+00 -9.920098e-02 6.447922e-02 -5.687450e-01 7.368412e-01 1.385535e-01 -6.038955e-01 -7.044125e-01 -3.308396e-01 -1.117989e-01 -1.300727e-01 -2.863868e-01 3.421502e-01 1.993967e-01 8.494931e-01
<VARIANCE> 25
 4.892796e+01 6.033493e+01 4.291770e+01 5.152974e+01 6.357565e+01 6.199891e+01 5.109660e+01 5.127275e+01 5.056271e+01 4.493842e+01 4.615456e+01 3.406586e+01 4.567618e+00 7.705116e+00 4.207006e+00 5.845305e+00 6.303818e+00 7.319316e+00 5.930717e+00 6.003501e+00 5.594548e+00 5.109148e+00 4.802120e+00 3.590086e+00 6.002069e+00
<GCONST> 1.150372e+02
<STATE> 3
<MEAN> 25
 2.605113e+00 -8.854376e-01 6.110191e+00 2.980298e+00 -4.085562e+00 -4.964267e+00 -2.916261e+00 -8.088787e-01 -7.384715e-01 -2.219631e+00 7.376750e-01 1.573303e+00 -7.902817e-02 -2.199545e+00 9.827837e-01 -1.778102e+00 -2.267020e+00 -1.684799e+00 -9.869071e-01 7.842950e-01 2.583480e-01 8.104535e-01 1.313326e+00 1.438592e-01 2.458260e+00
<VARIANCE> 25
 2.245207e+01 4.498727e+01 4.343910e+01 5.474235e+01 6.409776e+01 5.698579e+01 6.246972e+01 5.776601e+01 5.444366e+01 4.620305e+01 4.311135e+01 3.563945e+01 2.726154e+00 4.525791e+00 5.429860e+00 5.488626e+00 5.879861e+00 5.691778e+00 7.173856e+00 8.229980e+00 7.348422e+00 6.439347e+00 5.868608e+00 3.954940e+00 3.068128e+00
<GCONST> 1.138190e+02
<STATE> 4
<MEAN> 25
 4.122684e+00 -3.317820e+00 6.368286e+00 9.744841e-01 -6.861397e+00 -6.129372e+00 -4.804181e+00 -3.055022e-01 5.978902e-02 -1.840101e+00 1.392643e+00 2.345357e-01 3.160263e-02 -3.171987e-01 -1.475607e-01 -7.327260e-01 -4.216143e-01 -6.822482e-02 -3.791448e-02 2.518086e-01 1.509528e-01 3.855338e-01 9.699124e-02 -3.992801e-01 4.824170e-01
<VARIANCE> 25
 2.771724e+01 5.300002e+01 6.146712e+01 8.076338e+01 7.999071e+01 7.228137e+01 8.437108e+01 9.601444e+01 7.848698e+01 8.345077e+01 5.985036e+01 3.858570e+01 1.186039e+00 2.727549e+00 4.315532e+00 4.029894e+00 5.067786e+00 4.417448e+00 4.845449e+00 5.143193e+00 4.839233e+00 4.534735e+00 4.569187e+00 3.306286e+00 2.322673e+00
<GCONST> 1.129440e+02
<TRANSP> 5
 0.000000e+00 1.000000e+00 0.000000e+00 0.000000e+00 0.000000e+00
 0.000000e+00 5.885684e-01 4.114315e-01 0.000000e+00 0.000000e+00
 0.000000e+00 0.000000e+00 3.384149e-01 6.615850e-01 0.000000e+00
 0.000000e+00 0.000000e+00 0.000000e+00 5.672199e-01 4.327801e-01
 0.000000e+00 0.000000e+00 0.000000e+00 0.000000e+00 0.000000e+00
<ENDHMM>
~h "e"
<BEGINHMM>
<NUMSTATES> 5
<STATE> 2
<MEAN> 25
 2.711780e+00 -3.619284e+00 1.394238e+00 -1.871288e-01 -4.523967e+00 -5.512988e+00 3.148526e-01 2.258249e+00 -1.298242e-01 7.218821e-01 6.551192e-01 -4.554464e-01 8.119221e-01 -9.828772e-01 7.109441e-01 -5.098139e-01 -1.354971e+00 -8.137212e-01 3.174765e-01 7.832680e-01 -4.455730e-01 -9.810504e-03 1.944080e-01 -3.183003e-01 1.334863e+00
<VARIANCE> 25
 4.220112e+01 5.106461e+01 5.799951e+01 4.665527e+01 7.184040e+01 6.934908e+01 6.472542e+01 7.189984e+01 6.145504e+01 5.261476e+01 4.815173e+01 3.409701e+01 3.700136e+00 4.381446e+00 4.628852e+00 4.828595e+00 5.622983e+00 6.182512e+00 5.391869e+00 6.578892e+00 5.726218e+00 5.000845e+00 4.601903e+00 3.352132e+00 4.244228e+00
<GCONST> 1.145158e+02
<STATE> 3
<MEAN> 25
 4.025736e+00 -5.574238e+00 2.810053e+00 -1.478807e+00 -6.719767e+00 -6.840474e+00 1.734291e-01 3.456965e+00 -6.528665e-01 6.008812e-01 1.230329e+00 -1.242159e+00 9.794495e-02 1.517971e-01 2.313072e-01 1.509897e-01 -1.616714e-01 2.807553e-01 3.702550e-01 -3.424963e-02 -2.780171e-01 3.237804e-02 -1.730183e-02 -7.322725e-02 -1.653168e-01
<VARIANCE> 25
 2.803167e+01 5.014540e+01 6.242798e+01 4.848875e+01 6.918845e+01 6.360218e+01 6.315258e+01 8.149431e+01 6.279843e+01 5.641648e+01 5.144892e+01 3.370138e+01 1.113653e+00 2.287109e+00 2.368374e+00 2.709266e+00 2.992509e+00 2.974038e+00 3.377632e+00 3.407102e+00 3.397572e+00 3.046533e+00 2.842606e+00 2.247879e+00 1.726578e+00
<GCONST> 1.059377e+02
<STATE> 4
<MEAN> 25
 2.682043e+00 -3.401074e+00 4.349223e+00 -7.060164e-02 -6.713289e+00 -5.774139e+00 2.365160e+00 3.068435e+00 -2.035937e+00 9.391191e-01 1.774163e+00 -6.083593e-01 -1.900049e-01 5.393566e-01 -1.756829e-01 3.586044e-01 6.013474e-01 5.017101e-01 7.936149e-02 -3.076675e-01 3.079724e-02 -1.044140e-01 -1.715246e-01 1.103592e-01 -6.193431e-01
<VARIANCE> 25
 2.702619e+01 4.185211e+01 5.669429e+01 4.685957e+01 6.068003e+01 5.565125e+01 5.857976e+01 6.195090e+01 5.680292e+01 4.433306e+01 4.222469e+01 2.931339e+01 5.696123e-01 1.188741e+00 1.324844e+00 1.479504e+00 2.063873e+00 1.941552e+00 2.189389e+00 2.101132e+00 2.104824e+00 1.888039e+00 1.818920e+00 1.487182e+00 7.044875e-01
<GCONST> 9.735841e+01
<TRANSP> 5
 0.000000e+00 1.000000e+00 0.000000e+00 0.000000e+00 0.000000e+00
 0.000000e+00 4.777161e-01 5.222839e-01 0.000000e+00 0.000000e+00
 0.000000e+00 0.000000e+00 3.661858e-01 6.338142e-01 0.000000e+00
 0.000000e+00 0.000000e+00 0.000000e+00 7.751882e-01 2.248118e-01
 0.000000e+00 0.000000e+00 0.000000e+00 0.000000e+00 0.000000e+00
<ENDHMM>
~h "f"
<BEGINHMM>
<NUMSTATES> 5
<STATE> 2
<MEAN> 25
 -3.964298e-01 5.584018e-01 -1.531847e+00 2.798900e+00 2.930422e+00 6.306809e-01 1.751668e+00 -5.922273e-01 1.005532e+00 -3.278855e-01 2.378771e-01 1.074055e-01 -1.912888e+00 4.471104e-01 -1.806002e-01 5.096253e-01 1.009917e+00 -1.510619e-01 6.105698e-01 8.277653e-02 3.722145e-01 -2.795740e-01 -1.749431e-01 6.014071e-01 -7.824403e-01
<VARIANCE> 25
 3.541545e+01 2.652142e+01 3.406871e+01 3.326725e+01 3.687919e+01 5.341601e+01 4.183818e+01 5.547332e+01 3.759941e+01 4.255701e+01 3.131082e+01 3.180491e+01 2.532566e+00 3.102700e+00 2.456593e+00 2.383467e+00 3.713248e+00 3.707481e+00 3.629008e+00 3.757534e+00 3.614735e+00 3.043780e+00 3.038050e+00 2.297385e+00 1.341666e+00
<GCONST> 1.031407e+02
<STATE> 3
<MEAN> 25
 -4.849162e+00 1.111751e+00 -1.688626e+00 3.185501e+00 3.486866e+00 -1.398873e+00 2.522340e+00 -1.022265e+00 2.007005e+00 -6.283101e-01 -4.177723e-01 1.779476e+00 -1.230393e+00 -7.045615e-02 3.264077e-02 2.142411e-01 1.959057e-01 -2.003328e-01 3.178698e-01 1.751375e-01 2.803513e-01 -1.024252e-01 -1.553421e-01 3.296692e-01 -2.851077e-01
<VARIANCE> 25
 3.340669e+01 2.560349e+01 3.339597e+01 3.452682e+01 2.977491e+01 5.075909e+01 3.661771e+01 4.450714e+01 4.368682e+01 3.297149e+01 3.026869e+01 2.526491e+01 1.656605e+00 1.487352e+00 1.406626e+00 1.749979e+00 2.182282e+00 2.384838e+00 2.079842e+00 2.696630e+00 2.625388e+00 2.291905e+00 1.788013e+00 1.919198e+00 7.215790e-01
<GCONST> 9.625540e+01
<STATE> 4
<MEAN> 25
 -5.234922e+00 6.850076e-01 -1.162359e-01 2.676268e+00 3.431667e+00 5.887739e-01 2.879483e+00 5.435868e-01 9.263963e-02 -8.008658e-01 -8.866942e-02 1.848103e+00 7.126550e-02 -1.253918e-01 1.947640e-01 4.836969e-03 -1.772026e-01 -1.673058e-01 -1.540080e-01 -1.456008e-02 -4.710697e-02 2.958476e-02 4.230952e-02 1.038069e-03 -1.832782e-02
<VARIANCE> 25
 2.782446e+01 1.827058e+01 2.014858e+01 2.050675e+01 2.036117e+01 3.337951e+01 2.497647e+01 3.067202e+01 3.307153e+01 2.308354e+01 2.168023e+01 2.155342e+01 1.190214e+00 8.480368e-01 1.297922e+00 1.377104e+00 1.626950e+00 2.194783e+00 1.917028e+00 2.087787e+00 2.319097e+00 1.986636e+00 1.741479e+00 1.636303e+00 4.032390e-01
<GCONST> 8.906590e+01
<TRANSP> 5
 0.000000e+00 1.000000e+00 0.000000e+00 0.000000e+00 0.000000e+00
 0.000000e+00 4.863512e-01 5.136487e-01 0.000000e+00 0.000000e+00
 0.000000e+00 0.000000e+00 4.087691e-01 5.912309e-01 0.000000e+00
 0.000000e+00 0.000000e+00 0.000000e+00 7.831581e-01 2.168419e-01
 0.000000e+00 0.000000e+00 0.000000e+00 0.000000e+00 0.000000e+00
<ENDHMM>
~h "g"
<BEGINHMM>
<NUMSTATES> 5
<STATE> 2
<MEAN> 25
 2.260077e+00 4.185908e+00 3.248076e+00 3.918681e+00 1.043823e+00 -3.512959e-01 -1.732914e+00 -2.374590e+00 -1.931693e+00 -1.025840e+00 -7.494918e-01 -1.269495e+00 1.777581e-01 -3.086744e-01 2.159897e-01 1.639729e-01 6.235217e-02 -9.419336e-01 -6.592303e-01 1.439448e-01 7.386235e-02 3.642044e-02 1.556938e-01 -1.226692e-01 7.290239e-01
<VARIANCE> 25
 4.196956e+01 6.274908e+01 5.094029e+01 5.505672e+01 7.560686e+01 7.086108e+01 5.677333e+01 5.992038e+01 5.458104e+01 4.923431e+01 3.852590e+01 3.281498e+01 4.956152e+00 7.200482e+00 4.846043e+00 5.421901e+00 8.056788e+00 7.915808e+00 6.377958e+00 5.886659e+00 5.477324e+00 5.593332e+00 4.254096e+00 3.583570e+00 5.576653e+00
<GCONST> 1.160082e+02
<STATE> 3
<MEAN> 25
 3.602854e+00 1.036097e+00 3.008479e+00 2.022883e+00 -6.973523e-01 -6.054238e+00 -5.286064e+00 -3.368005e-01 -1.222537e+00 3.951137e-01 8.058861e-01 -1.777855e+00 2.257117e-01 -1.266189e+00 1.804275e-01 -1.362533e+00 -1.220261e+00 -1.274839e+00 -6.486498e-01 1.036604e+00 7.378066e-01 5.239052e-01 5.150669e-01 -2.306077e-01 1.702864e+00
<VARIANCE> 25
 2.655130e+01 5.033192e+01 4.693553e+01 5.241805e+01 6.964835e+01 6.854065e+01 6.930013e+01 6.179728e+01 5.318575e+01 6.185558e+01 5.390606e+01 3.896083e+01 2.266962e+00 4.571502e+00 5.193210e+00 5.379327e+00 7.713419e+00 6.119923e+00 6.312852e+00 6.662045e+00 6.704716e+00 6.103387e+00 5.267828e+00 4.161880e+00 2.740191e+00
<GCONST> 1.146032e+02
<STATE> 4
<MEAN> 25
 5.385588e+00 -1.074667e+00 3.225029e+00 -3.222374e-01 -4.993105e+00 -7.051440e+00 -5.092635e+00 1.620387e+00 1.092709e+00 -1.700533e+00 2.462602e-01 -1.916359e+00 7.007685e-03 -4.955115e-01 -2.005165e-01 -7.879549e-01 -3.758198e-01 2.999364e-01 3.476257e-01 3.202330e-01 3.359749e-01 1.751955e-01 -1.182611e-01 -1.305005e-01 5.069587e-01
<VARIANCE> 25
 3.598096e+01 6.624529e+01 5.581575e+01 7.064592e+01 7.621275e+01 7.749899e+01 7.586389e+01 8.844160e+01 7.779083e+01 1.080332e+02 6.372844e+01 4.550417e+01 1.092126e+00 2.758605e+00 3.756867e+00 3.290559e+00 3.933048e+00 3.912426e+00 3.803319e+00 4.376693e+00 4.544351e+00 3.922090e+00 3.782651e+00 2.829352e+00 1.708968e+00
<GCONST> 1.114571e+02
<TRANSP> 5
 0.000000e+00 1.000000e+00 0.000000e+00 0.000000e+00 0.000000e+00
 0.000000e+00 6.093361e-01 3.906639e-01 0.000000e+00 0.000000e+00
 0.000000e+00 0.000000e+00 4.156199e-01 5.843801e-01 0.000000e+00
 0.000000e+00 0.000000e+00 0.000000e+00 5.902776e-01 4.097224e-01
 0.000000e+00 0.000000e+00 0.000000e+00 0.000000e+00 0.000000e+00
<ENDHMM>
~h "h"
<BEGINHMM>
<NUMSTATES> 5
<STATE> 2
<MEAN> 25
 6.113702e-01 -1.983184e+00 1.374006e+00 4.854838e-01 -2.232892e-01 1.112605e+00 2.447873e+00 3.184327e-01 5.808891e-01 -5.232363e-01 -6.328553e-01 3.397580e-01 -6.585652e-01 2.072597e-01 -2.106758e-01 4.074775e-01 6.695850e-01 4.315601e-01 4.204569e-01 1.854501e-01 8.424407e-02 -4.136112e-02 5.772931e-02 2.690217e-01 -8.579825e-01
<VARIANCE> 25
 3.729970e+01 5.041629e+01 6.171083e+01 5.438383e+01 7.099996e+01 6.586707e+01 6.706915e+01 5.894099e+01 5.151307e+01 4.855683e+01 4.327387e+01 3.387364e+01 1.552567e+00 2.453317e+00 2.825211e+00 2.862872e+00 3.384383e+00 3.213895e+00 3.512196e+00 3.388509e+00 3.346386e+00 2.960431e+00 2.905138e+00 2.356824e+00 1.470796e+00
<GCONST> 1.063459e+02
<STATE> 3
<MEAN> 25
 -8.167028e-01 -2.499461e+00 -1.695823e-01 1.287110e+00 1.430139e+00 1.579668e+00 3.333875e+00 7.733530e-01 -5.409386e-02 -7.106221e-01 -8.198857e-01 9.429927e-01 -4.284297e-01 2.684512e-01 -2.044076e-01 2.409988e-01 3.609953e-01 1.181589e-01 -1.382094e-03 3.693037e-02 1.803440e-02 6.271574e-02 2.752476e-02 1.614737e-01 -7.101814e-01
<VARIANCE> 25
 3.801627e+01 5.572093e+01 5.634743e+01 4.884946e+01 6.242023e+01 5.275332e+01 5.721399e+01 5.341149e+01 4.756159e+01 4.439919e+01 4.368001e+01 3.090171e+01 7.100455e-01 1.262739e+00 1.615180e+00 1.689030e+00 2.114894e+00 2.203770e+00 2.366406e+00 2.355223e+00 2.325123e+00 2.155522e+00 1.936843e+00 1.720212e+00 5.257766e-01
<GCONST> 9.883696e+01
<STATE> 4
<MEAN> 25
 -3.651289e+00 6.861500e-01 -7.317616e-01 2.261493e+00 3.340813e+00 2.204587e+00 1.817485e+00 3.817307e-01 -4.076049e-01 -3.467407e-01 -5.481576e-01 1.476704e+00 -1.108321e-01 9.357424e-02 -1.621754e-02 5.765033e-02 5.676130e-02 1.406758e-02 -2.761122e-02 -1.516547e-02 1.206372e-03 1.014373e-02 2.422263e-02 2.387640e-02 -1.760187e-01
<VARIANCE> 25
 3.277209e+01 2.854240e+01 2.657717e+01 2.932130e+01 3.054141e+01 2.792927e+01 3.004796e+01 2.868870e+01 2.763328e+01 2.970242e+01 2.505866e+01 2.308052e+01 2.583376e-01 4.993823e-01 7.534919e-01 8.884207e-01 1.203328e+00 1.304642e+00 1.420062e+00 1.583274e+00 1.601322e+00 1.605577e+00 1.477915e+00 1.325534e+00 1.779444e-01
<GCONST> 8.472726e+01
<TRANSP> 5
 0.000000e+00 1.000000e+00 0.000000e+00 0.000000e+00 0.000000e+00
 0.000000e+00 4.515428e-01 5.484572e-01 0.000000e+00 0.000000e+00
 0.000000e+00 0.000000e+00 4.691211e-01 5.308789e-01 0.000000e+00
 0.000000e+00 0.000000e+00 0.000000e+00 8.470834e-01 1.529166e-01
 0.000000e+00 0.000000e+00 0.000000e+00 0.000000e+00 0.000000e+00
<ENDHMM>
~h "i"
<BEGINHMM>
<NUMSTATES> 5
<STATE> 2
<MEAN> 25
 4.346339e-01 1.116704e+00 1.003664e+01 5.067377e-01 -6.806129e+00 -4.564290e+00 -1.727816e+00 -3.388352e+00 -4.389220e+00 -1.945903e-01 2.034512e+00 -2.949118e-01 2.899553e-01 -3.128048e-01 2.497257e+00 -1.139584e+00 -2.128123e+00 -4.612226e-01 -7.353131e-01 -3.653251e-01 -1.304038e+00 3.492269e-01 6.228323e-01 -3.597532e-01 1.196962e+00
<VARIANCE> 25
 3.195498e+01 4.448790e+01 6.409818e+01 7.192941e+01 7.599306e+01 7.279848e+01 5.712462e+01 5.959284e+01 6.089888e+01 5.254039e+01 4.921654e+01 3.803593e+01 3.818458e+00 3.331079e+00 5.546402e+00 6.802401e+00 6.351936e+00 6.533542e+00 6.307300e+00 5.785040e+00 6.092218e+00 5.807215e+00 5.944807e+00 3.932931e+00 2.337950e+00
<GCONST> 1.150628e+02
<STATE> 3
<MEAN> 25
 5.466800e-01 7.417575e-01 1.553213e+01 -1.975275e+00 -1.217703e+01 -5.376112e+00 -3.101000e+00 -3.585782e+00 -7.997695e+00 3.372354e-01 4.321377e+00 -1.860783e+00 9.886143e-02 1.846318e-01 -8.648456e-02 -1.406018e-02 9.116032e-02 1.851607e-01 -5.378765e-02 3.896886e-02 9.513369e-02 9.962904e-02 -1.207102e-01 2.507265e-02 -2.062422e-01
<VARIANCE> 25
 1.890370e+01 3.045725e+01 5.091267e+01 7.304877e+01 5.913734e+01 6.758195e+01 5.096970e+01 5.560243e+01 5.838581e+01 6.370587e+01 6.692506e+01 4.503085e+01 9.153303e-01 1.711964e+00 2.743905e+00 2.866280e+00 3.285002e+00 3.196447e+00 3.028565e+00 3.185796e+00 3.178079e+00 2.851264e+00 2.784267e+00 2.181566e+00 1.203086e+00
<GCONST> 1.043215e+02
<STATE> 4
<MEAN> 25
 2.509339e-01 3.460832e+00 1.078963e+01 -4.541082e-01 -5.653892e+00 -2.147969e+00 -3.146202e+00 -4.354076e+00 -4.200506e+00 1.218081e-01 6.591517e-01 3.242967e-01 -6.562568e-02 2.785444e-01 -1.055793e+00 5.582438e-01 9.365702e-01 3.664333e-01 3.394618e-01 1.909910e-01 4.585037e-01 -1.540464e-01 -2.323764e-01 2.148309e-01 -7.539452e-01
<VARIANCE> 25
 2.001631e+01 4.205320e+01 4.910073e+01 1.003400e+02 5.732993e+01 6.587856e+01 5.712693e+01 5.173698e+01 5.579171e+01 4.773225e+01 4.847374e+01 3.554179e+01 8.480765e-01 1.434468e+00 2.095535e+00 2.439963e+00 2.791631e+00 2.756045e+00 2.791207e+00 2.709241e+00 2.842645e+00 2.619297e+00 2.475578e+00 1.928854e+00 1.015206e+00
<GCONST> 1.022294e+02
<TRANSP> 5
 0.000000e+00 1.000000e+00 0.000000e+00 0.000000e+00 0.000000e+00
 0.000000e+00 5.625580e-01 4.374420e-01 0.000000e+00 0.000000e+00
 0.000000e+00 0.000000e+00 6.525890e-01 3.474109e-01 0.000000e+00
 0.000000e+00 0.000000e+00 0.000000e+00 7.785875e-01 2.214125e-01
 0.000000e+00 0.000000e+00 0.000000e+00 0.000000e+00 0.000000e+00
<ENDHMM>
~h "j"
<BEGINHMM>
<NUMSTATES> 5
<STATE> 2
<MEAN> 25
 -2.520307e+00 6.394686e+00 3.451869e+00 3.376701e+00 1.017040e+00 -1.145920e+00 1.244322e+00 -1.755807e+00 -9.658790e-01 -2.929401e+00 -3.145081e-01 4.121926e-01 -1.283070e+00 6.411022e-01 9.196268e-01 -4.089391e-01 -1.212697e-01 -4.446327e-01 2.258805e-02 -5.491335e-01 -1.051166e-02 -1.619934e-01 4.066319e-01 1.105640e-01 7.425762e-01
<VARIANCE> 25
 8.155077e+01 6.277198e+01 4.696471e+01 4.750420e+01 5.495955e+01 5.614283e+01 4.579788e+01 4.411597e+01 4.121009e+01 3.833434e+01 3.614110e+01 3.185236e+01 6.450595e+00 5.528696e+00 4.953073e+00 5.206884e+00 6.137204e+00 6.817007e+00 4.676099e+00 4.487483e+00 4.316291e+00 4.376101e+00 3.792790e+00 2.864501e+00 5.456734e+00
<GCONST> 1.128796e+02
<STATE> 3
<MEAN> 25
 -2.581558e+00 3.379438e+00 1.124173e+01 1.003156e+00 -5.381199e+00 -5.399065e+00 -1.757163e+00 -3.718868e+00 -2.798981e+00 -2.330830e+00 2.560705e+00 2.035291e+00 1.661772e+00 -2.173652e+00 1.323339e+00 -5.941066e-01 -2.619884e+00 -1.874967e+00 -1.396737e+00 5.106248e-01 -5.692197e-01 4.465481e-01 9.195384e-01 2.356908e-01 1.672327e+00
<VARIANCE> 25
 4.457250e+01 6.814561e+01 4.920230e+01 5.739380e+01 6.687057e+01 8.556161e+01 5.848181e+01 5.182035e+01 4.661139e+01 4.795387e+01 3.961958e+01 3.761364e+01 5.061715e+00 5.358941e+00 6.059108e+00 6.438960e+00 7.251142e+00 6.192321e+00 6.121732e+00 6.438028e+00 5.755964e+00 5.912822e+00 4.774872e+00 3.215189e+00 2.038146e+00
<GCONST> 1.150124e+02
<STATE> 4
<MEAN> 25
 2.490350e+00 -2.060790e+00 9.521740e+00 -7.990649e-01 -9.178937e+00 -9.148277e+00 -3.845774e+00 1.649384e+00 -1.792729e+00 -6.596254e-01 3.403317e+00 1.713529e+00 6.994253e-01 -8.399299e-01 -1.366693e+00 -2.257564e-01 4.718643e-01 3.360343e-01 -4.769692e-02 9.127334e-01 7.365242e-01 2.321566e-01 -4.754202e-01 -6.255201e-01 1.586874e-01
<VARIANCE> 25
 2.348827e+01 3.865376e+01 4.054260e+01 6.450190e+01 5.277264e+01 4.805962e+01 7.226928e+01 7.372664e+01 5.568096e+01 6.146381e+01 4.631149e+01 3.658580e+01 1.021572e+00 3.203479e+00 2.778865e+00 2.767616e+00 4.254206e+00 3.834742e+00 4.651071e+00 4.383250e+00 3.649796e+00 3.791744e+00 3.567409e+00 2.994669e+00 1.416473e+00
<GCONST> 1.069963e+02
<TRANSP> 5
 0.000000e+00 1.000000e+00 0.000000e+00 0.000000e+00 0.000000e+00
 0.000000e+00 7.387585e-01 2.612415e-01 0.000000e+00 0.000000e+00
 0.000000e+00 0.000000e+00 5.922012e-01 4.077988e-01 0.000000e+00
 0.000000e+00 0.000000e+00 0.000000e+00 6.896246e-01 3.103754e-01
 0.000000e+00 0.000000e+00 0.000000e+00 0.000000e+00 0.000000e+00
<ENDHMM>
~h "k"
<BEGINHMM>
<NUMSTATES> 5
<STATE> 2
<MEAN> 25
 -3.651855e+00 2.501418e+00 -2.394865e+00 3.061541e+00 2.675181e+00 2.966597e+00 1.098071e+00 6.234534e-01 1.232549e+00 9.827623e-01 2.058868e+00 1.573767e+00 -5.597072e-01 -6.059103e-01 -6.389611e-01 -6.714021e-02 5.203353e-01 -2.739432e-01 -8.152075e-03 2.312536e-01 4.158129e-01 2.648078e-01 7.196419e-02 1.672361e-01 2.686787e-01
<VARIANCE> 25
 4.960723e+01 6.760570e+01 5.343611e+01 6.852420e+01 6.896849e+01 7.294974e+01 5.431400e+01 5.170185e+01 5.392146e+01 4.610028e+01 5.102719e+01 3.616542e+01 3.459927e+00 6.119008e+00 4.748154e+00 5.676848e+00 6.451796e+00 6.499516e+00 5.548068e+00 5.078017e+00 5.377158e+00 4.454276e+00 4.251606e+00 3.493512e+00 6.213323e+00
<GCONST> 1.151951e+02
<STATE> 3
<MEAN> 25
 -2.156011e+00 -2.862518e+00 -5.137561e+00 -1.502713e-01 3.843103e+00 -2.806370e-01 1.504336e-01 1.457290e+00 2.639331e+00 1.987116e+00 -1.916406e-01 9.430486e-01 1.030125e+00 -1.005871e+00 -1.794471e-01 -1.345355e+00 -5.326571e-01 -9.407476e-01 -2.664391e-01 1.153898e-02 -4.741812e-02 1.277391e-01 -3.284084e-01 -5.057120e-01 2.134942e+00
<VARIANCE> 25
 3.954282e+01 6.131149e+01 7.127708e+01 6.788715e+01 9.952399e+01 7.574348e+01 7.107036e+01 6.253308e+01 6.226221e+01 5.482730e+01 4.006008e+01 3.626204e+01 5.291668e+00 6.753693e+00 6.748369e+00 7.957509e+00 9.239898e+00 8.065435e+00 7.334476e+00 6.759732e+00 6.955394e+00 6.807683e+00 5.286982e+00 4.784513e+00 6.522299e+00
<GCONST> 1.197063e+02
<STATE> 4
<MEAN> 25
 1.437213e+00 -2.726383e+00 -4.520600e+00 -3.260609e+00 1.627921e+00 -1.332697e+00 -3.922135e-04 4.544146e-01 9.586709e-01 1.396382e+00 -7.987694e-01 -6.625223e-01 1.237844e+00 -3.489631e-02 6.315327e-01 -8.776653e-01 -1.177090e+00 -2.816789e-01 -2.485041e-01 -3.083714e-01 -5.679368e-01 -2.812906e-01 -6.499724e-02 -5.930719e-01 1.123370e+00
<VARIANCE> 25
 3.813567e+01 5.007991e+01 6.398761e+01 6.316083e+01 7.519041e+01 6.671075e+01 5.378078e+01 5.752022e+01 5.742411e+01 4.976419e+01 4.441968e+01 4.057276e+01 3.929116e+00 4.253227e+00 4.920764e+00 6.064152e+00 6.244217e+00 5.572546e+00 5.340280e+00 5.743770e+00 5.623209e+00 4.872329e+00 4.823988e+00 3.873258e+00 3.427546e+00
<GCONST> 1.144729e+02
<TRANSP> 5
 0.000000e+00 1.000000e+00 0.000000e+00 0.000000e+00 0.000000e+00
 0.000000e+00 6.029922e-01 3.970078e-01 0.000000e+00 0.000000e+00
 0.000000e+00 0.000000e+00 4.508905e-01 5.491095e-01 0.000000e+00
 0.000000e+00 0.000000e+00 0.000000e+00 4.178737e-01 5.821263e-01
 0.000000e+00 0.000000e+00 0.000000e+00 0.000000e+00 0.000000e+00
<ENDHMM>
~h "l"
<BEGINHMM>
<NUMSTATES> 5
<STATE> 2
<MEAN> 25
 5.753735e+00 -2.781409e+00 -2.083046e+00 -3.348201e+00 -1.393220e+00 -1.568645e+00 -5.193614e+00 -3.519751e+00 3.251845e+00 3.444240e+00 -3.745852e-01 -2.635443e+00 3.123270e-01 -2.806942e-01 -1.406624e-01 -2.429232e-01 -8.099507e-02 -4.634066e-02 -7.232240e-01 -2.034460e-01 6.004070e-01 6.163366e-01 -1.533165e-01 -2.987711e-01 1.946119e-01
<VARIANCE> 25
 2.655621e+01 3.756735e+01 4.500293e+01 6.283408e+01 5.484798e+01 7.952824e+01 6.648031e+01 7.975394e+01 6.197958e+01 6.607843e+01 5.349347e+01 4.327390e+01 1.050354e+00 2.228423e+00 2.599668e+00 3.514898e+00 3.507788e+00 4.818764e+00 4.440780e+00 5.187215e+00 4.392008e+00 4.162839e+00 4.099097e+00 3.218450e+00 1.256211e+00
<GCONST> 1.085619e+02
<STATE> 3
<MEAN> 25
 5.940248e+00 -3.633621e+00 -2.752064e+00 -5.184007e+00 -1.302537e+00 -5.761986e-01 -6.475500e+00 -3.270357e+00 5.283538e+00 5.124216e+00 -8.696747e-01 -3.609916e+00 -3.032612e-02 -6.731655e-02 3.324127e-02 1.717845e-02 7.408565e-03 -6.180572e-02 5.989610e-02 3.397438e-01 -3.137343e-03 -2.858662e-01 -1.854033e-01 4.395366e-02 6.755401e-03
<VARIANCE> 25
 2.203657e+01 3.160908e+01 3.811505e+01 5.987185e+01 4.688291e+01 7.392372e+01 6.029280e+01 6.519518e+01 6.063902e+01 5.672586e+01 5.322429e+01 4.102287e+01 3.322611e-01 1.254212e+00 1.566285e+00 2.071889e+00 2.071177e+00 3.047844e+00 2.864720e+00 3.494359e+00 2.689816e+00 2.737888e+00 2.877557e+00 2.001509e+00 4.882025e-01
<GCONST> 9.996348e+01
<STATE> 4
<MEAN> 25
 7.292937e+00 -3.229466e+00 -2.661999e+00 -2.728313e+00 -3.534090e+00 -3.863967e+00 -4.372766e+00 -1.104878e+00 2.985201e+00 -7.317815e-01 -1.162067e+00 -1.803111e+00 -1.837399e-01 1.536981e-01 1.808414e-01 9.011109e-02 2.142486e-02 4.022867e-02 3.530039e-01 2.148497e-01 -4.202530e-01 -2.770588e-01 7.956766e-02 1.524322e-01 -1.873269e-01
<VARIANCE> 25
 2.605056e+01 4.044150e+01 4.877216e+01 6.281346e+01 8.126906e+01 8.853335e+01 6.136330e+01 8.337625e+01 6.120091e+01 9.676860e+01 6.120887e+01 4.138453e+01 3.628126e-01 1.150905e+00 1.405953e+00 1.774716e+00 2.281818e+00 2.529065e+00 2.352800e+00 2.650124e+00 2.581453e+00 2.641074e+00 2.442472e+00 1.710507e+00 5.812767e-01
<GCONST> 1.013100e+02
<TRANSP> 5
 0.000000e+00 1.000000e+00 0.000000e+00 0.000000e+00 0.000000e+00
 0.000000e+00 4.315578e-01 5.684422e-01 0.000000e+00 0.000000e+00
 0.000000e+00 0.000000e+00 4.380755e-01 5.619245e-01 0.000000e+00
 0.000000e+00 0.000000e+00 0.000000e+00 6.722462e-01 3.277539e-01
 0.000000e+00 0.000000e+00 0.000000e+00 0.000000e+00 0.000000e+00
<ENDHMM>
~h "m"
<BEGINHMM>
<NUMSTATES> 5
<STATE> 2
<MEAN> 25
 5.264988e+00 1.174750e+00 -4.967697e-01 9.333766e-01 4.014452e-01 2.714311e+00 -9.623182e-01 -5.265840e+00 -4.485716e+00 7.285681e-02 3.208519e-01 -1.486860e+00 -3.001317e-04 7.078884e-01 7.425439e-01 1.122953e+00 2.542409e-01 5.072567e-01 2.790700e-01 -1.335497e+00 -1.324790e+00 -4.524992e-01 -4.283153e-01 3.235256e-02 -5.767928e-01
<VARIANCE> 25
 2.054685e+01 3.208121e+01 3.558002e+01 4.026480e+01 3.512398e+01 4.110089e+01 3.894145e+01 4.024999e+01 4.847136e+01 3.245393e+01 3.482176e+01 2.732943e+01 1.389992e+00 2.055897e+00 3.002489e+00 3.567524e+00 2.743257e+00 2.927561e+00 2.886028e+00 3.438733e+00 4.016462e+00 2.644076e+00 3.137247e+00 2.305835e+00 1.667910e+00
<GCONST> 1.012090e+02
<STATE> 3
<MEAN> 25
 5.311430e+00 1.289511e+00 2.932801e-01 1.566887e+00 3.837395e-01 3.864948e+00 -2.947275e-01 -6.992358e+00 -6.521408e+00 -8.072179e-01 -2.411896e-01 -1.649601e+00 1.244624e-01 -3.092390e-01 -5.859452e-01 -5.717546e-01 1.459939e-01 2.112021e-01 -5.788600e-02 4.584069e-01 5.509344e-01 -2.335102e-02 -9.327928e-02 -3.462842e-01 3.175052e-01
<VARIANCE> 25
 1.890281e+01 3.078444e+01 3.716908e+01 3.940178e+01 3.605473e+01 4.544133e+01 3.787288e+01 4.382768e+01 5.967137e+01 3.364151e+01 3.732121e+01 2.799465e+01 7.738015e-01 1.823580e+00 3.010951e+00 3.541086e+00 2.302396e+00 2.468941e+00 2.437184e+00 3.231666e+00 4.201619e+00 2.241487e+00 2.605030e+00 2.116593e+00 1.242256e+00
<GCONST> 9.965411e+01
<STATE> 4
<MEAN> 25
 4.856291e+00 1.991103e+00 -9.173459e-01 6.689002e-01 9.754323e-01 2.434984e+00 -6.178852e-01 -3.717156e+00 -3.401125e+00 -1.166199e+00 -1.411669e+00 -2.110614e+00 -3.598403e-02 -1.686146e-01 -2.957684e-01 -4.051296e-01 -7.490508e-02 -2.199251e-01 -7.287177e-02 6.352503e-01 5.678183e-01 1.260419e-01 8.101086e-02 -4.807356e-02 1.208816e-01
<VARIANCE> 25
 2.142316e+01 3.347923e+01 3.708384e+01 4.040636e+01 4.210285e+01 4.241779e+01 3.583305e+01 3.877578e+01 4.429233e+01 3.516325e+01 3.487038e+01 2.895090e+01 4.556972e-01 1.151202e+00 1.498310e+00 1.953986e+00 1.865223e+00 1.850705e+00 1.760330e+00 2.305943e+00 2.489063e+00 1.983498e+00 2.130194e+00 1.716592e+00 6.011243e-01
<GCONST> 9.428028e+01
<TRANSP> 5
 0.000000e+00 1.000000e+00 0.000000e+00 0.000000e+00 0.000000e+00
 0.000000e+00 5.010204e-01 4.989796e-01 0.000000e+00 0.000000e+00
 0.000000e+00 0.000000e+00 4.472980e-01 5.527020e-01 0.000000e+00
 0.000000e+00 0.000000e+00 0.000000e+00 6.850600e-01 3.149400e-01
 0.000000e+00 0.000000e+00 0.000000e+00 0.000000e+00 0.000000e+00
<ENDHMM>
~h "n"
<BEGINHMM>
<NUMSTATES> 5
<STATE> 2
<MEAN> 25
 5.002757e+00 -2.150987e+00 1.706328e+00 2.051638e+00 -2.628041e+00 -2.989614e+00 -2.080518e+00 -8.277791e-01 -9.030274e-01 -9.323269e-01 -2.896341e+00 -1.625888e+00 1.678000e-01 1.750898e+00 4.533398e-01 1.356855e+00 9.120601e-02 4.245212e-01 -1.907396e-01 -1.719880e+00 -4.328166e-01 9.334996e-02 -4.139648e-01 1.180193e-01 -1.422295e+00
<VARIANCE> 25
 1.572264e+01 3.766254e+01 3.159368e+01 3.343219e+01 3.986983e+01 4.197415e+01 4.338483e+01 6.318566e+01 4.994137e+01 5.101622e+01 4.309328e+01 3.427904e+01 8.353595e-01 1.888353e+00 2.583596e+00 2.495434e+00 3.262505e+00 3.641010e+00 3.363274e+00 4.732681e+00 3.812001e+00 3.741305e+00 3.452122e+00 2.821994e+00 9.867694e-01
<GCONST> 1.022552e+02
<STATE> 3
<MEAN> 25
 5.184042e+00 2.233627e+00 2.732871e+00 4.200471e+00 -2.646599e+00 -1.493059e+00 -1.979958e+00 -4.719771e+00 -1.929632e+00 -6.324603e-01 -3.854784e+00 -1.572975e+00 -1.256135e-01 8.920934e-01 7.434023e-02 3.438597e-01 3.454441e-01 3.121950e-01 1.213649e-01 -3.009901e-01 -2.216387e-01 -1.401234e-01 -4.025576e-02 6.047837e-02 -6.779708e-01
<VARIANCE> 25
 1.423569e+01 3.312211e+01 2.557573e+01 2.825211e+01 3.506553e+01 3.799623e+01 3.654696e+01 4.497038e+01 4.148860e+01 4.813421e+01 4.021974e+01 2.982924e+01 4.211335e-01 1.085268e+00 1.313559e+00 1.333773e+00 1.799353e+00 1.945255e+00 2.045079e+00 2.376309e+00 2.245681e+00 2.182703e+00 1.959395e+00 1.672060e+00 4.843617e-01
<GCONST> 9.263718e+01
<STATE> 4
<MEAN> 25
 1.802257e+00 4.228371e+00 2.408901e+00 4.772505e+00 1.015857e+00 1.670587e-01 -5.072895e-01 -2.671917e+00 -1.941269e+00 -1.654651e+00 -2.211830e+00 -3.129435e-01 -4.310306e-01 -3.297072e-02 -9.289744e-02 -6.901154e-02 3.024300e-01 1.776361e-01 1.845869e-01 3.451259e-01 1.197304e-01 1.151382e-02 2.400585e-01 1.260914e-01 -2.512625e-01
<VARIANCE> 25
 2.237588e+01 2.788883e+01 2.567829e+01 2.780025e+01 3.776930e+01 3.188647e+01 3.197671e+01 3.719271e+01 3.648643e+01 3.745255e+01 3.318978e+01 2.591574e+01 6.393352e-01 1.163090e+00 1.204395e+00 1.319062e+00 1.768187e+00 1.898753e+00 1.953954e+00 2.372435e+00 2.122588e+00 2.152884e+00 1.968393e+00 1.666589e+00 5.667012e-01
<GCONST> 9.215682e+01
<TRANSP> 5
 0.000000e+00 1.000000e+00 0.000000e+00 0.000000e+00 0.000000e+00
 0.000000e+00 5.298391e-01 4.701609e-01 0.000000e+00 0.000000e+00
 0.000000e+00 0.000000e+00 5.681555e-01 4.318446e-01 0.000000e+00
 0.000000e+00 0.000000e+00 0.000000e+00 7.034378e-01 2.965622e-01
 0.000000e+00 0.000000e+00 0.000000e+00 0.000000e+00 0.000000e+00
<ENDHMM>
~h "o"
<BEGINHMM>
<NUMSTATES> 5
<STATE> 2
<MEAN> 25
 4.278303e+00 5.091663e-01 -4.943097e+00 -6.369018e+00 -7.219659e-01 2.095569e+00 -1.216476e+00 -6.503479e-01 1.108497e+00 1.688606e+00 1.248917e+00 -1.064844e+00 1.409501e+00 -3.176687e-01 -9.251562e-01 -1.970389e+00 -4.854904e-01 8.177024e-01 -9.241515e-02 -1.888864e-01 -1.316610e-01 3.541347e-01 5.798321e-01 -4.155411e-01 1.314883e+00
<VARIANCE> 25
 4.956985e+01 3.978989e+01 3.736056e+01 7.862405e+01 6.217359e+01 7.669449e+01 5.870823e+01 5.380657e+01 5.234161e+01 5.176370e+01 4.334723e+01 3.812986e+01 4.847666e+00 3.446542e+00 3.470531e+00 6.951378e+00 5.421399e+00 5.838119e+00 4.966359e+00 4.832903e+00 4.705450e+00 4.364209e+00 4.009607e+00 3.373856e+00 4.260363e+00
<GCONST> 1.130700e+02
<STATE> 3
<MEAN> 25
 7.035973e+00 -1.012978e+00 -7.161118e+00 -1.063547e+01 -1.008077e+00 5.344835e+00 -2.071315e+00 -2.300213e+00 6.058763e-01 2.399882e+00 3.270456e+00 -1.665651e+00 -8.204354e-02 2.205427e-01 -1.177152e-01 2.478904e-01 2.700155e-01 3.323714e-01 2.750510e-01 -6.124692e-02 -1.737077e-01 -8.780225e-02 -1.458748e-02 1.626075e-01 -4.429810e-01
<VARIANCE> 25
 2.482446e+01 3.384532e+01 3.412898e+01 6.470181e+01 5.986561e+01 7.951727e+01 5.521414e+01 5.489992e+01 6.158226e+01 5.863333e+01 5.064837e+01 3.927839e+01 9.427921e-01 1.975791e+00 1.605439e+00 3.510954e+00 2.712759e+00 3.421487e+00 3.224150e+00 2.943159e+00 3.583097e+00 3.315530e+00 2.875618e+00 2.599722e+00 1.746268e+00
<GCONST> 1.045261e+02
<STATE> 4
<MEAN> 25
 5.232307e+00 1.191039e+00 -6.433084e+00 -8.868652e+00 -1.893476e-01 5.128231e+00 5.218643e-01 -1.268062e+00 -4.457116e-03 1.367285e+00 1.852961e+00 -1.339561e-01 -3.500216e-01 1.445960e-01 3.269863e-01 7.235906e-01 2.228820e-01 -2.150887e-01 7.989369e-02 2.764536e-02 -4.647040e-03 -1.143045e-01 -2.316252e-01 4.000416e-02 -4.116563e-01
<VARIANCE> 25
 3.377954e+01 2.784674e+01 3.052636e+01 6.288792e+01 4.480172e+01 5.961918e+01 4.335377e+01 4.087308e+01 4.224461e+01 4.500880e+01 3.477064e+01 3.259496e+01 4.830812e-01 8.038836e-01 1.019028e+00 1.764897e+00 1.493219e+00 1.729938e+00 1.740478e+00 1.684068e+00 1.842705e+00 1.848398e+00 1.627989e+00 1.476838e+00 4.364415e-01
<GCONST> 9.324596e+01
<TRANSP> 5
 0.000000e+00 1.000000e+00 0.000000e+00 0.000000e+00 0.000000e+00
 0.000000e+00 5.454681e-01 4.545320e-01 0.000000e+00 0.000000e+00
 0.000000e+00 0.000000e+00 6.190143e-01 3.809857e-01 0.000000e+00
 0.000000e+00 0.000000e+00 0.000000e+00 8.041249e-01 1.958751e-01
 0.000000e+00 0.000000e+00 0.000000e+00 0.000000e+00 0.000000e+00
<ENDHMM>
~h "p"
<BEGINHMM>
<NUMSTATES> 5
<STATE> 2
<MEAN> 25
 -2.309111e+00 3.031772e+00 -2.604460e+00 1.937967e+00 2.331697e+00 2.973895e+00 1.763674e+00 -2.471507e-03 1.569839e+00 3.422543e-01 1.201546e+00 1.190691e+00 -6.659222e-01 -4.177580e-01 -7.668157e-02 -1.680691e-01 -1.682220e-01 -1.472882e-01 1.520449e-01 3.754998e-02 3.746952e-01 1.813952e-01 2.876177e-01 1.658141e-01 1.253492e-01
<VARIANCE> 25
 4.846214e+01 3.139868e+01 3.440849e+01 3.633772e+01 3.387920e+01 4.178320e+01 3.426604e+01 3.479039e+01 3.882397e+01 3.196845e+01 3.069601e+01 2.589795e+01 4.453566e+00 3.846049e+00 2.785811e+00 3.563895e+00 3.319064e+00 4.353111e+00 3.421253e+00 3.328140e+00 3.546805e+00 3.094040e+00 2.923800e+00 2.512215e+00 5.899092e+00
<GCONST> 1.049500e+02
<STATE> 3
<MEAN> 25
 -2.220099e-01 -2.835733e-02 -3.391777e+00 2.157873e-02 1.077375e+00 1.630550e+00 9.173140e-01 -8.428563e-01 1.798163e+00 1.187580e+00 1.195810e+00 6.259887e-01 2.076558e+00 -1.906352e+00 -6.301245e-01 -1.663755e+00 -1.058384e+00 -8.814682e-01 -8.443229e-01 -2.534861e-01 1.752122e-01 2.982781e-01 7.552978e-02 -1.001368e+00 3.201483e+00
<VARIANCE> 25
 3.665483e+01 4.149056e+01 3.534849e+01 5.012683e+01 3.817109e+01 4.862341e+01 3.582143e+01 3.789753e+01 3.849000e+01 3.270828e+01 3.143958e+01 2.749548e+01 6.077832e+00 6.691666e+00 6.094828e+00 7.767960e+00 6.135620e+00 8.469597e+00 5.840067e+00 5.735265e+00 6.161964e+00 6.111240e+00 5.811715e+00 4.833686e+00 5.411878e+00
<GCONST> 1.130710e+02
<STATE> 4
<MEAN> 25
 4.912961e+00 -3.446529e+00 -5.520316e+00 -3.518400e+00 -1.058321e+00 4.848186e-01 -1.134948e+00 -1.317429e+00 1.421810e+00 1.150250e+00 1.028664e+00 -2.024268e+00 1.257861e+00 -1.172563e+00 7.039870e-02 -8.278500e-01 -8.166494e-01 -7.026812e-01 -6.857753e-01 1.455746e-01 -1.129713e-01 -1.039571e-01 -1.273648e-01 -7.631343e-01 1.856306e+00
<VARIANCE> 25
 4.048996e+01 5.362392e+01 6.016147e+01 7.680169e+01 5.493498e+01 7.953988e+01 4.669361e+01 4.771091e+01 5.155333e+01 5.043597e+01 4.220716e+01 4.267778e+01 3.634642e+00 5.077289e+00 6.455330e+00 6.612961e+00 6.580531e+00 7.402268e+00 5.495578e+00 5.714108e+00 6.482258e+00 5.236595e+00 5.464147e+00 4.484635e+00 3.908712e+00
<GCONST> 1.156078e+02
<TRANSP> 5
 0.000000e+00 1.000000e+00 0.000000e+00 0.000000e+00 0.000000e+00
 0.000000e+00 6.084329e-01 3.915671e-01 0.000000e+00 0.000000e+00
 0.000000e+00 0.000000e+00 3.715134e-01 6.284866e-01 0.000000e+00
 0.000000e+00 0.000000e+00 0.000000e+00 3.157235e-01 6.842765e-01
 0.000000e+00 0.000000e+00 0.000000e+00 0.000000e+00 0.000000e+00
<ENDHMM>
~h "r"
<BEGINHMM>
<NUMSTATES> 5
<STATE> 2
<MEAN> 25
 4.893667e+00 -4.961813e+00 -2.544695e+00 7.165426e-01 -3.108240e+00 -3.499621e+00 -2.897355e+00 4.699932e-01 4.543548e+00 9.824624e-01 -4.490696e-01 -1.595135e+00 9.822067e-02 8.744597e-02 1.538116e-01 1.081870e+00 -2.175961e-01 -2.372668e-01 -2.827956e-01 -1.357712e-01 2.355514e-01 -3.130244e-01 5.390377e-02 3.494489e-01 -5.763562e-01
<VARIANCE> 25
 2.554091e+01 3.432560e+01 4.194754e+01 3.897403e+01 4.779611e+01 5.263054e+01 5.221175e+01 5.893709e+01 6.360545e+01 5.271686e+01 4.787182e+01 3.924253e+01 1.761337e+00 2.671643e+00 2.574567e+00 3.675186e+00 4.020037e+00 4.160592e+00 3.913832e+00 4.289017e+00 4.327596e+00 4.184425e+00 3.839884e+00 3.457274e+00 2.050050e+00
<GCONST> 1.072741e+02
<STATE> 3
<MEAN> 25
 4.706947e+00 -3.980070e+00 -1.954017e+00 2.846330e+00 -2.870255e+00 -3.809112e+00 -3.028639e+00 -1.775521e-02 4.001258e+00 3.452375e-01 -2.493306e-01 -4.961080e-01 -2.393823e-01 5.000921e-01 3.919712e-01 4.724499e-01 1.906962e-01 1.354646e-01 1.138106e-01 -1.559601e-01 -4.602271e-01 -3.117566e-01 6.224920e-02 3.208486e-01 -6.153886e-01
<VARIANCE> 25
 2.358127e+01 3.369075e+01 4.037742e+01 3.451414e+01 4.862097e+01 5.049304e+01 4.751430e+01 5.461991e+01 5.503434e+01 4.850015e+01 3.925388e+01 3.204075e+01 1.513387e+00 2.388570e+00 2.488164e+00 2.566065e+00 3.348916e+00 3.607587e+00 3.295089e+00 3.792300e+00 3.732364e+00 3.478763e+00 3.447024e+00 3.037862e+00 1.507195e+00
<GCONST> 1.040368e+02
<STATE> 4
<MEAN> 25
 3.725813e+00 -1.807521e+00 -8.573458e-01 3.286564e+00 -1.735711e+00 -2.872806e+00 -1.964171e+00 -1.895062e-01 2.109427e+00 -7.414262e-01 -4.110670e-01 -2.643218e-02 -3.099580e-01 4.904935e-01 3.295767e-01 -1.257718e-01 2.199893e-01 3.825788e-01 3.083556e-01 -5.950978e-02 -5.943573e-01 -3.699180e-02 8.481520e-02 3.012037e-02 -4.204516e-01
<VARIANCE> 25
 2.565367e+01 4.253833e+01 4.108099e+01 3.471371e+01 4.789398e+01 5.425031e+01 4.256247e+01 5.535239e+01 4.965614e+01 5.154665e+01 3.754614e+01 3.122722e+01 1.120693e+00 1.852555e+00 2.066067e+00 1.827005e+00 2.714683e+00 2.979775e+00 2.611336e+00 3.013755e+00 3.077485e+00 2.710410e+00 2.563768e+00 2.083109e+00 1.059074e+00
<GCONST> 1.008128e+02
<TRANSP> 5
 0.000000e+00 1.000000e+00 0.000000e+00 0.000000e+00 0.000000e+00
 0.000000e+00 3.733688e-01 6.266313e-01 0.000000e+00 0.000000e+00
 0.000000e+00 0.000000e+00 2.395924e-01 7.604075e-01 0.000000e+00
 0.000000e+00 0.000000e+00 0.000000e+00 5.295048e-01 4.704953e-01
 0.000000e+00 0.000000e+00 0.000000e+00 0.000000e+00 0.000000e+00
<ENDHMM>
~h "s"
<BEGINHMM>
<NUMSTATES> 5
<STATE> 2
<MEAN> 25
 -6.848175e+00 5.720901e+00 -3.457702e-01 2.321920e+00 3.619516e+00 -4.510612e+00 3.073021e+00 6.558447e-01 1.194734e+00 -1.709326e+00 4.664048e-01 1.340690e+00 -3.214886e+00 1.786846e+00 -7.502149e-01 3.178509e-01 1.303230e+00 -2.726604e-01 1.158426e+00 2.884936e-01 3.639314e-01 -3.888358e-01 5.903295e-01 4.170263e-01 -2.169859e-03
<VARIANCE> 25
 6.871415e+01 5.371599e+01 5.947429e+01 5.343521e+01 7.120760e+01 7.081098e+01 6.704353e+01 6.057763e+01 4.874095e+01 4.496611e+01 4.574991e+01 3.433082e+01 3.991338e+00 4.048446e+00 4.199155e+00 4.358479e+00 4.541448e+00 4.620223e+00 4.663194e+00 4.786697e+00 4.078654e+00 4.221310e+00 3.753005e+00 2.974041e+00 1.296251e+00
<GCONST> 1.114677e+02
<STATE> 3
<MEAN> 25
 -1.612443e+01 7.879537e+00 -2.888108e+00 1.595213e+00 6.398387e+00 -4.174067e+00 5.157649e+00 2.106289e+00 1.935955e+00 -1.725181e+00 1.631944e+00 2.825141e+00 3.447975e-01 -5.991910e-01 1.843057e-01 -4.352458e-03 -3.292941e-01 1.204296e-01 -1.263539e-01 3.579725e-02 7.575323e-02 1.854645e-02 -6.131073e-02 4.550150e-02 -3.557550e-01
<VARIANCE> 25
 5.267345e+01 4.313410e+01 4.587761e+01 6.050762e+01 4.827813e+01 5.611517e+01 4.838841e+01 5.145298e+01 3.917371e+01 4.030221e+01 3.343090e+01 3.187424e+01 3.536903e+00 1.992678e+00 2.260622e+00 1.922902e+00 2.289199e+00 2.800857e+00 2.595166e+00 2.745918e+00 2.579698e+00 2.362235e+00 2.177477e+00 1.889631e+00 1.083361e+00
<GCONST> 1.022101e+02
<STATE> 4
<MEAN> 25
 -5.597084e+00 -5.357642e-01 3.451255e+00 1.731734e+00 3.633797e-01 1.717640e-01 2.248099e+00 1.272403e-01 2.239626e+00 -1.874238e+00 8.598243e-01 2.373624e+00 2.573545e+00 -9.846981e-01 1.985978e-01 -4.798073e-01 -1.147560e+00 -1.367693e-01 -1.090346e+00 -5.678408e-01 -2.048824e-01 1.639075e-01 -5.177716e-01 -5.182933e-01 6.660897e-01
<VARIANCE> 25
 7.091671e+01 1.145685e+02 1.284628e+02 5.820093e+01 7.566439e+01 1.196450e+02 5.904666e+01 5.611727e+01 4.510674e+01 4.446451e+01 4.283072e+01 3.345992e+01 7.977387e+00 7.434282e+00 8.046291e+00 5.006569e+00 5.660063e+00 6.556487e+00 5.654202e+00 5.402533e+00 5.105819e+00 5.054239e+00 4.111218e+00 3.585034e+00 3.569960e+00
<GCONST> 1.179826e+02
<TRANSP> 5
 0.000000e+00 1.000000e+00 0.000000e+00 0.000000e+00 0.000000e+00
 0.000000e+00 6.982656e-01 3.017344e-01 0.000000e+00 0.000000e+00
 0.000000e+00 0.000000e+00 7.597160e-01 2.402839e-01 0.000000e+00
 0.000000e+00 0.000000e+00 0.000000e+00 6.521182e-01 3.478817e-01
 0.000000e+00 0.000000e+00 0.000000e+00 0.000000e+00 0.000000e+00
<ENDHMM>
~h "t"
<BEGINHMM>
<NUMSTATES> 5
<STATE> 2
<MEAN> 25
 -2.834990e+00 3.399920e+00 -7.890574e-01 3.269867e+00 1.301206e+00 1.006654e+00 1.437573e+00 -1.919262e-01 1.469920e+00 -2.070330e-01 1.249213e+00 1.940804e+00 -1.077913e+00 -3.356666e-01 -4.644777e-01 -3.324692e-01 2.253740e-01 1.177379e-01 3.894758e-01 1.297781e-01 6.406585e-01 -1.191148e-01 3.671604e-01 3.054471e-01 -1.971120e-01
<VARIANCE> 25
 3.901332e+01 2.715356e+01 3.558750e+01 3.431712e+01 3.820365e+01 4.939776e+01 3.620787e+01 3.735729e+01 4.328436e+01 3.195187e+01 3.648695e+01 2.559942e+01 2.977306e+00 3.625786e+00 3.028864e+00 3.650628e+00 3.917786e+00 5.522865e+00 3.793082e+00 3.818736e+00 4.131987e+00 3.223347e+00 3.450683e+00 2.473594e+00 6.516179e+00
<GCONST> 1.059816e+02
<STATE> 3
<MEAN> 25
 -4.436581e+00 -3.807281e-01 -1.706626e+00 4.204632e-01 1.523909e+00 -1.032480e+00 2.111509e+00 2.506890e-01 2.866699e+00 -3.501837e-01 1.235260e+00 2.255152e+00 7.372116e-01 -1.648844e+00 9.034565e-02 -1.618623e+00 -5.914080e-01 -1.502511e+00 -6.946284e-01 1.390604e-02 6.191689e-01 -6.209128e-04 -1.663232e-01 -5.908535e-01 3.186471e+00
<VARIANCE> 25
 3.377982e+01 3.978259e+01 3.609404e+01 4.052924e+01 4.754462e+01 6.683993e+01 4.012413e+01 4.257558e+01 4.081975e+01 3.685866e+01 3.750078e+01 2.895678e+01 5.436147e+00 5.167147e+00 5.316448e+00 5.597569e+00 6.452865e+00 8.307231e+00 6.580684e+00 6.628953e+00 6.578577e+00 5.447958e+00 5.751217e+00 4.543590e+00 6.695474e+00
<GCONST> 1.134814e+02
<STATE> 4
<MEAN> 25
 -5.274614e-01 -2.102727e+00 -1.145717e+00 -2.349838e+00 -2.955725e-01 -3.991053e+00 -1.379924e+00 3.074649e-02 3.325913e+00 -3.707749e-02 -1.238301e-01 -2.002478e-02 1.808455e+00 -5.709863e-01 2.428713e-01 -1.012223e+00 -7.654276e-01 -6.021847e-01 -1.461144e+00 -2.510720e-01 -2.437660e-01 4.255539e-01 -2.275898e-01 -1.018008e+00 1.821635e+00
<VARIANCE> 25
 3.822109e+01 4.090791e+01 4.689836e+01 4.472772e+01 5.354832e+01 6.689414e+01 5.942263e+01 5.481099e+01 5.025872e+01 4.838671e+01 4.213999e+01 3.725500e+01 4.582503e+00 4.868484e+00 5.905148e+00 5.671674e+00 6.167239e+00 7.632147e+00 7.395208e+00 7.122986e+00 7.097875e+00 5.861685e+00 6.128202e+00 4.501807e+00 4.249683e+00
<GCONST> 1.153022e+02
<TRANSP> 5
 0.000000e+00 1.000000e+00 0.000000e+00 0.000000e+00 0.000000e+00
 0.000000e+00 6.078318e-01 3.921682e-01 0.000000e+00 0.000000e+00
 0.000000e+00 0.000000e+00 3.719021e-01 6.280978e-01 0.000000e+00
 0.000000e+00 0.000000e+00 0.000000e+00 2.795551e-01 7.204449e-01
 0.000000e+00 0.000000e+00 0.000000e+00 0.000000e+00 0.000000e+00
<ENDHMM>
~h "u"
<BEGINHMM>
<NUMSTATES> 5
<STATE> 2
<MEAN> 25
 5.588137e+00 2.593839e+00 -1.322629e+00 -3.721605e+00 -1.248642e+00 -1.080998e+00 -7.008876e+00 -4.877706e+00 -2.059022e+00 7.214175e-01 2.195232e+00 -6.448876e-01 1.117442e+00 4.644197e-01 -4.348400e-01 -1.264190e+00 -4.122228e-01 7.655553e-01 -9.162545e-01 -1.061633e+00 -8.718371e-01 4.201456e-01 8.747233e-01 -1.173327e-02 3.722512e-01
<VARIANCE> 25
 2.486371e+01 3.763897e+01 4.044658e+01 6.625539e+01 5.315202e+01 6.096249e+01 6.674508e+01 5.633786e+01 5.724618e+01 5.797528e+01 4.639538e+01 3.698777e+01 2.781709e+00 3.181119e+00 3.530986e+00 5.153386e+00 5.324389e+00 5.675805e+00 5.441917e+00 5.498708e+00 5.716890e+00 5.081073e+00 4.133945e+00 3.394262e+00 2.002980e+00
<GCONST> 1.111463e+02
<STATE> 3
<MEAN> 25
 6.681924e+00 2.758698e+00 -2.430943e+00 -5.906985e+00 -1.787791e+00 1.478988e+00 -8.052678e+00 -7.032356e+00 -3.240024e+00 1.521014e+00 4.001492e+00 -3.117750e-01 3.313675e-02 2.830122e-01 -7.437213e-02 2.931204e-01 6.131735e-02 3.149602e-01 4.099595e-01 -3.880315e-02 -3.966131e-02 -1.099935e-01 -1.706852e-01 1.691403e-01 -4.316146e-01
<VARIANCE> 25
 1.997555e+01 3.374396e+01 4.047827e+01 6.693573e+01 5.178240e+01 5.825640e+01 5.780703e+01 6.104077e+01 6.244064e+01 6.403401e+01 5.424681e+01 3.820803e+01 8.172392e-01 2.246561e+00 2.109556e+00 4.550958e+00 3.454342e+00 3.737165e+00 4.346651e+00 3.895223e+00 4.634422e+00 4.157064e+00 3.687472e+00 3.103213e+00 1.538671e+00
<GCONST> 1.065586e+02
<STATE> 4
<MEAN> 25
 5.282397e+00 5.430934e+00 -1.762278e+00 -3.612939e+00 -1.467485e+00 1.271765e+00 -3.957493e+00 -4.958496e+00 -3.668105e+00 -4.834068e-01 2.255806e+00 1.226882e+00 -5.131688e-01 1.854552e-02 2.094472e-01 7.197793e-01 3.637269e-01 1.985640e-02 5.249274e-01 4.103044e-01 3.181134e-01 -9.797166e-02 -3.411642e-01 5.249234e-02 -5.042732e-01
<VARIANCE> 25
 2.362244e+01 3.313890e+01 3.160645e+01 6.400216e+01 4.276885e+01 4.640809e+01 4.285717e+01 4.012184e+01 4.755235e+01 5.120398e+01 3.989855e+01 3.563295e+01 7.590969e-01 1.242468e+00 1.417244e+00 2.283183e+00 2.119697e+00 2.326166e+00 2.420341e+00 2.416733e+00 2.546625e+00 2.538387e+00 2.309921e+00 1.939306e+00 6.989225e-01
<GCONST> 9.780765e+01
<TRANSP> 5
 0.000000e+00 1.000000e+00 0.000000e+00 0.000000e+00 0.000000e+00
 0.000000e+00 4.471937e-01 5.528064e-01 0.000000e+00 0.000000e+00
 0.000000e+00 0.000000e+00 5.123975e-01 4.876025e-01 0.000000e+00
 0.000000e+00 0.000000e+00 0.000000e+00 7.511326e-01 2.488674e-01
 0.000000e+00 0.000000e+00 0.000000e+00 0.000000e+00 0.000000e+00
<ENDHMM>
~h "v"
<BEGINHMM>
<NUMSTATES> 5
<STATE> 2
<MEAN> 25
 -3.972662e+00 6.540893e-02 1.029782e+00 2.593518e+00 3.192653e+00 2.163079e+00 1.116548e+00 1.754442e-01 -1.031496e+00 -5.755046e-01 1.519700e-01 -7.139745e-02 -3.064196e-01 -5.092883e-02 1.023294e-02 9.301600e-02 1.554535e-01 1.274571e-01 2.838876e-02 1.634457e-02 -4.344277e-02 -3.938863e-02 1.754849e-02 5.262455e-02 -1.299745e-01
<VARIANCE> 25
 1.582508e+01 1.470078e+01 1.207195e+01 1.431207e+01 1.570415e+01 2.112584e+01 2.055168e+01 2.330369e+01 2.071640e+01 2.133182e+01 2.530312e+01 1.768649e+01 6.460874e-01 5.809643e-01 7.470630e-01 9.067214e-01 1.266711e+00 1.716315e+00 1.724048e+00 1.606052e+00 1.664431e+00 1.706584e+00 1.816814e+00 1.333731e+00 1.642356e-01
<GCONST> 8.126748e+01
<STATE> 3
<MEAN> 25
 -4.499910e+00 -2.935215e+00 1.348614e-01 4.200651e+00 1.850575e+00 3.180804e+00 6.378399e-01 9.279743e-01 1.565776e+00 -1.673651e+00 9.461167e-01 9.905508e-01 3.618572e-01 -3.129415e-01 -5.461891e-01 -3.534947e-01 -3.396359e-01 -3.806356e-01 -2.805250e-01 -1.528794e-01 4.016614e-01 -3.415022e-02 -1.506389e-01 -2.478791e-01 5.091457e-02
<VARIANCE> 25
 3.189812e+01 4.449567e+01 2.499173e+01 4.020950e+01 2.974089e+01 5.656841e+01 2.800687e+01 3.428151e+01 3.320791e+01 3.552221e+01 1.738694e+01 2.043082e+01 2.094184e+00 2.185439e+00 1.128153e+00 1.906906e+00 2.057852e+00 3.178026e+00 2.134376e+00 1.954654e+00 2.658747e+00 2.818075e+00 2.085314e+00 1.560700e+00 4.621485e-01
<GCONST> 9.537370e+01
<STATE> 4
<MEAN> 25
 4.157335e+00 -1.972156e+00 3.734549e-01 3.545835e+00 -2.273902e+00 -2.333182e+00 -2.978041e-01 -6.060537e-01 -2.389671e+00 -3.655235e+00 2.161642e+00 7.001837e-01 1.399015e+00 2.192277e-01 -5.444018e-01 -6.845700e-01 -4.857163e-01 -6.656463e-01 -7.208927e-02 -3.533876e-01 -4.830525e-01 1.744495e-01 1.725796e-01 -1.923084e-01 5.177510e-01
<VARIANCE> 25
 6.838985e+01 2.749933e+01 3.421213e+01 5.056499e+01 9.433491e+01 6.496747e+01 3.276403e+01 3.645749e+01 9.025887e+01 5.274538e+01 1.831277e+01 2.698507e+01 4.099886e+00 2.782540e+00 3.285286e+00 3.890551e+00 5.912312e+00 5.305135e+00 2.948926e+00 2.758960e+00 5.592612e+00 3.338532e+00 2.239513e+00 2.488838e+00 1.637868e+00
<GCONST> 1.070822e+02
<TRANSP> 5
 0.000000e+00 1.000000e+00 0.000000e+00 0.000000e+00 0.000000e+00
 0.000000e+00 8.848583e-01 1.151417e-01 0.000000e+00 0.000000e+00
 0.000000e+00 0.000000e+00 3.845717e-01 6.154283e-01 0.000000e+00
 0.000000e+00 0.000000e+00 0.000000e+00 6.325968e-01 3.674032e-01
 0.000000e+00 0.000000e+00 0.000000e+00 0.000000e+00 0.000000e+00
<ENDHMM>
~h "w"
<BEGINHMM>
<NUMSTATES> 5
<STATE> 2
<MEAN> 25
 6.672401e+00 5.835552e+00 -3.962245e+00 -7.267547e+00 -2.820551e+00 1.463111e+00 -1.902864e+00 -2.509369e+00 -3.276954e+00 -1.417222e-01 2.913990e+00 1.414407e+00 1.079678e+00 -2.546540e-01 -8.554586e-01 -1.625492e+00 -4.280719e-01 4.663298e-01 -4.412870e-01 -4.101653e-01 -2.055346e-01 3.253419e-01 7.923682e-01 -9.707658e-02 1.142452e+00
<VARIANCE> 25
 6.140030e+01 5.094913e+01 3.592273e+01 6.521862e+01 4.955510e+01 6.549850e+01 4.570224e+01 4.465149e+01 4.259676e+01 4.645977e+01 4.058560e+01 3.549733e+01 4.128013e+00 3.926784e+00 2.972871e+00 4.840183e+00 4.381393e+00 5.228268e+00 4.123376e+00 3.629431e+00 3.776031e+00 4.276993e+00 4.009157e+00 3.439281e+00 2.930220e+00
<GCONST> 1.100938e+02
<STATE> 3
<MEAN> 25
 9.056734e+00 1.137098e+00 -7.189964e+00 -1.264368e+01 -1.817474e+00 5.816159e+00 -4.859324e+00 -4.734796e+00 -2.301857e+00 4.120807e+00 6.713823e+00 -7.727245e-01 -2.223555e-01 -1.608708e+00 -3.123546e-01 -4.413980e-02 8.259318e-01 2.289790e-01 -5.628517e-01 2.923654e-01 1.401733e+00 1.114493e+00 -3.903324e-01 -1.542790e+00 8.585140e-01
<VARIANCE> 25
 1.987486e+01 2.943073e+01 2.891076e+01 5.332755e+01 4.360688e+01 6.305406e+01 5.082647e+01 4.573880e+01 4.595456e+01 5.651279e+01 4.747441e+01 3.919624e+01 6.633845e-01 2.393795e+00 1.488475e+00 2.772465e+00 2.577226e+00 3.762383e+00 3.408889e+00 3.293344e+00 3.820035e+00 3.753720e+00 3.854917e+00 3.664304e+00 1.101681e+00
<GCONST> 1.026984e+02
<STATE> 4
<MEAN> 25
 8.130948e+00 -3.629174e+00 -6.760211e+00 -9.014032e+00 5.281227e-01 3.515268e+00 -6.157331e+00 -1.589578e+00 3.515540e+00 2.889430e+00 1.868848e+00 -5.711940e+00 -4.228401e-01 -5.431544e-01 4.014241e-01 9.515741e-01 1.833718e-01 -7.605247e-01 4.345415e-01 7.721111e-01 4.622985e-01 -4.650123e-01 -1.043480e+00 -1.587579e-01 -1.261865e-02
<VARIANCE> 25
 2.149660e+01 4.023375e+01 3.525843e+01 7.849358e+01 6.154873e+01 1.232743e+02 5.909997e+01 5.822480e+01 6.598573e+01 9.566393e+01 6.288729e+01 5.372243e+01 4.679749e-01 2.016662e+00 1.628669e+00 2.312971e+00 2.466184e+00 3.351571e+00 2.711116e+00 3.150339e+00 3.008348e+00 2.793523e+00 3.107819e+00 2.641371e+00 9.705996e-01
<GCONST> 1.043179e+02
<TRANSP> 5
 0.000000e+00 1.000000e+00 0.000000e+00 0.000000e+00 0.000000e+00
 0.000000e+00 5.981013e-01 4.018987e-01 0.000000e+00 0.000000e+00
 0.000000e+00 0.000000e+00 6.097528e-01 3.902473e-01 0.000000e+00
 0.000000e+00 0.000000e+00 0.000000e+00 7.019961e-01 2.980039e-01
 0.000000e+00 0.000000e+00 0.000000e+00 0.000000e+00 0.000000e+00
<ENDHMM>
~h "y"
<BEGINHMM>
<NUMSTATES> 5
<STATE> 2
<MEAN> 25
 7.771885e-01 -2.292016e-01 1.079959e+01 -3.429360e+00 -8.223503e+00 -3.907120e+00 -2.119594e+00 -2.376181e+00 -3.359661e+00 1.367783e+00 1.471792e+00 3.114195e-01 2.293083e-01 -5.737289e-01 5.823441e-01 -5.230882e-01 -1.231314e+00 -6.675406e-01 2.286705e-01 3.349184e-01 -1.741903e-01 3.216748e-01 5.028359e-01 6.878030e-02 9.065700e-01
<VARIANCE> 25
 3.287978e+01 5.181504e+01 8.157291e+01 9.716743e+01 7.499955e+01 6.121653e+01 6.176997e+01 6.943015e+01 6.265052e+01 6.227245e+01 5.599329e+01 3.853339e+01 2.369011e+00 3.633034e+00 6.969563e+00 5.506704e+00 5.429071e+00 4.735733e+00 5.184862e+00 5.690762e+00 4.744236e+00 4.475816e+00 3.903963e+00 2.990936e+00 2.659029e+00
<GCONST> 1.140296e+02
<STATE> 3
<MEAN> 25
 1.770616e+00 -4.638201e+00 9.560740e+00 -4.912312e+00 -1.217727e+01 -7.587865e+00 2.985992e-01 3.279981e+00 -2.566087e+00 1.810844e+00 3.809544e+00 -5.655698e-02 2.769782e-01 -9.719868e-01 -1.510515e+00 1.113284e-01 7.815840e-01 -1.631593e-01 7.509159e-01 1.479937e+00 7.897857e-01 -4.641828e-01 -7.443613e-01 -2.675637e-01 3.107877e-01
<VARIANCE> 25
 2.160644e+01 2.715775e+01 4.707107e+01 4.470658e+01 4.355775e+01 4.437550e+01 5.326477e+01 6.616118e+01 4.911475e+01 4.941412e+01 4.998557e+01 2.776842e+01 3.698640e-01 1.501291e+00 2.673340e+00 1.822781e+00 2.816488e+00 2.270898e+00 2.701489e+00 3.350034e+00 3.395983e+00 2.914804e+00 3.205802e+00 2.083638e+00 4.687639e-01
<GCONST> 9.922519e+01
<STATE> 4
<MEAN> 25
 3.563419e+00 -7.217676e+00 1.123559e+00 -2.952409e+00 -5.365655e+00 -5.983202e+00 2.503618e+00 5.961539e+00 4.734263e-01 -1.283763e+00 -8.237522e-01 -8.111913e-01 1.186191e-01 -4.714084e-02 -7.493325e-01 1.625859e-01 9.413451e-01 4.343434e-01 -1.320814e-01 -6.905341e-02 2.094160e-01 -1.628526e-01 -5.850723e-01 -1.918496e-01 -2.169405e-01
<VARIANCE> 25
 2.856179e+01 3.650563e+01 3.927813e+01 4.383234e+01 4.378738e+01 4.457248e+01 5.124461e+01 6.541091e+01 4.393940e+01 4.220409e+01 5.053857e+01 3.204062e+01 2.815876e-01 7.354814e-01 1.389326e+00 1.167830e+00 2.040927e+00 1.490732e+00 1.705150e+00 1.899657e+00 1.792772e+00 1.861112e+00 2.070614e+00 1.490244e+00 2.854519e-01
<GCONST> 9.323179e+01
<TRANSP> 5
 0.000000e+00 1.000000e+00 0.000000e+00 0.000000e+00 0.000000e+00
 0.000000e+00 6.920484e-01 3.079516e-01 0.000000e+00 0.000000e+00
 0.000000e+00 0.000000e+00 6.723556e-01 3.276444e-01 0.000000e+00
 0.000000e+00 0.000000e+00 0.000000e+00 7.531021e-01 2.468979e-01
 0.000000e+00 0.000000e+00 0.000000e+00 0.000000e+00 0.000000e+00
<ENDHMM>
~h "z"
<BEGINHMM>
<NUMSTATES> 5
<STATE> 2
<MEAN> 25
 -6.331394e+00 4.282081e+00 9.012661e+00 6.950930e+00 -2.366491e+00 6.623660e+00 -2.146891e+00 -6.875619e+00 -2.069064e+00 -8.669291e-01 4.203511e-01 1.737755e+00 -7.350381e-02 -4.768185e-01 3.669010e-01 4.606000e-01 4.679165e-02 1.544840e-01 -4.922806e-02 -3.102986e-01 2.809683e-01 -3.382137e-02 3.523082e-01 -3.193509e-02 4.112142e-01
<VARIANCE> 25
 6.565507e+01 1.775076e+02 1.098102e+02 1.855936e+02 1.198613e+02 1.788165e+02 6.112603e+01 9.805867e+01 1.000189e+02 8.717199e+01 5.417073e+01 6.426416e+01 5.051063e+00 5.577024e+00 7.211677e+00 9.665756e+00 6.760851e+00 9.809814e+00 5.972108e+00 5.717287e+00 7.658259e+00 6.471558e+00 4.693542e+00 4.406326e+00 3.159656e+00
<GCONST> 1.245228e+02
<STATE> 3
<MEAN> 25
 1.999956e+00 -7.961067e+00 1.204534e+01 9.064116e+00 1.459458e+00 8.261593e+00 -7.549490e+00 -1.057006e+01 -8.049730e-02 -5.186638e+00 1.802764e+00 1.612149e+00 2.857503e-01 -5.994523e-02 -4.569123e-01 -3.134523e-01 -2.952740e-01 -2.621171e-01 3.969505e-02 2.530637e-01 2.366962e-01 -1.956066e-01 1.541422e-01 2.791585e-01 3.065119e-01
<VARIANCE> 25
 2.503880e+01 3.847028e+01 1.572033e+02 7.745753e+01 5.995607e+01 1.225134e+02 6.350807e+01 5.661230e+01 5.928811e+01 6.513880e+01 6.298619e+01 5.024010e+01 2.155004e+00 2.092785e+00 9.779165e+00 3.519175e+00 2.467405e+00 8.865421e+00 3.625593e+00 4.143163e+00 3.860396e+00 5.436521e+00 3.628274e+00 2.835473e+00 1.618680e+00
<GCONST> 1.123285e+02
<STATE> 4
<MEAN> 25
 6.704218e+00 -2.808035e+00 -2.557589e+00 2.568667e+00 -1.061442e+00 -2.729269e-01 -4.330413e+00 -3.056954e+00 2.026275e+00 -7.879034e+00 5.793229e-01 2.150663e+00 1.369110e-01 2.216828e-01 -5.785959e-01 -4.504753e-01 -5.519463e-02 -1.046454e-01 4.651161e-01 5.688379e-01 2.721736e-01 1.908136e-01 -3.010758e-01 -2.230744e-01 -2.703425e-01
<VARIANCE> 25
 2.783407e+01 7.774529e+01 3.986947e+01 7.350522e+01 8.980657e+01 6.281866e+01 3.437415e+01 4.008865e+01 3.712035e+01 8.182178e+01 1.304285e+02 4.925160e+01 3.634895e-01 1.156418e+00 2.390842e+00 1.895026e+00 2.069965e+00 2.086123e+00 1.951633e+00 2.349832e+00 2.158264e+00 3.433357e+00 1.760075e+00 1.388664e+00 5.858963e-01
<GCONST> 1.002543e+02
<TRANSP> 5
 0.000000e+00 1.000000e+00 0.000000e+00 0.000000e+00 0.000000e+00
 0.000000e+00 8.739386e-01 1.260614e-01 0.000000e+00 0.000000e+00
 0.000000e+00 0.000000e+00 8.924850e-01 1.075150e-01 0.000000e+00
 0.000000e+00 0.000000e+00 0.000000e+00 8.113988e-01 1.886012e-01
 0.000000e+00 0.000000e+00 0.000000e+00 0.000000e+00 0.000000e+00
<ENDHMM>
~h "ai"
<BEGINHMM>
<NUMSTATES> 5
<STATE> 2
<MEAN> 25
 5.143890e+00 -5.816104e+00 -8.776646e-01 -9.689129e-01 -5.139178e+00 -3.783055e+00 -1.358136e+00 4.761511e+00 5.540487e+00 -3.012585e+00 -4.689958e+00 -5.396221e-01 -1.923631e-01 7.231513e-02 5.970598e-01 -9.707981e-02 -1.420889e-01 7.498882e-02 2.564942e-01 -3.588229e-01 -4.394299e-01 3.309665e-01 5.571001e-01 2.967975e-01 -9.391858e-02
<VARIANCE> 25
 1.376055e+01 1.994646e+01 2.647565e+01 6.567548e+00 1.742007e+01 1.076393e+02 2.060717e+01 1.135638e+02 1.131429e+02 1.547364e+01 4.897173e+01 1.534822e+01 2.055908e-01 9.511245e-01 1.618812e+00 4.724008e-01 1.644689e+00 1.049121e+00 1.022055e+00 1.650545e+00 2.255744e+00 1.124330e+00 1.947400e+00 2.155923e+00 4.532447e-01
<GCONST> 8.684686e+01
<STATE> 3
<MEAN> 25
 2.105817e+00 -1.901398e-01 3.609375e+00 -1.363279e+00 -3.554348e+00 1.980753e-01 3.226427e-01 3.028341e+00 7.078104e+00 6.876315e+00 5.132666e-01 -1.015171e+00 -4.984826e-01 7.426217e-01 -4.481600e-01 2.695071e-01 6.624858e-01 4.356359e-01 1.899827e-01 -8.122227e-01 2.808267e-01 3.067818e-01 -3.875313e-01 -1.840613e-01 -7.234536e-01
<VARIANCE> 25
 2.220821e+01 1.637694e+01 5.441083e+01 1.273924e+01 2.040648e+01 2.761355e+01 2.788749e+01 1.201736e+02 5.721126e+01 1.823827e+01 1.742085e+01 8.779770e+00 3.060540e-01 2.109799e+00 1.019434e+00 1.372429e+00 2.882786e+00 1.508114e+00 2.188349e+00 1.051046e+00 1.571364e+00 1.385634e+00 1.547479e+00 5.354007e-01 9.905630e-01
<GCONST> 8.759766e+01
<STATE> 4
<MEAN> 25
 -6.082667e+00 -6.762516e+00 2.943746e+00 2.883509e+00 3.801877e+00 2.359411e+00 7.809625e+00 -2.296966e-02 -2.196029e-01 5.335721e+00 -3.227409e+00 -1.506976e+00 -4.161298e-01 -3.029140e-02 2.254877e-01 3.928932e-01 -1.728520e-01 7.486206e-02 4.391068e-01 7.150724e-01 -6.863046e-01 -8.181235e-02 1.499872e-01 4.278760e-01 -5.294368e-01
<VARIANCE> 25
 2.019812e+01 2.344790e+01 9.569412e+00 9.840575e+00 2.862510e+01 1.682012e+01 2.254759e+01 6.280278e+01 4.440889e+01 8.001600e+01 1.405560e+01 1.149745e+01 2.859093e+00 6.268411e-01 8.596363e-01 6.581581e-01 1.972999e+00 1.838608e+00 2.561457e+00 1.630720e+00 1.899033e+00 3.825309e+00 1.821904e+00 1.322568e+00 2.005973e+00
<GCONST> 8.963630e+01
<TRANSP> 5
 0.000000e+00 1.000000e+00 0.000000e+00 0.000000e+00 0.000000e+00
 0.000000e+00 9.187111e-01 8.128894e-02 0.000000e+00 0.000000e+00
 0.000000e+00 0.000000e+00 8.666669e-01 1.333332e-01 0.000000e+00
 0.000000e+00 0.000000e+00 0.000000e+00 9.027540e-01 9.724602e-02
 0.000000e+00 0.000000e+00 0.000000e+00 0.000000e+00 0.000000e+00
<ENDHMM>
~h "au"
<BEGINHMM>
<NUMSTATES> 5
<STATE> 2
<MEAN> 25
 -2.206706e+01 1.029655e+01 -3.547333e+00 -5.623339e+00 1.054334e+01 2.357724e+00 -1.721745e+00 3.027217e+00 -1.177984e-01 4.710365e+00 2.142600e+00 -1.884055e+00 -2.686132e-01 4.791576e-01 1.707619e-01 1.134434e-01 3.722017e-01 -3.247827e-03 3.103792e-01 7.337768e-02 -6.174360e-02 2.142498e-01 -3.055699e-03 -1.332137e-01 -3.514456e-01
<VARIANCE> 25
 1.146586e+02 5.437615e+01 1.290767e+01 2.511194e+01 3.296530e+01 1.620246e+01 2.230445e+01 2.680809e+01 1.432653e+01 2.047135e+01 8.574379e+00 1.409536e+01 9.191929e+00 1.857502e+00 1.043237e+00 3.856469e+00 1.613572e+00 9.213478e-01 2.325116e+00 7.196784e-01 1.015966e+00 9.524353e-01 1.112243e+00 8.622530e-01 6.871643e+00
<GCONST> 9.060952e+01
<STATE> 3
<MEAN> 25
 6.008160e-02 4.076049e+00 -2.659123e+00 7.271622e-01 2.393135e+00 -8.364303e-01 7.346975e+00 5.794751e+00 -1.410801e+00 3.190754e+00 2.119371e+00 -2.804933e+00 2.970348e+00 -2.250236e+00 -1.065022e+00 6.217688e-01 -1.238660e+00 -6.481724e-01 1.597832e+00 -3.327834e-01 -2.009633e+00 -9.607706e-01 3.183501e-01 9.154884e-01 2.724629e+00
<VARIANCE> 25
 1.368040e+02 7.767506e+01 2.275886e+01 2.457294e+01 6.949513e+01 5.527952e+01 4.316880e+01 2.228693e+01 3.550580e+01 3.153013e+01 1.241407e+01 2.407352e+01 1.119261e+01 7.249487e+00 2.135273e+00 2.888849e+00 3.031552e+00 7.347713e+00 4.027938e+00 1.261443e+00 1.157697e+00 1.257668e+00 1.064060e+00 3.289469e+00 8.948071e+00
<GCONST> 1.041525e+02
<STATE> 4
<MEAN> 25
 -3.047075e+00 2.233451e+00 -5.460581e+00 7.971665e-01 3.163897e+00 -3.850406e-02 7.498593e+00 4.346861e+00 -6.038153e+00 -1.278352e+00 2.136422e+00 3.630950e+00 -8.837640e-02 3.743172e-03 3.332155e-01 -2.257148e-01 -3.054236e-01 2.957094e-02 -2.964135e-01 -7.311196e-02 2.627064e-01 -1.076225e-01 -7.636631e-02 2.261626e-01 -1.722415e-02
<VARIANCE> 25
 1.053551e+02 6.069611e+01 6.859689e+01 5.750618e+01 6.513617e+01 7.258202e+01 4.047843e+01 3.124723e+01 5.491733e+01 4.983064e+01 1.769339e+01 2.302331e+01 8.644004e+00 8.167196e+00 4.634916e+00 3.062597e+00 5.766467e+00 8.106250e+00 4.949040e+00 1.872119e+00 4.431999e+00 3.862086e+00 1.896378e+00 2.732049e+00 8.913444e+00
<GCONST> 1.121718e+02
<TRANSP> 5
 0.000000e+00 1.000000e+00 0.000000e+00 0.000000e+00 0.000000e+00
 0.000000e+00 7.704009e-01 2.295991e-01 0.000000e+00 0.000000e+00
 0.000000e+00 0.000000e+00 5.990998e-01 4.009003e-01 0.000000e+00
 0.000000e+00 0.000000e+00 0.000000e+00 8.740343e-01 1.259657e-01
 0.000000e+00 0.000000e+00 0.000000e+00 0.000000e+00 0.000000e+00
<ENDHMM>
~h "aw"
<BEGINHMM>
<NUMSTATES> 5
<STATE> 2
<MEAN> 25
 5.597667e+00 -5.161607e+00 -6.124493e+00 -9.268106e+00 1.900789e+00 3.760200e+00 -9.135305e-01 1.137185e+00 1.976908e+00 2.035134e+00 -7.490128e-01 -4.240385e+00 2.960763e-01 1.897635e-01 -4.078267e-01 -7.275100e-01 1.547054e-01 6.771953e-01 -1.822756e-01 -1.778693e-01 -3.125013e-01 1.655629e-01 6.110494e-01 1.041337e-01 -8.627968e-02
<VARIANCE> 25
 1.960249e+01 3.684129e+01 2.884998e+01 4.885492e+01 5.473440e+01 5.466401e+01 5.265006e+01 4.738396e+01 5.143727e+01 5.025999e+01 5.471972e+01 4.168081e+01 6.029927e-01 1.177517e+00 1.444865e+00 2.065336e+00 2.409221e+00 2.323255e+00 2.455612e+00 2.887638e+00 2.162701e+00 2.291993e+00 2.352828e+00 1.903408e+00 6.335910e-01
<GCONST> 9.827130e+01
<STATE> 3
<MEAN> 25
 7.243823e+00 -9.754722e-01 -6.928062e+00 -1.226547e+01 1.814389e-01 6.564845e+00 -3.181620e+00 -1.912707e+00 -7.709450e-01 2.683422e+00 3.076728e+00 -1.195168e+00 8.530747e-02 8.829574e-01 1.623533e-01 3.669443e-01 -2.769697e-01 -1.950907e-01 -2.421965e-02 -3.559661e-01 -4.883618e-01 -3.184585e-01 6.937571e-02 5.204342e-01 -6.066870e-01
<VARIANCE> 25
 1.907732e+01 2.130134e+01 2.892325e+01 5.611032e+01 5.214363e+01 6.056505e+01 5.556386e+01 5.021819e+01 4.771113e+01 5.331980e+01 3.532755e+01 3.624693e+01 3.689983e-01 1.379601e+00 1.158164e+00 2.740771e+00 2.269037e+00 2.496525e+00 2.733735e+00 2.689153e+00 3.067762e+00 2.904029e+00 2.313518e+00 2.327939e+00 6.374590e-01
<GCONST> 9.796389e+01
<STATE> 4
<MEAN> 25
 6.409516e+00 4.400372e+00 -3.414203e+00 -7.138219e+00 -2.512390e+00 2.699351e+00 -4.367293e-01 -2.135267e+00 -2.918817e+00 -6.051806e-01 9.235322e-01 3.040346e-01 -4.233344e-01 3.114082e-01 5.338622e-01 1.037983e+00 1.762072e-01 -2.939221e-01 1.222131e-01 -2.114731e-02 8.668390e-02 -1.559590e-01 -2.376302e-01 2.680354e-02 -5.710213e-01
<VARIANCE> 25
 1.981770e+01 2.691138e+01 2.258219e+01 4.947032e+01 4.118358e+01 4.002582e+01 4.235944e+01 3.978839e+01 4.620772e+01 4.897941e+01 3.269247e+01 3.131786e+01 4.969260e-01 9.547623e-01 1.141752e+00 1.995510e+00 2.080856e+00 2.009725e+00 2.313680e+00 2.164078e+00 2.329683e+00 2.430111e+00 1.924194e+00 1.742644e+00 4.760257e-01
<GCONST> 9.405856e+01
<TRANSP> 5
 0.000000e+00 1.000000e+00 0.000000e+00 0.000000e+00 0.000000e+00
 0.000000e+00 7.082388e-01 2.917612e-01 0.000000e+00 0.000000e+00
 0.000000e+00 0.000000e+00 6.928504e-01 3.071497e-01 0.000000e+00
 0.000000e+00 0.000000e+00 0.000000e+00 8.125489e-01 1.874510e-01
 0.000000e+00 0.000000e+00 0.000000e+00 0.000000e+00 0.000000e+00
<ENDHMM>
~h "ay"
<BEGINHMM>
<NUMSTATES> 5
<STATE> 2
<MEAN> 25
 2.969134e+00 -1.037694e+01 -2.021816e+00 -4.184422e+00 -2.236826e+00 -3.532796e+00 1.197051e+00 7.485734e+00 4.212024e+00 -2.620040e+00 -2.411450e+00 -3.960223e+00 -3.351609e-01 -9.925965e-02 1.463407e+00 1.493526e-01 -1.556453e+00 -1.172333e+00 6.438208e-01 9.404550e-01 -8.483590e-01 -3.285073e-01 7.857263e-01 6.762149e-01 1.602290e-01
<VARIANCE> 25
 2.260604e+01 2.629533e+01 4.403149e+01 3.086226e+01 5.324146e+01 5.736784e+01 5.395312e+01 5.461400e+01 6.726208e+01 3.990873e+01 4.424557e+01 3.732037e+01 5.005917e-01 1.222138e+00 1.757751e+00 1.694084e+00 2.536939e+00 2.728969e+00 2.648013e+00 3.509622e+00 2.689449e+00 2.982190e+00 3.091870e+00 2.176690e+00 4.340022e-01
<GCONST> 9.878407e+01
<STATE> 3
<MEAN> 25
 1.699876e+00 -6.835779e+00 7.825221e+00 -4.218648e+00 -1.153677e+01 -8.164523e+00 2.350855e+00 5.356545e+00 -1.900518e+00 8.201375e-01 4.572312e+00 -2.664416e-01 -2.498710e-01 1.045549e+00 1.407610e+00 -1.548196e-01 -6.337131e-01 1.073766e-01 -5.384715e-01 -1.232142e+00 -8.682087e-01 5.107043e-01 4.984781e-01 3.077050e-01 -4.829013e-01
<VARIANCE> 25
 2.377238e+01 1.961721e+01 4.595842e+01 4.073947e+01 4.488408e+01 4.523159e+01 5.993038e+01 6.572360e+01 4.883394e+01 4.715654e+01 5.487326e+01 2.602127e+01 3.207062e-01 9.948773e-01 1.741852e+00 1.586178e+00 2.182068e+00 1.722264e+00 2.513094e+00 2.760200e+00 3.528355e+00 2.427761e+00 2.589350e+00 1.816344e+00 3.142718e-01
<GCONST> 9.620034e+01
<STATE> 4
<MEAN> 25
 1.017834e+00 8.612549e-02 9.146148e+00 -2.519547e+00 -8.155592e+00 -5.198415e+00 -1.505268e+00 3.803375e-01 -3.634852e+00 5.138900e-01 2.023857e+00 1.273032e+00 1.578728e-01 8.700862e-01 -7.777643e-01 8.859172e-01 9.210361e-01 6.680590e-01 -3.135855e-02 -3.336390e-01 4.909810e-02 -2.133202e-01 -5.305725e-01 1.577312e-02 -1.110595e+00
<VARIANCE> 25
 1.630825e+01 3.531310e+01 5.007833e+01 5.934424e+01 4.506163e+01 4.817488e+01 4.875780e+01 6.144662e+01 4.628233e+01 4.932209e+01 4.835340e+01 3.351881e+01 7.157445e-01 1.289477e+00 2.168741e+00 2.121155e+00 2.440646e+00 2.647185e+00 3.006289e+00 3.181607e+00 3.117800e+00 2.807393e+00 2.613951e+00 2.104653e+00 8.985953e-01
<GCONST> 1.004487e+02
<TRANSP> 5
 0.000000e+00 1.000000e+00 0.000000e+00 0.000000e+00 0.000000e+00
 0.000000e+00 7.410697e-01 2.589303e-01 0.000000e+00 0.000000e+00
 0.000000e+00 0.000000e+00 6.996859e-01 3.003140e-01 0.000000e+00
 0.000000e+00 0.000000e+00 0.000000e+00 7.936610e-01 2.063390e-01
 0.000000e+00 0.000000e+00 0.000000e+00 0.000000e+00 0.000000e+00
<ENDHMM>
~h "eu"
<BEGINHMM>
<NUMSTATES> 5
<STATE> 2
<MEAN> 25
 2.705163e+00 -6.877077e-02 -7.667336e-01 -1.264110e-01 -8.325478e-01 -2.551587e+00 -2.928321e+00 -9.899076e-01 1.950777e+00 1.184756e+00 -1.105145e-01 -1.225317e+00 1.296556e+00 -7.477294e-01 -1.689061e-01 -4.704279e-01 -5.504083e-01 -6.185081e-01 -7.557381e-01 2.063552e-01 3.373848e-01 3.068731e-01 -2.142111e-01 -4.989767e-01 1.042471e+00
<VARIANCE> 25
 4.231230e+01 5.633498e+01 5.032565e+01 5.376022e+01 6.409303e+01 7.685011e+01 5.855566e+01 6.315581e+01 6.237244e+01 5.228292e+01 4.659746e+01 3.723457e+01 4.730049e+00 5.708784e+00 4.838212e+00 5.640358e+00 6.191996e+00 6.818523e+00 6.111559e+00 6.755445e+00 6.541937e+00 5.856050e+00 5.031522e+00 4.196123e+00 3.947833e+00
<GCONST> 1.160274e+02
<STATE> 3
<MEAN> 25
 4.949870e+00 -2.293713e+00 -1.168652e+00 -1.384343e+00 -1.774399e+00 -4.080213e+00 -4.241274e+00 -6.756603e-01 2.366580e+00 1.690104e+00 -4.763601e-01 -1.973097e+00 6.822203e-01 -4.123527e-01 -1.418788e-02 3.623333e-02 -2.872049e-01 1.275362e-01 -1.541443e-01 1.667249e-01 1.014936e-01 2.859633e-02 -2.143730e-01 -1.845101e-01 2.567587e-01
<VARIANCE> 25
 2.454327e+01 4.284559e+01 4.422523e+01 5.014325e+01 5.474061e+01 6.223310e+01 5.408450e+01 6.386256e+01 5.902623e+01 5.637088e+01 4.768018e+01 3.647012e+01 2.392159e+00 3.867888e+00 3.453563e+00 4.519306e+00 4.635036e+00 5.279845e+00 4.744677e+00 5.883430e+00 5.177818e+00 4.662628e+00 4.272362e+00 3.404342e+00 2.627411e+00
<GCONST> 1.107874e+02
<STATE> 4
<MEAN> 25
 4.915339e+00 -2.124368e+00 -9.339086e-01 -6.044261e-01 -1.462179e+00 -3.680327e+00 -3.727529e+00 -6.440282e-05 1.939939e+00 7.746065e-01 -9.873569e-01 -1.942489e+00 -1.132502e-01 4.668650e-01 1.350323e-01 5.383404e-01 1.617918e-01 5.393624e-01 3.903663e-01 -2.102782e-01 -2.729958e-01 -1.946435e-01 -7.627983e-02 1.446813e-01 -6.593062e-01
<VARIANCE> 25
 2.254225e+01 4.791669e+01 4.515829e+01 5.629224e+01 5.739138e+01 6.106580e+01 5.367990e+01 6.840659e+01 6.206986e+01 6.081285e+01 4.858107e+01 3.803236e+01 1.254202e+00 2.664027e+00 2.322849e+00 3.190950e+00 3.221789e+00 3.552115e+00 3.434789e+00 3.792954e+00 3.693404e+00 3.356322e+00 3.134168e+00 2.518601e+00 1.954583e+00
<GCONST> 1.063683e+02
<TRANSP> 5
 0.000000e+00 1.000000e+00 0.000000e+00 0.000000e+00 0.000000e+00
 0.000000e+00 2.906871e-01 7.093130e-01 0.000000e+00 0.000000e+00
 0.000000e+00 0.000000e+00 1.167742e-01 8.832257e-01 0.000000e+00
 0.000000e+00 0.000000e+00 0.000000e+00 5.131288e-01 4.868712e-01
 0.000000e+00 0.000000e+00 0.000000e+00 0.000000e+00 0.000000e+00
<ENDHMM>
~h "kh"
<BEGINHMM>
<NUMSTATES> 5
<STATE> 2
<MEAN> 25
 5.317947e-01 -4.227787e+00 -1.407917e+00 3.014112e+00 4.399530e+00 3.391227e-01 4.656347e+00 2.894035e+00 2.280412e-01 -3.144750e+00 -2.555957e+00 1.421911e+00 -9.022216e-01 7.302300e-01 1.124193e+00 2.482067e-01 -3.813423e-01 2.388695e-01 7.446282e-01 1.438202e-01 -5.765629e-01 4.687590e-01 8.435254e-01 2.964005e-01 -8.581097e-01
<VARIANCE> 25
 1.380211e+01 3.086864e+01 3.523426e+01 2.778334e+01 4.379705e+01 4.365404e+01 2.988176e+01 4.024336e+01 2.989597e+01 2.897495e+01 2.434002e+01 2.742180e+01 1.096881e+00 2.275673e+00 1.780870e+00 3.170679e+00 2.817014e+00 3.601281e+00 3.537795e+00 2.791343e+00 2.628465e+00 3.059062e+00 4.197123e+00 2.328490e+00 2.156034e+00
<GCONST> 9.918880e+01
<STATE> 3
<MEAN> 25
 -2.717540e+00 -1.943058e+00 2.092614e+00 2.073189e+00 2.182310e+00 9.074776e-01 6.178906e+00 1.627975e+00 -6.410397e-01 -1.629040e-01 6.443873e-01 9.465541e-01 -8.775247e-01 4.344328e-01 1.387699e+00 -3.314031e-01 -7.293124e-01 -1.688723e-01 6.185563e-02 -1.285975e+00 -7.784244e-03 1.026581e+00 7.866313e-01 1.606088e-01 -7.343680e-03
<VARIANCE> 25
 2.575031e+01 2.826698e+01 4.391127e+01 2.883282e+01 5.054785e+01 5.357126e+01 3.267171e+01 4.378472e+01 2.930601e+01 2.272058e+01 2.675289e+01 2.300334e+01 1.493037e+00 2.162370e+00 2.678138e+00 2.489895e+00 3.336053e+00 4.190874e+00 2.800333e+00 2.524313e+00 3.490949e+00 2.801856e+00 2.747105e+00 2.205877e+00 1.196044e+00
<GCONST> 9.969775e+01
<STATE> 4
<MEAN> 25
 -5.315237e+00 -2.222754e+00 3.886668e+00 2.547768e-01 1.246477e+00 1.082154e+00 6.254919e+00 -2.232217e+00 9.985090e-01 2.043301e+00 1.179826e+00 2.714800e+00 4.477510e-01 1.912795e-01 1.235884e+00 -8.436191e-01 -1.171193e+00 -1.243178e+00 -1.063640e+00 -1.207348e+00 -6.623880e-01 1.683543e-01 1.018101e-01 -7.818235e-02 9.435961e-01
<VARIANCE> 25
 3.302263e+01 3.684190e+01 3.748681e+01 4.950187e+01 4.480415e+01 6.027921e+01 4.162898e+01 4.037608e+01 4.066158e+01 2.845001e+01 2.833290e+01 2.655020e+01 3.941152e+00 3.831114e+00 4.977720e+00 3.053743e+00 5.206439e+00 5.811184e+00 4.228306e+00 3.339195e+00 4.083480e+00 3.522664e+00 3.926736e+00 2.894036e+00 2.866848e+00
<GCONST> 1.072246e+02
<TRANSP> 5
 0.000000e+00 1.000000e+00 0.000000e+00 0.000000e+00 0.000000e+00
 0.000000e+00 5.891261e-01 4.108739e-01 0.000000e+00 0.000000e+00
 0.000000e+00 0.000000e+00 4.799751e-01 5.200249e-01 0.000000e+00
 0.000000e+00 0.000000e+00 0.000000e+00 5.466219e-01 4.533782e-01
 0.000000e+00 0.000000e+00 0.000000e+00 0.000000e+00 0.000000e+00
<ENDHMM>
~h "ng"
<BEGINHMM>
<NUMSTATES> 5
<STATE> 2
<MEAN> 25
 5.340244e+00 -1.000712e+00 -9.717772e-01 -1.552307e+00 -1.383660e+00 2.187355e+00 -1.711491e-01 -3.000901e+00 -2.141998e+00 8.688828e-01 -1.258966e+00 -2.815310e+00 -1.356378e-02 8.995333e-01 5.942435e-01 7.469237e-01 -3.939739e-01 3.410656e-01 3.952566e-01 -9.848245e-01 -4.714976e-01 1.152772e-02 -2.583790e-01 2.830315e-01 -7.855928e-01
<VARIANCE> 25
 1.625208e+01 3.286098e+01 3.689145e+01 3.423365e+01 4.382349e+01 4.947891e+01 4.242009e+01 4.031625e+01 4.655852e+01 4.421982e+01 3.661369e+01 3.260273e+01 4.755369e-01 1.095938e+00 2.184158e+00 1.967624e+00 2.566061e+00 2.339714e+00 2.567835e+00 2.915884e+00 2.979442e+00 2.595144e+00 2.606972e+00 2.051447e+00 5.176263e-01
<GCONST> 9.688504e+01
<STATE> 3
<MEAN> 25
 5.035542e+00 1.562390e+00 1.278882e+00 -2.050220e-01 -2.841753e+00 2.616498e+00 7.137457e-01 -4.760818e+00 -2.905441e+00 7.550938e-01 -2.076883e+00 -2.037604e+00 -1.253268e-01 6.459908e-01 2.148433e-01 4.141872e-01 9.562398e-02 -2.482334e-02 1.408125e-01 -1.293617e-01 -1.007340e-01 -1.468740e-01 -1.432198e-01 9.068352e-02 -4.986544e-01
<VARIANCE> 25
 1.404544e+01 3.015092e+01 3.173813e+01 3.148010e+01 3.789724e+01 4.543113e+01 3.991276e+01 4.023956e+01 4.494067e+01 4.044252e+01 3.103114e+01 2.681484e+01 3.516593e-01 8.845739e-01 1.209952e+00 1.267431e+00 1.641516e+00 1.571235e+00 1.695302e+00 1.903576e+00 1.857285e+00 1.786627e+00 1.621761e+00 1.410921e+00 4.461215e-01
<GCONST> 9.056306e+01
<STATE> 4
<MEAN> 25
 2.097894e+00 3.744770e+00 1.346734e+00 1.690844e+00 2.459796e-01 1.513053e+00 7.770463e-01 -2.457630e+00 -1.740761e+00 -7.010367e-01 -1.645745e+00 -6.452556e-01 -3.326436e-01 -5.884934e-03 -6.500103e-02 1.242517e-01 3.290942e-01 -1.260034e-01 1.561346e-02 3.135177e-01 1.684941e-01 -3.459159e-02 1.343238e-01 8.988731e-02 -1.876207e-01
<VARIANCE> 25
 2.029487e+01 2.695033e+01 2.794225e+01 3.080253e+01 3.577734e+01 3.263799e+01 3.403174e+01 3.631003e+01 3.629377e+01 3.201904e+01 2.857099e+01 2.603252e+01 5.825505e-01 9.434698e-01 1.227076e+00 1.400017e+00 1.895494e+00 1.851103e+00 1.900014e+00 2.258313e+00 2.143716e+00 2.069943e+00 1.847739e+00 1.613845e+00 4.879507e-01
<GCONST> 9.138036e+01
<TRANSP> 5
 0.000000e+00 1.000000e+00 0.000000e+00 0.000000e+00 0.000000e+00
 0.000000e+00 4.596410e-01 5.403590e-01 0.000000e+00 0.000000e+00
 0.000000e+00 0.000000e+00 5.497874e-01 4.502125e-01 0.000000e+00
 0.000000e+00 0.000000e+00 0.000000e+00 7.021315e-01 2.978685e-01
 0.000000e+00 0.000000e+00 0.000000e+00 0.000000e+00 0.000000e+00
<ENDHMM>
~h "ny"
<BEGINHMM>
<NUMSTATES> 5
<STATE> 2
<MEAN> 25
 2.750720e+00 1.736450e+00 7.617084e+00 -2.890955e+00 -4.721807e+00 -1.121827e+00 -3.407894e-01 -2.473077e+00 -4.294942e+00 6.925447e-01 6.580198e-01 -3.424518e-01 -3.981310e-01 -1.023129e+00 1.075095e+00 -1.099078e+00 -1.160524e+00 -1.191818e-02 5.668445e-01 8.484278e-01 -5.842908e-01 5.451113e-03 3.580712e-01 -1.790585e-01 9.348219e-01
<VARIANCE> 25
 1.948925e+01 4.804094e+01 5.077237e+01 6.929929e+01 4.881331e+01 5.509216e+01 4.863374e+01 6.023986e+01 4.704242e+01 5.256163e+01 4.200829e+01 3.714690e+01 1.773578e+00 4.096972e+00 4.195335e+00 5.618731e+00 4.143441e+00 5.046836e+00 4.514107e+00 6.281282e+00 4.006486e+00 4.620943e+00 3.598529e+00 2.812606e+00 1.912728e+00
<GCONST> 1.094102e+02
<STATE> 3
<MEAN> 25
 1.785280e+00 -5.005466e+00 8.536652e+00 -4.419308e+00 -8.898245e+00 -2.624101e+00 2.582428e+00 4.146368e+00 -4.929233e+00 -1.255820e+00 1.508020e+00 -7.669412e-01 1.640551e-01 -1.266424e+00 -9.726640e-01 4.878227e-01 3.041312e-01 -5.316789e-01 1.360064e-01 1.319584e+00 5.644499e-01 -8.576469e-01 -5.684318e-01 -5.445655e-03 4.849265e-01
<VARIANCE> 25
 2.022302e+01 2.975264e+01 4.354550e+01 4.483681e+01 4.917599e+01 4.779418e+01 5.488251e+01 6.941710e+01 4.682826e+01 5.244939e+01 3.867829e+01 3.729574e+01 4.761317e-01 1.819077e+00 1.890591e+00 2.204414e+00 2.661458e+00 2.658728e+00 2.695418e+00 2.975272e+00 3.003950e+00 2.582419e+00 2.569086e+00 1.998607e+00 6.056179e-01
<GCONST> 9.951701e+01
<STATE> 4
<MEAN> 25
 2.498713e+00 -7.193376e+00 3.489381e+00 -1.377829e+00 -3.694592e+00 -3.491412e+00 3.721131e-01 6.601033e+00 -2.713274e+00 -5.258605e+00 -1.986980e+00 -9.524944e-01 1.401071e-01 1.358955e-01 -8.621610e-01 4.634258e-01 8.713825e-01 7.134474e-02 -3.566084e-01 -1.002925e-01 5.146437e-01 -1.692529e-02 -5.106555e-01 -9.579083e-02 -4.118000e-01
<VARIANCE> 25
 1.738176e+01 3.436316e+01 2.846594e+01 4.703776e+01 4.997554e+01 4.248101e+01 5.346292e+01 6.268739e+01 5.224319e+01 5.624833e+01 4.584555e+01 2.945913e+01 3.787904e-01 1.232090e+00 1.448249e+00 1.582155e+00 1.995295e+00 1.642844e+00 2.078012e+00 2.121500e+00 2.150113e+00 2.068105e+00 1.916553e+00 1.547044e+00 6.840295e-01
<GCONST> 9.544781e+01
<TRANSP> 5
 0.000000e+00 1.000000e+00 0.000000e+00 0.000000e+00 0.000000e+00
 0.000000e+00 7.333855e-01 2.666145e-01 0.000000e+00 0.000000e+00
 0.000000e+00 0.000000e+00 5.857111e-01 4.142889e-01 0.000000e+00
 0.000000e+00 0.000000e+00 0.000000e+00 7.226024e-01 2.773977e-01
 0.000000e+00 0.000000e+00 0.000000e+00 0.000000e+00 0.000000e+00
<ENDHMM>
~h "sp"
<BEGINHMM>
<NUMSTATES> 3
<STATE> 2
~s "silst"
<TRANSP> 3
 0.000000e+00 2.246529e-01 7.753471e-01
 0.000000e+00 9.108497e-01 8.915037e-02
 0.000000e+00 0.000000e+00 0.000000e+00
<ENDHMM>
~h "sy"
<BEGINHMM>
<NUMSTATES> 5
<STATE> 2
<MEAN> 25
 -1.256165e+01 6.679238e+00 7.524652e+00 -8.555207e-01 1.045863e+00 1.933577e-01 4.188862e+00 1.828118e-01 -4.243657e-01 -1.332195e+00 2.771253e+00 2.697523e+00 -2.231807e+00 4.267423e-01 -1.720711e-01 3.008414e-02 6.734639e-01 6.685671e-01 6.316621e-01 -2.306247e-01 6.628111e-01 -1.338729e-01 -9.860886e-02 2.322028e-01 2.045454e-01
<VARIANCE> 25
 9.338341e+01 2.902214e+01 4.002672e+01 3.409035e+01 4.363476e+01 7.048420e+01 7.760565e+01 5.282903e+01 3.596616e+01 4.725314e+01 3.848040e+01 3.017838e+01 4.691308e+00 3.346080e+00 2.129968e+00 2.883011e+00 4.736992e+00 4.586216e+00 3.157806e+00 2.307488e+00 2.519235e+00 3.082031e+00 2.253161e+00 2.204582e+00 6.893640e-01
<GCONST> 1.048289e+02
<STATE> 3
<MEAN> 25
 -1.197627e+01 1.330155e+00 7.989353e+00 1.077633e-01 -4.179465e+00 -1.254675e+00 2.377088e+00 -6.755742e-01 2.209252e+00 -1.181880e+00 2.370084e+00 4.332826e+00 2.763499e+00 -1.246773e+00 -1.683247e-01 2.080249e-01 -1.762598e+00 -2.092786e+00 -1.025135e+00 3.630021e-01 2.581224e-02 9.739626e-02 -1.875511e-01 -2.233351e-01 2.025950e-01
<VARIANCE> 25
 1.083967e+02 4.110691e+01 3.277622e+01 3.770352e+01 4.751755e+01 8.858906e+01 4.234510e+01 4.321589e+01 5.302899e+01 3.606173e+01 3.579568e+01 2.534207e+01 5.435589e+00 2.699425e+00 2.024851e+00 2.268953e+00 5.330050e+00 6.303440e+00 3.203333e+00 2.709261e+00 4.084414e+00 2.831291e+00 2.533170e+00 2.502468e+00 1.170722e+00
<GCONST> 1.060303e+02
<STATE> 4
<MEAN> 25
 -7.474265e+00 6.560930e+00 4.327802e+00 9.045687e+00 -7.395164e+00 3.757980e+00 5.491335e+00 5.659358e+00 4.480135e+00 1.171452e-01 1.986942e+00 1.663323e-01 7.526543e-01 -2.085177e-01 -3.492025e-01 -3.200130e-01 -2.069643e-01 -3.483644e-02 -3.191697e-01 7.653357e-02 2.210919e-01 2.082537e-01 -2.692322e-01 -5.148561e-01 3.112905e-01
<VARIANCE> 25
 8.489256e+01 1.525444e+02 1.021201e+02 1.018778e+02 7.264610e+01 1.369367e+02 1.048690e+02 9.682400e+01 1.205510e+02 7.398811e+01 6.260440e+01 4.146579e+01 5.867301e+00 6.677202e+00 6.380598e+00 9.090433e+00 6.040104e+00 8.105839e+00 7.936862e+00 8.490459e+00 9.419634e+00 8.310876e+00 4.953897e+00 5.477289e+00 3.062818e+00
<GCONST> 1.246646e+02
<TRANSP> 5
 0.000000e+00 1.000000e+00 0.000000e+00 0.000000e+00 0.000000e+00
 0.000000e+00 8.303953e-01 1.696047e-01 0.000000e+00 0.000000e+00
 0.000000e+00 0.000000e+00 7.617924e-01 2.382076e-01 0.000000e+00
 0.000000e+00 0.000000e+00 0.000000e+00 8.130251e-01 1.869749e-01
 0.000000e+00 0.000000e+00 0.000000e+00 0.000000e+00 0.000000e+00
<ENDHMM>
~h "sil"
<BEGINHMM>
<NUMSTATES> 5
<STATE> 2
<MEAN> 25
 -6.081948e+00 1.959149e+00 -1.051971e+00 2.963826e+00 3.535544e+00 3.463856e+00 2.556955e+00 1.157754e+00 6.604794e-01 7.447036e-02 6.922997e-01 2.320779e+00 -6.069491e-02 1.885784e-02 -6.832933e-03 1.484731e-02 3.451261e-02 4.033200e-02 1.686673e-02 1.093929e-02 6.598707e-03 7.661301e-03 2.097249e-02 1.350803e-02 -6.488212e-02
<VARIANCE> 25
 2.697422e+01 2.198989e+01 1.857987e+01 2.399401e+01 2.436743e+01 2.290711e+01 2.208251e+01 2.603484e+01 2.688146e+01 3.094177e+01 2.418901e+01 1.945515e+01 1.593246e-01 3.193759e-01 4.904681e-01 6.892483e-01 9.282579e-01 1.084064e+00 1.221286e+00 1.358177e+00 1.413771e+00 1.416954e+00 1.333659e+00 1.224864e+00 9.262622e-02
<GCONST> 7.924465e+01
<STATE> 3
~s "silst"
<STATE> 4
<MEAN> 25
 -4.541702e+00 1.008452e+00 -5.190351e-01 -2.406413e-01 1.172198e+00 1.375928e+00 1.568411e+00 9.558260e-01 -1.959304e-01 1.147324e+00 2.677510e-01 8.433129e-01 1.711425e-01 -2.154065e-02 6.041116e-02 -8.859250e-02 -3.564970e-02 -1.132244e-01 -5.453863e-02 -6.991924e-02 -6.397361e-02 -3.833283e-03 -3.465572e-02 -5.699766e-02 2.399510e-01
<VARIANCE> 25
 7.012236e+01 5.600963e+01 6.014236e+01 7.424165e+01 6.995189e+01 6.392674e+01 5.059574e+01 5.249055e+01 5.458458e+01 5.168229e+01 4.221883e+01 3.512259e+01 2.432193e+00 2.591393e+00 2.650512e+00 3.142390e+00 3.862382e+00 3.439103e+00 3.097581e+00 3.510961e+00 3.372162e+00 3.056419e+00 2.743995e+00 2.252413e+00 2.968502e+00
<GCONST> 1.083394e+02
<TRANSP> 5
 0.000000e+00 1.000000e+00 0.000000e+00 0.000000e+00 0.000000e+00
 0.000000e+00 9.147585e-01 1.815634e-02 6.708512e-02 0.000000e+00
 0.000000e+00 0.000000e+00 7.881805e-01 2.118195e-01 0.000000e+00
 0.000000e+00 9.121417e-02 0.000000e+00 7.460169e-01 1.627689e-01
 0.000000e+00 0.000000e+00 0.000000e+00 0.000000e+00 0.000000e+00
<ENDHMM>
