~o
<STREAMINFO> 1 25
<VECSIZE> 25<NULLD><MFCC_D_N_Z_0><DIAGC>
~s "silst"
<MEAN> 25
 -1.092743e+01 4.132518e+00 -4.728424e+00 -1.596306e+00 3.116777e+00 3.601406e+00 3.456134e+00 2.684296e+00 1.380996e+00 1.042300e+00 1.383839e+00 5.425822e-01 -3.344018e-01 5.105645e-02 -5.032442e-02 -5.105377e-02 8.178676e-02 -1.568252e-02 2.475365e-02 7.300884e-02 -2.908323e-03 4.571856e-03 3.609255e-02 5.395941e-03 -2.719868e-01
<VARIANCE> 25
 8.627131e+01 4.084440e+01 4.028234e+01 6.377953e+01 4.894731e+01 3.886804e+01 4.400043e+01 3.272001e+01 4.428624e+01 3.259892e+01 2.327573e+01 2.410073e+01 3.719640e+00 2.246991e+00 2.067131e+00 2.735482e+00 2.820063e+00 2.534656e+00 2.714496e+00 2.211100e+00 2.484083e+00 2.159654e+00 1.812424e+00 1.821309e+00 2.733839e+00
<GCONST> 1.018876e+02
~h "a"
<BEGINHMM>
<NUMSTATES> 5
<STATE> 2
<MEAN> 25
 6.572128e+00 -3.600265e+00 -2.795372e+00 -2.916611e+00 -1.711791e+00 -3.163075e+00 1.145632e-01 1.332024e+00 3.834152e-01 1.148966e+00 -1.901829e+00 -1.091515e+00 9.981305e-01 -1.435635e+00 -8.285701e-01 -8.475719e-01 -1.994241e-01 -5.650575e-01 5.780795e-01 8.139111e-01 -3.034273e-02 1.966115e-01 -6.676526e-01 -2.578108e-01 1.501124e+00
<VARIANCE> 25
 4.524307e+01 3.961987e+01 4.210977e+01 4.571729e+01 6.681136e+01 7.170634e+01 5.379016e+01 5.985061e+01 4.877481e+01 4.090629e+01 4.497951e+01 3.407966e+01 2.645337e+00 3.117061e+00 3.256961e+00 4.398247e+00 5.103599e+00 5.721577e+00 4.553432e+00 4.837200e+00 4.729311e+00 3.704962e+00 4.339972e+00 3.413962e+00 2.260579e+00
<GCONST> 1.100988e+02
<STATE> 3
<MEAN> 25
 9.214575e+00 -7.497108e+00 -2.982845e+00 -3.777596e+00 -4.364028e+00 -5.120701e+00 2.505703e+00 2.665677e+00 -1.207894e-01 1.346926e+00 -1.907008e+00 -4.468368e-02 -1.936425e-02 -3.136294e-01 -1.996749e-01 -1.237410e-01 2.659002e-01 3.043272e-01 2.313877e-01 -3.054519e-02 3.002924e-03 1.174831e-01 -2.620040e-01 -1.965625e-01 1.248652e-01
<VARIANCE> 25
 2.875002e+01 2.478325e+01 3.528919e+01 4.424308e+01 6.109233e+01 5.668451e+01 6.089138e+01 6.402560e+01 4.323012e+01 4.031264e+01 4.415009e+01 3.749664e+01 3.737328e-01 1.150132e+00 1.413190e+00 1.654760e+00 2.436089e+00 2.776606e+00 2.399051e+00 2.624540e+00 2.348390e+00 2.123607e+00 2.155621e+00 1.605282e+00 4.754166e-01
<GCONST> 9.702376e+01
<STATE> 4
<MEAN> 25
 6.095670e+00 -6.859085e+00 -3.539106e+00 -4.444100e+00 1.952084e+00 -1.227629e+00 -2.194773e-01 2.519076e+00 1.197211e+00 2.041547e+00 -5.150844e+00 -3.038795e+00 -1.994657e-01 7.065905e-01 2.903935e-01 5.397482e-01 9.262031e-02 2.113541e-01 -8.571700e-02 -2.643861e-01 -3.084882e-02 -1.195793e-01 3.596798e-01 2.489171e-01 -7.163564e-01
<VARIANCE> 25
 2.224996e+01 2.844615e+01 2.835603e+01 4.508248e+01 4.769828e+01 4.934277e+01 3.668462e+01 4.350090e+01 3.345894e+01 3.017653e+01 4.398522e+01 2.973720e+01 5.238862e-01 1.125297e+00 1.226923e+00 1.506408e+00 1.757496e+00 2.043966e+00 1.778145e+00 1.929186e+00 1.821749e+00 1.594186e+00 1.773895e+00 1.413652e+00 6.238043e-01
<GCONST> 9.289392e+01
<TRANSP> 5
 0.000000e+00 1.000000e+00 0.000000e+00 0.000000e+00 0.000000e+00
 0.000000e+00 4.621973e-01 5.378028e-01 0.000000e+00 0.000000e+00
 0.000000e+00 0.000000e+00 5.521339e-01 4.478661e-01 0.000000e+00
 0.000000e+00 0.000000e+00 0.000000e+00 7.314779e-01 2.685221e-01
 0.000000e+00 0.000000e+00 0.000000e+00 0.000000e+00 0.000000e+00
<ENDHMM>
~h "b"
<BEGINHMM>
<NUMSTATES> 5
<STATE> 2
<MEAN> 25
 3.026946e+00 7.268431e+00 1.334507e+00 3.200938e+00 1.301825e+00 4.445025e-02 -1.450505e+00 -1.200000e+00 -6.759234e-01 -1.250394e+00 -6.804727e-01 -2.105043e+00 -8.052800e-01 1.794076e+00 6.507627e-01 9.873183e-01 9.477082e-01 1.296955e+00 6.305282e-01 -7.414874e-02 4.215719e-01 -4.491468e-01 -1.113767e-01 -4.286979e-02 -1.411949e+00
<VARIANCE> 25
 4.679046e+01 4.523971e+01 2.985542e+01 4.018986e+01 3.956894e+01 5.698129e+01 3.574469e+01 5.395615e+01 4.172164e+01 4.092668e+01 2.744830e+01 2.501283e+01 3.607695e+00 4.067472e+00 3.573171e+00 3.745811e+00 3.469322e+00 5.360466e+00 3.237928e+00 4.185668e+00 3.642420e+00 4.450736e+00 2.648301e+00 2.007830e+00 4.053164e+00
<GCONST> 1.066204e+02
<STATE> 3
<MEAN> 25
 1.005208e+00 9.204830e+00 3.336658e+00 5.057067e+00 3.358287e+00 2.982452e+00 -1.956783e-01 -1.797474e+00 -2.633416e-01 -1.996528e+00 -7.474298e-01 -1.417765e+00 1.167621e+00 -2.563587e-01 -4.133348e-01 -1.962362e-01 -3.166986e-01 -7.576028e-01 -6.176086e-01 -3.609220e-01 -2.935783e-01 -3.681243e-01 6.885467e-02 1.289780e-01 1.065724e+00
<VARIANCE> 25
 3.732890e+01 3.850732e+01 3.336394e+01 4.125171e+01 4.014545e+01 4.422976e+01 3.079876e+01 4.492999e+01 3.467110e+01 3.556109e+01 2.527572e+01 2.093651e+01 4.184809e+00 4.446916e+00 3.411718e+00 3.170991e+00 4.024279e+00 4.881347e+00 3.463800e+00 3.921119e+00 4.021799e+00 3.641175e+00 2.823398e+00 2.424974e+00 2.436182e+00
<GCONST> 1.049374e+02
<STATE> 4
<MEAN> 25
 3.879278e+00 7.987684e+00 8.911275e-01 3.764719e+00 1.263097e+00 1.092235e+00 -1.900451e+00 -4.216583e+00 -2.241479e+00 -2.861538e+00 4.251734e-01 -1.051357e+00 1.396771e+00 -1.845605e+00 -1.059404e+00 -1.379816e+00 -9.981056e-01 -1.561236e+00 -1.078413e+00 2.979911e-01 2.926563e-02 8.072568e-01 4.084186e-01 -3.257671e-02 2.046868e+00
<VARIANCE> 25
 2.371387e+01 3.731129e+01 2.622938e+01 4.858914e+01 3.459841e+01 4.594162e+01 3.097420e+01 4.575449e+01 3.540699e+01 4.671239e+01 2.955654e+01 1.917000e+01 2.917433e+00 4.738900e+00 3.962026e+00 5.506721e+00 4.055847e+00 5.657068e+00 3.487716e+00 4.040421e+00 4.852745e+00 7.099023e+00 3.008539e+00 3.228072e+00 2.763073e+00
<GCONST> 1.065778e+02
<TRANSP> 5
 0.000000e+00 1.000000e+00 0.000000e+00 0.000000e+00 0.000000e+00
 0.000000e+00 5.271276e-01 4.728725e-01 0.000000e+00 0.000000e+00
 0.000000e+00 0.000000e+00 2.185681e-01 7.814320e-01 0.000000e+00
 0.000000e+00 0.000000e+00 0.000000e+00 4.719191e-01 5.280809e-01
 0.000000e+00 0.000000e+00 0.000000e+00 0.000000e+00 0.000000e+00
<ENDHMM>
~h "c"
<BEGINHMM>
<NUMSTATES> 5
<STATE> 2
<MEAN> 25
 -3.819387e+00 1.435364e+00 7.158054e-01 3.645717e+00 3.811686e+00 2.842805e+00 -1.296362e+00 -4.790846e+00 -1.113654e+00 7.307402e-01 2.501069e+00 1.349252e+00 -2.373527e+00 8.864459e-01 -4.186639e-01 -1.240950e-01 6.271789e-01 6.918004e-02 6.823071e-01 7.309121e-01 5.199278e-01 9.712868e-02 2.248753e-01 8.093815e-03 -1.600625e+00
<VARIANCE> 25
 7.275053e+01 4.602997e+01 3.532266e+01 5.235675e+01 4.595626e+01 4.798234e+01 6.436303e+01 8.680631e+01 5.746086e+01 4.436639e+01 3.866183e+01 2.700633e+01 3.868643e+00 5.229513e+00 3.442835e+00 4.873652e+00 3.849996e+00 4.839521e+00 4.312550e+00 7.644907e+00 4.548079e+00 3.732916e+00 2.862010e+00 1.917172e+00 6.111882e+00
<GCONST> 1.112994e+02
<STATE> 3
<MEAN> 25
 -1.166966e+01 -6.368057e-01 2.578544e+00 -1.642382e-01 1.305142e+00 1.752486e+00 2.021429e+00 1.157141e+00 3.116385e+00 -5.709586e-03 2.143797e+00 2.089803e+00 9.891979e-01 -2.815982e+00 1.622097e+00 7.406981e-02 -1.857864e+00 -1.378164e-01 -1.873773e-01 3.064291e-01 8.781188e-01 -1.038445e+00 -5.521213e-01 3.460438e-01 2.733792e+00
<VARIANCE> 25
 2.918948e+01 7.277550e+01 4.647490e+01 5.446228e+01 5.837975e+01 6.153948e+01 4.097289e+01 4.423320e+01 3.737139e+01 2.911512e+01 2.728338e+01 2.319739e+01 5.900936e+00 1.089306e+01 6.003228e+00 6.838615e+00 6.401414e+00 6.661979e+00 6.163005e+00 5.189532e+00 5.768981e+00 4.123506e+00 2.863013e+00 2.477551e+00 5.525943e+00
<GCONST> 1.125101e+02
<STATE> 4
<MEAN> 25
 -9.047512e-01 -9.838357e+00 7.820783e+00 5.294281e+00 -1.102604e+00 4.608044e+00 -4.302026e+00 -2.684622e+00 4.735776e+00 -4.507057e+00 6.733060e-01 4.013654e+00 3.501511e+00 1.134409e+00 -1.079495e+00 -1.107892e-01 4.570524e-01 -1.138675e+00 -8.164825e-01 -9.982587e-01 -1.146401e+00 5.447052e-02 -6.108733e-01 -2.059489e-01 1.657873e+00
<VARIANCE> 25
 5.972615e+01 9.746572e+01 6.024078e+01 3.845299e+01 5.049534e+01 6.958611e+01 4.734957e+01 4.277038e+01 4.548009e+01 2.492759e+01 3.076309e+01 2.024237e+01 3.248312e+00 1.426588e+01 8.372132e+00 5.296935e+00 6.794794e+00 1.105285e+01 5.167669e+00 8.279154e+00 8.031283e+00 3.347383e+00 4.415851e+00 3.806768e+00 4.073873e+00
<GCONST> 1.148303e+02
<TRANSP> 5
 0.000000e+00 1.000000e+00 0.000000e+00 0.000000e+00 0.000000e+00
 0.000000e+00 7.537710e-01 2.462290e-01 0.000000e+00 0.000000e+00
 0.000000e+00 0.000000e+00 6.769348e-01 3.230653e-01 0.000000e+00
 0.000000e+00 0.000000e+00 0.000000e+00 6.501037e-01 3.498962e-01
 0.000000e+00 0.000000e+00 0.000000e+00 0.000000e+00 0.000000e+00
<ENDHMM>
~h "d"
<BEGINHMM>
<NUMSTATES> 5
<STATE> 2
<MEAN> 25
 2.878024e+00 4.459141e+00 7.418219e-01 5.381184e+00 5.383026e+00 9.964737e-01 -2.090622e+00 -2.343076e+00 -2.851210e+00 -2.950423e+00 -1.147839e+00 3.758652e-01 -1.856262e-01 6.999184e-01 3.767283e-01 1.159923e+00 3.798559e-01 1.753458e-01 2.309557e-01 1.294069e-01 -2.296528e-02 -8.491712e-01 -1.185797e-01 -7.130750e-02 -4.923198e-01
<VARIANCE> 25
 5.479893e+01 5.064389e+01 4.859986e+01 4.056575e+01 7.357794e+01 8.143651e+01 4.278353e+01 4.100928e+01 4.843467e+01 3.668566e+01 3.549948e+01 2.467533e+01 6.401168e+00 8.339337e+00 3.877995e+00 4.318944e+00 4.968675e+00 1.216316e+01 4.959316e+00 4.901412e+00 5.038464e+00 4.099459e+00 3.534106e+00 2.818633e+00 8.293505e+00
<GCONST> 1.134183e+02
<STATE> 3
<MEAN> 25
 3.795017e+00 2.612283e+00 2.059528e+00 6.806789e+00 1.541112e+00 -3.024868e+00 -2.635387e+00 -2.105813e+00 -2.424891e+00 -5.519829e+00 -1.795609e+00 1.014164e+00 1.162477e+00 -2.126182e+00 2.768987e-01 -1.038336e+00 -1.525603e+00 -2.199922e+00 -7.254267e-01 2.393004e-02 -6.682541e-01 5.102438e-01 7.308848e-01 5.188183e-01 2.526243e+00
<VARIANCE> 25
 3.760134e+01 4.866671e+01 3.799531e+01 4.903244e+01 5.018754e+01 4.550089e+01 3.376647e+01 3.311065e+01 4.983241e+01 3.762527e+01 3.137006e+01 2.194763e+01 2.618096e+00 4.598732e+00 3.081315e+00 5.419811e+00 4.160350e+00 6.566036e+00 4.027319e+00 5.691056e+00 4.510789e+00 4.164941e+00 3.275924e+00 2.586242e+00 3.911743e+00
<GCONST> 1.079897e+02
<STATE> 4
<MEAN> 25
 7.928777e+00 -2.692483e+00 3.805209e+00 2.903347e+00 -3.058042e+00 -7.722138e+00 -5.968928e+00 -2.231822e+00 -1.690013e+00 -2.396078e+00 8.827285e-01 1.611757e+00 2.386199e-01 -8.551472e-01 5.539217e-01 -8.183084e-01 -1.174233e+00 -4.555620e-01 -4.120743e-01 2.706126e-01 3.717610e-01 6.558798e-01 3.376836e-01 -9.637167e-02 1.017800e+00
<VARIANCE> 25
 4.116393e+01 4.869624e+01 5.256076e+01 5.328456e+01 7.672061e+01 8.507189e+01 4.746744e+01 8.273857e+01 7.801934e+01 4.047213e+01 4.216148e+01 3.038709e+01 1.254146e+00 2.854457e+00 3.318058e+00 3.302670e+00 4.034687e+00 5.046897e+00 3.860851e+00 4.946257e+00 4.660575e+00 3.056174e+00 2.742535e+00 2.357932e+00 2.285797e+00
<GCONST> 1.087426e+02
<TRANSP> 5
 0.000000e+00 1.000000e+00 0.000000e+00 0.000000e+00 0.000000e+00
 0.000000e+00 6.002284e-01 3.997716e-01 0.000000e+00 0.000000e+00
 0.000000e+00 0.000000e+00 4.453468e-01 5.546532e-01 0.000000e+00
 0.000000e+00 0.000000e+00 0.000000e+00 4.612497e-01 5.387504e-01
 0.000000e+00 0.000000e+00 0.000000e+00 0.000000e+00 0.000000e+00
<ENDHMM>
~h "e"
<BEGINHMM>
<NUMSTATES> 5
<STATE> 2
<MEAN> 25
 5.822136e+00 -2.569334e+00 2.868202e-01 1.136156e+00 -2.338204e+00 -6.332987e+00 -7.178226e-01 4.009319e-01 -3.634117e+00 2.083877e-01 1.086020e+00 2.482982e-01 1.837566e+00 -1.378743e+00 4.503630e-01 -4.751129e-01 -1.241107e+00 -1.968011e+00 -2.064339e-02 2.907082e-01 -1.952672e+00 6.470004e-01 8.887699e-01 2.068192e-01 2.239173e+00
<VARIANCE> 25
 4.572037e+01 4.599008e+01 4.884361e+01 3.435847e+01 5.539167e+01 5.831293e+01 4.787017e+01 6.719725e+01 5.072723e+01 4.291587e+01 3.525430e+01 2.572186e+01 4.440253e+00 6.181244e+00 5.037034e+00 3.905505e+00 5.212604e+00 6.098898e+00 4.718318e+00 8.997520e+00 5.886100e+00 4.577713e+00 4.368964e+00 2.699014e+00 3.613823e+00
<GCONST> 1.122204e+02
<STATE> 3
<MEAN> 25
 8.439512e+00 -6.165650e+00 7.138931e-01 -2.162562e-01 -3.726402e+00 -6.455002e+00 -1.572630e+00 -3.037659e+00 -6.097736e+00 3.089266e+00 4.720962e+00 1.223275e+00 6.273656e-02 -3.391536e-01 3.911342e-01 -3.643082e-02 -2.870339e-01 6.487752e-02 8.326381e-02 -2.590292e-01 -4.260778e-01 3.129626e-01 3.911858e-01 1.261309e-01 2.540272e-01
<VARIANCE> 25
 2.887449e+01 4.204482e+01 4.802900e+01 3.401807e+01 6.303192e+01 6.280768e+01 5.119898e+01 1.417790e+02 4.636959e+01 4.272916e+01 4.409262e+01 2.697367e+01 7.465664e-01 2.120004e+00 1.844836e+00 2.096845e+00 2.823926e+00 2.916515e+00 3.245132e+00 3.350358e+00 3.081114e+00 2.599545e+00 2.176322e+00 1.765092e+00 1.068612e+00
<GCONST> 1.020932e+02
<STATE> 4
<MEAN> 25
 5.960154e+00 -4.219663e+00 7.712638e+00 -2.359540e-01 -9.171044e+00 -8.513375e+00 6.775466e-01 2.533063e+00 -6.141457e+00 1.965311e+00 2.907140e+00 8.046079e-01 -2.026580e-01 6.326189e-01 4.250313e-02 2.862710e-01 3.316698e-01 3.492729e-01 5.553921e-02 -5.975556e-02 1.751389e-01 -1.177477e-01 -7.385270e-02 -7.370484e-02 -5.593795e-01
<VARIANCE> 25
 2.222882e+01 4.074959e+01 4.699117e+01 3.445547e+01 5.914069e+01 4.643564e+01 4.958398e+01 7.144858e+01 4.149841e+01 2.878374e+01 2.845951e+01 1.798734e+01 3.626756e-01 1.005383e+00 1.032464e+00 1.108367e+00 1.363565e+00 1.384786e+00 1.459010e+00 1.268795e+00 1.456542e+00 1.266098e+00 1.271947e+00 9.529110e-01 5.378087e-01
<GCONST> 9.012114e+01
<TRANSP> 5
 0.000000e+00 1.000000e+00 0.000000e+00 0.000000e+00 0.000000e+00
 0.000000e+00 4.874487e-01 5.125514e-01 0.000000e+00 0.000000e+00
 0.000000e+00 0.000000e+00 5.385987e-01 4.614013e-01 0.000000e+00
 0.000000e+00 0.000000e+00 0.000000e+00 8.092989e-01 1.907011e-01
 0.000000e+00 0.000000e+00 0.000000e+00 0.000000e+00 0.000000e+00
<ENDHMM>
~h "f"
<BEGINHMM>
<NUMSTATES> 5
<STATE> 2
<MEAN> 25
 -4.027730e+00 5.423075e+00 3.507525e-01 1.448875e+00 4.313792e+00 3.381399e+00 -2.935569e-01 -2.262875e+00 -7.187849e-01 2.505819e+00 2.312872e+00 1.421673e+00 -1.151781e+00 -7.206254e-01 -1.063151e-01 9.433260e-01 5.267030e-01 6.750627e-01 1.027736e+00 1.041618e+00 1.248133e+00 -8.179135e-01 5.947477e-01 1.103618e+00 -5.145224e-01
<VARIANCE> 25
 2.280942e+02 1.037464e+02 2.962945e+01 4.886228e+01 8.422060e+01 3.943033e+01 3.792607e+01 3.742394e+01 2.705899e+01 2.312096e+01 2.038753e+01 1.564716e+01 7.001931e+00 4.554242e+00 4.008160e+00 2.667148e+00 4.551272e+00 3.021095e+00 2.837659e+00 4.936935e+00 3.963715e+00 2.850391e+00 3.367398e+00 1.649678e+00 5.130452e+00
<GCONST> 1.077332e+02
<STATE> 3
<MEAN> 25
 -3.965362e+00 -2.386557e+00 -6.631337e-01 3.127280e+00 1.642260e+00 3.355308e+00 3.299521e+00 1.476745e+00 3.544533e+00 -2.756230e-01 4.634842e+00 3.936633e+00 -6.850083e-01 -1.714405e+00 -4.185592e-01 -4.823050e-01 -3.766340e-01 -5.639524e-01 -2.096272e-01 -2.403721e-01 8.203205e-02 -5.322167e-01 -3.231795e-01 -1.651050e-01 4.852305e-01
<VARIANCE> 25
 2.218264e+01 4.284616e+01 1.899194e+01 1.442153e+01 2.773573e+01 5.372964e+01 3.457600e+01 3.536365e+01 3.668924e+01 2.284720e+01 2.026021e+01 1.476736e+01 3.574897e+00 3.545465e+00 1.915382e+00 1.783707e+00 2.325395e+00 3.201468e+00 3.430079e+00 2.640846e+00 3.090136e+00 2.339223e+00 2.793072e+00 1.697591e+00 3.077224e+00
<GCONST> 9.790234e+01
<STATE> 4
<MEAN> 25
 -5.399085e+00 -3.012241e+00 -2.517791e+00 1.860817e+00 3.082509e+00 -8.070019e-02 1.416373e+00 5.155128e-01 -4.408986e-01 -3.670189e-01 3.971556e-01 5.037116e-01 9.242304e-03 1.411625e-01 -2.287026e-01 -2.858353e-02 3.208061e-02 1.121189e-01 3.207753e-02 -6.950653e-02 -4.335292e-03 -4.908749e-02 -8.544758e-02 -9.519897e-03 -1.504081e-01
<VARIANCE> 25
 2.968283e+01 3.435157e+01 1.669694e+01 2.511864e+01 2.266535e+01 5.122937e+01 2.291589e+01 3.552612e+01 2.793616e+01 1.736111e+01 1.602496e+01 1.505615e+01 1.072190e+00 1.098397e+00 8.499433e-01 1.264338e+00 1.313846e+00 2.091438e+00 1.610219e+00 1.819201e+00 1.629041e+00 1.423530e+00 1.517731e+00 1.146059e+00 4.804469e-01
<GCONST> 8.732504e+01
<TRANSP> 5
 0.000000e+00 1.000000e+00 0.000000e+00 0.000000e+00 0.000000e+00
 0.000000e+00 4.889413e-01 5.110587e-01 0.000000e+00 0.000000e+00
 0.000000e+00 0.000000e+00 6.364422e-01 3.635578e-01 0.000000e+00
 0.000000e+00 0.000000e+00 0.000000e+00 8.698698e-01 1.301302e-01
 0.000000e+00 0.000000e+00 0.000000e+00 0.000000e+00 0.000000e+00
<ENDHMM>
~h "g"
<BEGINHMM>
<NUMSTATES> 5
<STATE> 2
<MEAN> 25
 8.048986e-01 5.259304e+00 3.800958e+00 4.192926e+00 1.549428e+00 -1.112988e-01 -1.233426e+00 -1.200871e+00 -2.594749e+00 -1.897234e+00 -1.003529e-01 -2.381478e+00 -2.792009e-01 5.417150e-01 4.041287e-01 6.294372e-01 5.556308e-01 1.910092e-01 -2.366386e-01 2.408055e-01 4.793723e-01 -1.031438e-01 -8.976078e-02 -2.601664e-01 -3.150984e-01
<VARIANCE> 25
 5.332041e+01 4.793348e+01 3.686522e+01 4.931730e+01 5.890036e+01 6.033733e+01 5.991687e+01 5.905425e+01 5.947469e+01 5.010476e+01 3.424539e+01 2.572594e+01 4.292572e+00 4.901379e+00 3.745203e+00 4.593042e+00 5.420784e+00 5.407956e+00 5.804364e+00 5.573955e+00 5.414295e+00 4.735949e+00 2.977931e+00 2.981799e+00 4.553100e+00
<GCONST> 1.121166e+02
<STATE> 3
<MEAN> 25
 2.992334e+00 4.194096e+00 4.342259e+00 3.378057e+00 -9.037440e-01 -3.280547e+00 -3.689066e+00 1.556396e+00 1.096981e+00 -2.100354e+00 -5.586046e-01 -1.828854e+00 1.590901e+00 -1.920619e+00 1.256438e-01 -6.136355e-01 -1.618271e+00 -1.994051e+00 -6.365036e-01 9.267455e-01 1.767623e-02 -7.367468e-01 -6.500924e-02 6.073739e-01 2.374008e+00
<VARIANCE> 25
 3.134599e+01 7.476234e+01 5.049441e+01 6.589991e+01 1.029714e+02 8.369379e+01 7.754813e+01 7.402263e+01 5.810589e+01 5.368662e+01 3.510009e+01 3.200565e+01 3.548358e+00 5.927287e+00 4.874249e+00 7.497023e+00 1.132002e+01 9.174905e+00 8.712562e+00 6.938807e+00 5.687286e+00 6.190441e+00 3.767810e+00 4.018890e+00 3.306285e+00
<GCONST> 1.174668e+02
<STATE> 4
<MEAN> 25
 7.252383e+00 9.220430e-02 5.188033e+00 7.576510e-01 -6.489952e+00 -8.172053e+00 -5.564641e+00 3.072671e+00 1.637176e+00 -4.519250e+00 -1.738942e+00 -5.029714e-01 7.140390e-01 -1.207604e+00 -3.035936e-01 -6.935782e-01 -4.981326e-01 -3.301691e-01 -1.862179e-01 -1.758922e-01 -2.033558e-01 3.303157e-01 -4.818368e-02 1.005200e-01 1.265041e+00
<VARIANCE> 25
 2.584921e+01 5.557408e+01 4.236242e+01 6.041510e+01 8.349857e+01 1.096335e+02 7.421812e+01 8.405162e+01 7.922488e+01 7.074429e+01 4.778792e+01 3.127977e+01 1.699422e+00 3.601299e+00 3.849637e+00 4.246006e+00 5.018026e+00 5.473366e+00 5.657409e+00 5.115577e+00 4.280714e+00 3.117073e+00 3.578502e+00 2.613227e+00 2.157956e+00
<GCONST> 1.117454e+02
<TRANSP> 5
 0.000000e+00 1.000000e+00 0.000000e+00 0.000000e+00 0.000000e+00
 0.000000e+00 5.802834e-01 4.197166e-01 0.000000e+00 0.000000e+00
 0.000000e+00 0.000000e+00 4.687440e-01 5.312560e-01 0.000000e+00
 0.000000e+00 0.000000e+00 0.000000e+00 4.322146e-01 5.677854e-01
 0.000000e+00 0.000000e+00 0.000000e+00 0.000000e+00 0.000000e+00
<ENDHMM>
~h "h"
<BEGINHMM>
<NUMSTATES> 5
<STATE> 2
<MEAN> 25
 2.970042e+00 -8.426761e-01 2.412341e+00 1.458223e+00 -1.732909e+00 1.912163e+00 3.879614e+00 1.593029e+00 1.668164e+00 6.410609e-01 3.693134e-01 5.102696e-01 -1.224766e+00 4.053969e-01 -1.044354e-01 3.054628e-01 7.368580e-01 5.659301e-01 4.959201e-01 4.495852e-01 4.812857e-03 -1.775315e-01 4.399298e-01 3.907918e-01 -1.173250e+00
<VARIANCE> 25
 4.211982e+01 5.074364e+01 4.447312e+01 4.358767e+01 7.177506e+01 6.647483e+01 6.271693e+01 5.064315e+01 4.564610e+01 4.601981e+01 4.136777e+01 2.207752e+01 1.515899e+00 2.807967e+00 2.766608e+00 3.051907e+00 3.081098e+00 3.371900e+00 3.441969e+00 2.994426e+00 3.083776e+00 2.765549e+00 2.607861e+00 1.900805e+00 1.344685e+00
<GCONST> 1.044805e+02
<STATE> 3
<MEAN> 25
 -2.334413e+00 -5.170956e-01 -1.388294e+00 7.103749e-01 2.025050e+00 4.633990e+00 5.542729e+00 3.073089e+00 9.451527e-01 -1.987605e+00 -2.014323e-02 1.499251e+00 -8.033665e-01 9.628314e-02 -8.539253e-02 -2.578864e-03 1.514520e-01 -3.787856e-02 -3.547975e-01 -2.435393e-01 5.850525e-02 9.318115e-02 1.958773e-01 1.235522e-01 -7.195420e-01
<VARIANCE> 25
 3.527917e+01 4.828297e+01 3.522429e+01 4.173460e+01 5.364938e+01 4.623134e+01 5.139217e+01 4.450957e+01 4.614924e+01 4.019468e+01 2.989389e+01 2.196109e+01 6.057535e-01 1.185003e+00 1.573013e+00 1.777666e+00 1.945385e+00 1.831311e+00 2.241640e+00 2.133748e+00 2.093878e+00 2.033034e+00 1.672621e+00 1.470504e+00 2.769930e-01
<GCONST> 9.484134e+01
<STATE> 4
<MEAN> 25
 -6.251659e+00 6.970852e-01 2.017849e-01 1.948110e+00 2.695111e+00 2.212216e+00 4.423676e-01 -7.078726e-01 1.700345e-01 -5.621281e-01 8.670285e-01 1.559604e+00 -6.911341e-02 4.064780e-02 8.004979e-03 3.736875e-02 4.956110e-02 1.596696e-02 -3.933650e-02 -2.330508e-02 4.405441e-03 9.332849e-03 -1.425227e-02 -7.132215e-03 -8.928195e-02
<VARIANCE> 25
 3.464236e+01 2.401315e+01 1.505304e+01 2.266951e+01 2.116862e+01 2.074673e+01 2.483794e+01 1.904700e+01 2.107497e+01 1.533095e+01 1.567161e+01 1.415809e+01 1.478864e-01 3.048882e-01 5.488468e-01 6.937854e-01 9.229937e-01 1.092309e+00 1.181801e+00 1.307240e+00 1.323662e+00 1.338576e+00 1.270823e+00 1.165019e+00 7.359617e-02
<GCONST> 7.666122e+01
<TRANSP> 5
 0.000000e+00 1.000000e+00 0.000000e+00 0.000000e+00 0.000000e+00
 0.000000e+00 6.414461e-01 3.585540e-01 0.000000e+00 0.000000e+00
 0.000000e+00 0.000000e+00 7.423016e-01 2.576983e-01 0.000000e+00
 0.000000e+00 0.000000e+00 0.000000e+00 9.046638e-01 9.533624e-02
 0.000000e+00 0.000000e+00 0.000000e+00 0.000000e+00 0.000000e+00
<ENDHMM>
~h "i"
<BEGINHMM>
<NUMSTATES> 5
<STATE> 2
<MEAN> 25
 3.456278e+00 -8.033204e-01 6.955045e+00 4.589701e+00 -1.708659e+00 -4.281697e+00 -3.925014e+00 -3.448941e+00 -3.982391e+00 -1.482485e+00 6.293924e-01 -4.178456e-01 1.099920e+00 -5.550635e-01 1.667209e+00 1.012258e-01 -1.384185e+00 -1.360883e+00 -1.130443e+00 -4.014387e-01 -1.638472e+00 1.402091e-01 1.300406e-01 -4.956358e-01 1.433400e+00
<VARIANCE> 25
 3.961300e+01 4.785228e+01 5.133111e+01 8.288272e+01 9.186864e+01 6.426354e+01 6.100789e+01 6.851280e+01 5.316949e+01 2.942790e+01 2.832042e+01 2.168970e+01 3.331985e+00 3.888843e+00 6.538815e+00 5.566248e+00 7.151478e+00 6.092898e+00 5.650209e+00 5.856986e+00 6.897126e+00 3.110106e+00 3.953985e+00 2.600147e+00 2.849257e+00
<GCONST> 1.125202e+02
<STATE> 3
<MEAN> 25
 4.703132e+00 -4.668775e+00 9.567162e+00 9.930086e+00 8.894681e-01 -6.025088e+00 -1.022870e+01 -6.095532e+00 -2.397246e+00 -1.037868e+00 -1.093496e+00 -3.805378e+00 -1.271461e-01 2.626443e-01 2.997171e-01 -2.897156e-01 -4.564260e-01 2.507551e-01 1.683082e-01 -2.390839e-02 -3.775322e-01 2.609439e-01 2.715991e-01 7.068403e-03 -1.702459e-01
<VARIANCE> 25
 2.630395e+01 4.097205e+01 4.779436e+01 1.096902e+02 1.153726e+02 5.430419e+01 8.490918e+01 9.022679e+01 7.545129e+01 4.510886e+01 4.669214e+01 3.565903e+01 1.093098e+00 1.856931e+00 2.986416e+00 2.814936e+00 3.281513e+00 3.402774e+00 3.337866e+00 3.614874e+00 3.542264e+00 2.520221e+00 2.228173e+00 1.812533e+00 1.388301e+00
<GCONST> 1.063843e+02
<STATE> 4
<MEAN> 25
 2.293858e+00 1.223843e+00 1.368402e+01 2.688839e-01 -8.997013e+00 -4.667710e+00 -2.857959e+00 -2.173773e+00 -8.717427e+00 -6.627789e-01 2.994703e+00 -8.026178e-01 -1.787465e-01 2.007357e-01 -4.766449e-01 1.673557e-01 4.282607e-01 2.333823e-01 3.060990e-01 6.249779e-02 3.748720e-01 3.165847e-02 -2.789293e-02 1.313605e-01 -4.672173e-01
<VARIANCE> 25
 1.846986e+01 2.695342e+01 5.403043e+01 4.613080e+01 5.434177e+01 4.541433e+01 3.810059e+01 4.198293e+01 4.723848e+01 3.077556e+01 3.088892e+01 2.041533e+01 7.553511e-01 1.561026e+00 2.143499e+00 1.765135e+00 2.473184e+00 2.107150e+00 2.123377e+00 2.051969e+00 2.181997e+00 1.580060e+00 1.471714e+00 1.209199e+00 1.079165e+00
<GCONST> 9.540382e+01
<TRANSP> 5
 0.000000e+00 1.000000e+00 0.000000e+00 0.000000e+00 0.000000e+00
 0.000000e+00 4.702351e-01 5.297649e-01 0.000000e+00 0.000000e+00
 0.000000e+00 0.000000e+00 5.614243e-01 4.385757e-01 0.000000e+00
 0.000000e+00 0.000000e+00 0.000000e+00 7.990859e-01 2.009141e-01
 0.000000e+00 0.000000e+00 0.000000e+00 0.000000e+00 0.000000e+00
<ENDHMM>
~h "j"
<BEGINHMM>
<NUMSTATES> 5
<STATE> 2
<MEAN> 25
 2.042345e+00 2.200837e+00 6.374788e+00 6.175680e+00 7.933159e-01 -9.121908e-01 -2.683073e+00 -2.972797e+00 -3.140093e+00 -2.923962e+00 3.223673e-01 8.944613e-01 -1.389336e+00 1.058691e+00 7.614121e-01 8.525432e-01 5.358126e-01 1.084678e+00 1.644951e-01 3.522966e-01 7.767105e-01 -8.749156e-01 -8.321249e-02 -3.707076e-02 -1.434797e+00
<VARIANCE> 25
 3.923386e+01 6.114000e+01 3.930635e+01 4.491858e+01 6.670914e+01 9.285526e+01 4.462149e+01 6.123326e+01 4.993207e+01 3.864939e+01 3.561113e+01 2.495976e+01 2.200749e+00 7.643013e+00 4.174073e+00 4.479401e+00 5.155717e+00 6.227752e+00 4.248375e+00 5.820829e+00 4.687479e+00 4.301459e+00 2.896283e+00 2.771044e+00 5.530239e+00
<GCONST> 1.114301e+02
<STATE> 3
<MEAN> 25
 -1.162120e+00 -5.584759e-01 8.020969e+00 4.287713e+00 4.948773e-01 -7.979271e-01 -2.980357e+00 -2.265035e+00 6.597019e-01 -4.732939e+00 -1.372355e-01 1.608732e+00 1.266443e+00 -1.071584e+00 3.207334e-01 -6.863140e-01 -7.886336e-01 -1.668187e+00 -8.865128e-01 -6.456255e-01 -8.885330e-01 2.878733e-02 2.229783e-01 3.786211e-01 2.117798e+00
<VARIANCE> 25
 4.802240e+01 7.490875e+01 4.150925e+01 7.477296e+01 5.930424e+01 5.357544e+01 6.354971e+01 4.744994e+01 3.973918e+01 2.841327e+01 1.888507e+01 2.029497e+01 4.710542e+00 5.715677e+00 5.612617e+00 7.167966e+00 6.717444e+00 5.194410e+00 5.704861e+00 5.065829e+00 5.718112e+00 3.480528e+00 2.656597e+00 2.292794e+00 3.666731e+00
<GCONST> 1.112292e+02
<STATE> 4
<MEAN> 25
 4.851255e+00 2.305644e-01 9.821635e+00 1.180245e+00 -6.994045e+00 -8.526518e+00 -4.994174e+00 2.612888e-01 -3.180822e+00 -2.895133e+00 1.546124e+00 2.786697e+00 6.864930e-01 -7.820435e-01 -8.263355e-01 -5.549158e-01 -5.463689e-01 -4.289305e-01 -1.769340e-01 6.228108e-01 2.084190e-01 5.176644e-01 -4.854774e-02 -1.035866e-01 5.390346e-01
<VARIANCE> 25
 2.259684e+01 5.304693e+01 2.988091e+01 3.762043e+01 4.566833e+01 3.584756e+01 4.204435e+01 4.637043e+01 3.241068e+01 2.930388e+01 2.137146e+01 2.118907e+01 1.402323e+00 2.986582e+00 2.745261e+00 2.497667e+00 4.626519e+00 3.161003e+00 4.526793e+00 3.383350e+00 2.654814e+00 2.098803e+00 2.385121e+00 2.330764e+00 1.218994e+00
<GCONST> 1.004088e+02
<TRANSP> 5
 0.000000e+00 1.000000e+00 0.000000e+00 0.000000e+00 0.000000e+00
 0.000000e+00 6.768191e-01 3.231809e-01 0.000000e+00 0.000000e+00
 0.000000e+00 0.000000e+00 7.057683e-01 2.942317e-01 0.000000e+00
 0.000000e+00 0.000000e+00 0.000000e+00 6.633669e-01 3.366331e-01
 0.000000e+00 0.000000e+00 0.000000e+00 0.000000e+00 0.000000e+00
<ENDHMM>
~h "k"
<BEGINHMM>
<NUMSTATES> 5
<STATE> 2
<MEAN> 25
 -3.979501e+00 1.648366e+00 -1.582022e+00 1.171361e+00 1.768166e+00 3.236489e+00 1.678974e+00 -1.278834e-01 2.247257e+00 6.285146e-01 1.989570e+00 7.589630e-01 -1.180318e+00 2.908574e-02 -2.636218e-01 3.189483e-01 5.115726e-02 4.780642e-01 3.635537e-01 5.128683e-01 5.483190e-01 -2.944729e-01 3.393800e-01 3.656423e-01 -1.091875e+00
<VARIANCE> 25
 5.582951e+01 3.554509e+01 3.970980e+01 4.664128e+01 6.272359e+01 5.903560e+01 4.250567e+01 4.899322e+01 4.808745e+01 3.485559e+01 3.468927e+01 2.722659e+01 4.235394e+00 3.812057e+00 4.009716e+00 4.542517e+00 3.940805e+00 5.350969e+00 4.144505e+00 3.992071e+00 4.432869e+00 3.231466e+00 3.546818e+00 2.499492e+00 4.909003e+00
<GCONST> 1.091710e+02
<STATE> 3
<MEAN> 25
 -4.129836e+00 -2.971776e+00 -1.296624e-01 -2.051687e+00 -5.059433e+00 3.633625e+00 4.435346e+00 3.839003e+00 4.248773e+00 -2.528511e+00 -8.911143e-02 2.058244e+00 1.701180e+00 -1.271555e+00 -2.018247e-01 -8.937480e-01 -8.903675e-01 -6.562412e-01 -3.375240e-01 -9.562541e-03 1.569932e-01 -1.531987e-01 -5.135721e-01 -1.027455e-01 2.231782e+00
<VARIANCE> 25
 4.562334e+01 6.975147e+01 5.292302e+01 5.707093e+01 1.425930e+02 6.316835e+01 6.805305e+01 5.938120e+01 6.126174e+01 4.954463e+01 4.003726e+01 2.838147e+01 8.016642e+00 9.091230e+00 7.048965e+00 7.474374e+00 1.188692e+01 8.648589e+00 7.880790e+00 6.276668e+00 6.593187e+00 7.325664e+00 3.841191e+00 4.241585e+00 7.599264e+00
<GCONST> 1.199726e+02
<STATE> 4
<MEAN> 25
 1.229053e+00 -3.425981e+00 -3.648567e+00 -3.096089e+00 5.360540e-01 -1.140926e+00 -9.703330e-01 8.732787e-01 2.735302e+00 1.815974e+00 -8.251914e-01 -1.069029e+00 2.102952e+00 2.722903e-01 6.579312e-03 -3.126829e-01 -8.652299e-02 -1.100568e+00 -3.144000e-01 -5.098121e-01 -1.056928e+00 6.592335e-01 -4.460765e-01 -7.741385e-01 1.644591e+00
<VARIANCE> 25
 3.980780e+01 4.914442e+01 7.250928e+01 5.454505e+01 9.087795e+01 6.330554e+01 5.351269e+01 5.129517e+01 5.777481e+01 4.468085e+01 3.314935e+01 3.308097e+01 4.834682e+00 4.984160e+00 5.765131e+00 5.973418e+00 6.244441e+00 7.455127e+00 5.538200e+00 5.927118e+00 5.422635e+00 4.535431e+00 3.412298e+00 2.814998e+00 4.034596e+00
<GCONST> 1.141524e+02
<TRANSP> 5
 0.000000e+00 1.000000e+00 0.000000e+00 0.000000e+00 0.000000e+00
 0.000000e+00 7.009462e-01 2.990539e-01 0.000000e+00 0.000000e+00
 0.000000e+00 0.000000e+00 5.155444e-01 4.844557e-01 0.000000e+00
 0.000000e+00 0.000000e+00 0.000000e+00 4.462002e-01 5.537997e-01
 0.000000e+00 0.000000e+00 0.000000e+00 0.000000e+00 0.000000e+00
<ENDHMM>
~h "l"
<BEGINHMM>
<NUMSTATES> 5
<STATE> 2
<MEAN> 25
 8.309562e+00 -1.118830e+00 -2.936811e+00 -3.034470e+00 -1.576201e+00 -2.737145e+00 -2.633288e+00 -2.161080e+00 6.568241e-01 1.791567e+00 -1.983061e+00 -1.510510e+00 6.141679e-02 -3.936333e-01 8.367555e-02 2.096832e-01 -7.898955e-02 -3.047828e-01 -5.574355e-01 1.860898e-01 5.689715e-01 -2.661429e-03 -5.678415e-01 -2.398664e-01 1.963600e-01
<VARIANCE> 25
 3.295061e+01 2.887285e+01 3.770174e+01 5.211638e+01 5.790949e+01 7.835570e+01 5.188479e+01 5.597939e+01 5.019801e+01 6.756223e+01 4.826034e+01 3.331527e+01 6.963151e-01 2.297971e+00 2.200948e+00 3.415539e+00 3.191550e+00 4.620822e+00 3.296196e+00 3.272908e+00 3.820027e+00 3.552490e+00 3.161657e+00 2.479841e+00 9.363057e-01
<GCONST> 1.044520e+02
<STATE> 3
<MEAN> 25
 9.375506e+00 -1.226762e+00 -9.264215e-01 -1.023288e+00 -4.321704e+00 -8.000876e+00 -3.387362e+00 2.047390e+00 2.646714e+00 -1.374972e+00 -4.698916e+00 -9.307634e-01 -1.215905e-01 -3.436548e-02 4.915860e-01 1.162096e-01 -4.006724e-01 -1.802449e-01 -2.967298e-03 1.566792e-01 4.304615e-02 -2.209271e-01 -1.695209e-01 1.243692e-01 -1.785044e-02
<VARIANCE> 25
 2.905271e+01 2.847717e+01 4.127967e+01 4.555795e+01 6.644712e+01 1.090746e+02 5.520607e+01 7.068872e+01 5.686597e+01 8.276035e+01 4.382515e+01 2.801097e+01 3.106319e-01 1.156055e+00 1.492671e+00 1.937815e+00 3.034695e+00 3.304598e+00 2.709477e+00 2.584391e+00 2.696878e+00 2.929083e+00 2.276885e+00 1.525302e+00 4.255667e-01
<GCONST> 9.967886e+01
<STATE> 4
<MEAN> 25
 8.728670e+00 -2.355843e+00 -8.946536e-01 -4.628002e+00 -2.696615e+00 -3.123139e+00 -4.760026e+00 -2.674437e+00 1.720165e+00 2.832765e+00 -3.102565e+00 -1.375864e+00 -9.362613e-02 1.077693e-01 2.307677e-01 -8.342654e-03 -8.903692e-02 5.372909e-02 1.151690e-01 1.186765e-01 -1.476711e-01 -1.191973e-01 1.107636e-01 3.987778e-02 -1.076279e-01
<VARIANCE> 25
 1.952443e+01 2.450557e+01 3.290673e+01 6.450663e+01 6.242818e+01 6.363327e+01 5.177869e+01 4.499827e+01 3.669045e+01 6.910092e+01 3.980866e+01 2.796710e+01 2.519752e-01 8.581886e-01 1.024283e+00 1.252044e+00 1.389073e+00 1.887233e+00 1.591417e+00 1.768316e+00 1.469582e+00 1.786595e+00 1.400511e+00 1.031977e+00 3.282150e-01
<GCONST> 9.160722e+01
<TRANSP> 5
 0.000000e+00 1.000000e+00 0.000000e+00 0.000000e+00 0.000000e+00
 0.000000e+00 2.598850e-01 7.401150e-01 0.000000e+00 0.000000e+00
 0.000000e+00 0.000000e+00 3.977609e-01 6.022392e-01 0.000000e+00
 0.000000e+00 0.000000e+00 0.000000e+00 6.599029e-01 3.400972e-01
 0.000000e+00 0.000000e+00 0.000000e+00 0.000000e+00 0.000000e+00
<ENDHMM>
~h "m"
<BEGINHMM>
<NUMSTATES> 5
<STATE> 2
<MEAN> 25
 5.388698e+00 3.681822e+00 -9.066775e-01 -2.171108e-02 6.245112e-01 -2.024888e-01 -1.305112e+00 -1.485611e-01 -4.408646e-01 8.281304e-01 -3.232887e-01 -3.256943e+00 -6.378567e-01 1.517282e+00 8.366019e-01 1.256310e+00 1.258063e+00 1.263575e+00 -4.006810e-01 -8.829836e-01 2.645658e-01 4.772595e-01 -4.339507e-01 -1.039031e+00 -1.179745e+00
<VARIANCE> 25
 5.193648e+01 3.682900e+01 3.542303e+01 4.349657e+01 4.908399e+01 6.027083e+01 3.925317e+01 4.263229e+01 6.834302e+01 3.070378e+01 3.111077e+01 2.759388e+01 4.478243e+00 3.472483e+00 3.745428e+00 4.912491e+00 5.210488e+00 5.439511e+00 3.588779e+00 3.456764e+00 7.190033e+00 3.419320e+00 3.163309e+00 3.525422e+00 3.838425e+00
<GCONST> 1.091401e+02
<STATE> 3
<MEAN> 25
 3.619759e+00 6.180249e+00 1.649222e+00 3.586426e+00 4.772606e+00 2.760456e+00 -3.362163e+00 -2.255594e+00 2.154169e+00 2.384352e+00 -2.365524e+00 -5.971627e+00 2.431051e-01 1.992212e-02 1.289040e-01 1.341010e-01 3.268068e-02 -1.549406e-02 -9.411506e-02 -3.342252e-01 -2.776432e-01 -5.220237e-02 -4.234144e-02 1.293730e-01 2.369583e-01
<VARIANCE> 25
 2.291725e+01 3.255243e+01 3.164840e+01 4.175301e+01 4.721415e+01 4.069930e+01 5.463714e+01 4.730787e+01 1.196705e+02 3.900898e+01 4.074380e+01 4.696492e+01 3.933660e+00 2.332457e+00 3.484639e+00 4.034804e+00 4.408414e+00 4.487560e+00 3.259598e+00 2.763014e+00 4.479380e+00 2.804702e+00 2.288309e+00 2.962082e+00 2.352190e+00
<GCONST> 1.065141e+02
<STATE> 4
<MEAN> 25
 4.414677e+00 4.144638e+00 1.893383e+00 2.739807e+00 1.147429e+00 1.241398e+00 -1.116252e+00 -5.255317e+00 -6.975248e+00 1.145300e+00 1.211601e-01 -3.630030e+00 4.912371e-01 -4.602697e-01 -6.958756e-01 -9.773518e-01 -5.153469e-01 -2.634690e-01 1.961166e-01 5.556075e-01 1.991659e-01 -1.892651e-01 3.669126e-02 3.009090e-01 5.931971e-01
<VARIANCE> 25
 1.692271e+01 2.481520e+01 2.507666e+01 3.959836e+01 2.977698e+01 2.809473e+01 3.045639e+01 4.146434e+01 1.051385e+02 2.137017e+01 2.775016e+01 2.413403e+01 1.681534e+00 1.735229e+00 2.695365e+00 3.872891e+00 3.152685e+00 3.231358e+00 2.086013e+00 2.649114e+00 3.843168e+00 2.124686e+00 1.687645e+00 1.979267e+00 1.351370e+00
<GCONST> 9.803647e+01
<TRANSP> 5
 0.000000e+00 1.000000e+00 0.000000e+00 0.000000e+00 0.000000e+00
 0.000000e+00 4.415524e-01 5.584476e-01 0.000000e+00 0.000000e+00
 0.000000e+00 0.000000e+00 3.085348e-01 6.914653e-01 0.000000e+00
 0.000000e+00 0.000000e+00 0.000000e+00 6.029887e-01 3.970113e-01
 0.000000e+00 0.000000e+00 0.000000e+00 0.000000e+00 0.000000e+00
<ENDHMM>
~h "n"
<BEGINHMM>
<NUMSTATES> 5
<STATE> 2
<MEAN> 25
 6.973576e+00 -7.485921e-01 -1.644521e+00 1.387935e+00 9.325205e-01 -2.567013e+00 -1.097860e+00 -2.378905e+00 -4.760285e+00 4.231753e-01 -4.897288e-01 -1.170255e+00 -1.138679e+00 2.406716e+00 6.104312e-01 1.144055e+00 1.397628e+00 1.816572e+00 -1.027308e+00 -1.320038e+00 6.285914e-01 -2.034222e-01 -5.112973e-01 -1.097600e+00 -2.185231e+00
<VARIANCE> 25
 2.485632e+01 3.543330e+01 4.052027e+01 3.642212e+01 5.364374e+01 5.631324e+01 4.066315e+01 6.316925e+01 5.103681e+01 3.229488e+01 4.987203e+01 2.973754e+01 1.164840e+00 1.975244e+00 2.344278e+00 3.063970e+00 5.450542e+00 4.873384e+00 4.321736e+00 4.882377e+00 5.016554e+00 3.053006e+00 5.326294e+00 3.088834e+00 1.539751e+00
<GCONST> 1.056931e+02
<STATE> 3
<MEAN> 25
 3.739872e+00 4.502084e+00 5.050297e-01 3.426827e+00 5.462898e+00 3.434489e+00 -6.036027e+00 -6.967698e+00 -4.123951e-01 4.128352e-01 -4.137663e+00 -4.476943e+00 -6.759788e-01 9.431923e-01 7.442126e-01 5.486014e-01 3.807314e-01 5.500490e-01 -1.416983e-01 -2.028094e-01 4.346510e-01 -8.211134e-02 -1.403121e-01 -3.591816e-02 -9.147877e-01
<VARIANCE> 25
 2.082845e+01 2.983905e+01 2.738841e+01 2.732174e+01 7.286686e+01 5.093574e+01 6.221654e+01 6.342915e+01 4.499063e+01 3.224608e+01 3.737512e+01 2.854674e+01 9.459391e-01 1.243563e+00 1.445736e+00 1.639365e+00 2.314636e+00 2.412199e+00 3.521797e+00 3.506441e+00 3.216615e+00 2.055693e+00 2.534517e+00 1.712471e+00 6.177735e-01
<GCONST> 9.788295e+01
<STATE> 4
<MEAN> 25
 -1.768215e+00 3.867118e+00 1.906548e+00 5.242272e+00 2.237079e+00 2.306187e+00 5.047615e-01 -2.641934e+00 -3.342535e-01 -6.834844e-01 -3.170359e-01 4.772481e-01 -2.383592e-01 6.005093e-02 -1.564561e-02 4.056174e-02 3.529438e-02 6.042808e-02 1.242533e-01 1.047216e-01 4.262869e-02 -1.346607e-01 5.745503e-02 1.481163e-01 -2.251982e-01
<VARIANCE> 25
 3.978280e+01 2.435969e+01 2.230669e+01 3.165760e+01 3.633149e+01 3.366507e+01 3.098707e+01 3.542824e+01 3.331552e+01 2.233807e+01 2.372939e+01 2.275327e+01 5.122854e-01 8.250522e-01 9.111388e-01 1.072931e+00 1.273595e+00 1.420987e+00 1.524686e+00 1.885518e+00 1.675195e+00 1.546108e+00 1.407075e+00 1.286595e+00 3.605733e-01
<GCONST> 8.768758e+01
<TRANSP> 5
 0.000000e+00 1.000000e+00 0.000000e+00 0.000000e+00 0.000000e+00
 0.000000e+00 5.073050e-01 4.926950e-01 0.000000e+00 0.000000e+00
 0.000000e+00 0.000000e+00 4.627980e-01 5.372019e-01 0.000000e+00
 0.000000e+00 0.000000e+00 0.000000e+00 8.242565e-01 1.757435e-01
 0.000000e+00 0.000000e+00 0.000000e+00 0.000000e+00 0.000000e+00
<ENDHMM>
~h "o"
<BEGINHMM>
<NUMSTATES> 5
<STATE> 2
<MEAN> 25
 2.752240e+00 1.382393e+00 -1.480541e+00 -2.479091e+00 -2.378264e+00 -8.846391e-01 -3.485875e-01 5.609964e-01 1.274360e+00 -3.364273e-01 -4.209208e-01 4.042429e-02 1.499933e+00 5.701360e-01 -5.446978e-01 -1.045465e+00 -6.123511e-01 -9.938822e-02 2.150137e-01 1.068191e-01 -4.701420e-02 3.354708e-01 -5.488762e-02 -4.851153e-01 8.688312e-01
<VARIANCE> 25
 8.043685e+01 3.601989e+01 3.930302e+01 5.326627e+01 6.915698e+01 1.037458e+02 5.010209e+01 5.660499e+01 4.199579e+01 3.857990e+01 3.043670e+01 2.626080e+01 5.325421e+00 3.695313e+00 3.469488e+00 5.412482e+00 4.416602e+00 6.844889e+00 3.843517e+00 3.567238e+00 3.766135e+00 3.590039e+00 2.403142e+00 2.394411e+00 3.026685e+00
<GCONST> 1.098685e+02
<STATE> 3
<MEAN> 25
 7.874267e+00 2.621423e+00 -2.104831e+00 -5.144498e+00 -5.356026e+00 -3.993596e+00 -1.472133e+00 2.247418e+00 3.080051e+00 -1.155405e-01 -1.926520e+00 -1.192578e+00 1.078208e+00 -2.228453e-01 -6.918984e-01 -1.105218e+00 -1.458055e-01 1.022621e-01 -5.907475e-02 -3.378387e-01 -3.185786e-01 4.213359e-01 2.371906e-01 -2.310839e-01 9.313222e-01
<VARIANCE> 25
 3.926490e+01 4.771616e+01 4.605671e+01 6.079430e+01 6.950186e+01 1.398265e+02 5.586617e+01 6.863190e+01 6.122276e+01 4.777607e+01 3.550712e+01 3.432210e+01 5.554981e+00 3.695108e+00 3.478077e+00 5.708211e+00 5.362725e+00 8.892610e+00 4.127819e+00 4.510889e+00 4.662450e+00 4.265657e+00 2.838596e+00 2.987543e+00 4.576549e+00
<GCONST> 1.133878e+02
<STATE> 4
<MEAN> 25
 7.507919e+00 1.305547e+00 -5.663181e+00 -1.046598e+01 -9.884802e-01 6.364401e+00 9.566172e-01 -2.784916e+00 -1.290018e+00 2.680033e-01 1.347310e+00 6.827777e-02 -2.160367e-01 5.658351e-02 1.701858e-01 4.348225e-01 2.180112e-01 -3.470059e-02 -5.789809e-04 -2.431994e-02 2.246375e-02 9.217985e-03 6.539520e-02 4.617115e-02 -2.567303e-01
<VARIANCE> 25
 2.421224e+01 2.422749e+01 2.552223e+01 5.801014e+01 4.217869e+01 6.038298e+01 3.962671e+01 3.178592e+01 3.248172e+01 3.551817e+01 2.349716e+01 2.506762e+01 5.631343e-01 1.127798e+00 1.132066e+00 1.830540e+00 1.510548e+00 1.965521e+00 1.840670e+00 1.469359e+00 1.823604e+00 1.737643e+00 1.430510e+00 1.411275e+00 7.007974e-01
<GCONST> 9.188998e+01
<TRANSP> 5
 0.000000e+00 1.000000e+00 0.000000e+00 0.000000e+00 0.000000e+00
 0.000000e+00 2.743187e-01 7.256813e-01 0.000000e+00 0.000000e+00
 0.000000e+00 0.000000e+00 5.464342e-01 4.535658e-01 0.000000e+00
 0.000000e+00 0.000000e+00 0.000000e+00 8.139411e-01 1.860589e-01
 0.000000e+00 0.000000e+00 0.000000e+00 0.000000e+00 0.000000e+00
<ENDHMM>
~h "p"
<BEGINHMM>
<NUMSTATES> 5
<STATE> 2
<MEAN> 25
 -1.365744e+00 5.261995e+00 -2.001815e+00 -4.809421e-01 1.243824e+00 -2.967881e-01 -4.381454e-01 1.038371e+00 1.556424e+00 1.279034e+00 4.951767e-01 -7.547881e-01 -2.377898e+00 6.693737e-01 2.006963e-01 2.929457e-01 5.114968e-01 9.892497e-01 3.437394e-01 1.412105e-01 5.132151e-01 1.476937e-02 4.604331e-01 4.047873e-01 -2.145113e+00
<VARIANCE> 25
 8.210194e+01 3.365115e+01 2.887350e+01 4.011191e+01 3.930529e+01 4.888725e+01 3.053528e+01 3.465803e+01 3.465127e+01 3.013576e+01 2.359118e+01 1.982304e+01 3.898577e+00 4.320459e+00 2.705590e+00 3.792195e+00 3.093477e+00 4.251841e+00 2.754697e+00 3.064664e+00 3.678396e+00 2.935266e+00 2.520104e+00 2.102591e+00 4.283028e+00
<GCONST> 1.039131e+02
<STATE> 3
<MEAN> 25
 -7.586240e+00 4.285820e+00 -1.557505e+00 1.558027e+00 4.406331e+00 3.575598e+00 1.358165e+00 1.291677e+00 2.585145e+00 2.375522e+00 1.942909e+00 9.745961e-01 1.693125e+00 -1.668689e+00 -2.896612e-01 2.511014e-01 -5.092569e-01 5.369231e-01 1.564268e-01 -2.933206e-01 4.751791e-01 -3.852149e-01 -5.798479e-02 3.297701e-01 1.899955e+00
<VARIANCE> 25
 5.702923e+01 3.451060e+01 2.687811e+01 3.565014e+01 3.480293e+01 3.746857e+01 2.887003e+01 3.156370e+01 3.698412e+01 2.765570e+01 2.168759e+01 1.832221e+01 8.178363e+00 5.431179e+00 3.688185e+00 4.865242e+00 3.498981e+00 4.749804e+00 3.316749e+00 3.480202e+00 3.792063e+00 3.018010e+00 2.186893e+00 2.443777e+00 6.042424e+00
<GCONST> 1.051499e+02
<STATE> 4
<MEAN> 25
 -2.330637e+00 1.273531e+00 -2.348305e+00 2.233781e+00 6.055557e-01 3.549141e+00 1.152183e+00 3.888474e-01 4.178108e+00 -4.494478e-01 1.933813e+00 1.560616e+00 2.634807e+00 -8.022059e-01 -4.814762e-01 -8.781981e-01 -6.445055e-01 -1.336205e+00 -6.504829e-01 -1.713046e-01 -6.282734e-01 4.906080e-02 -5.534375e-01 -7.156434e-01 2.537268e+00
<VARIANCE> 25
 4.401174e+01 3.061393e+01 2.222460e+01 3.499490e+01 2.219821e+01 4.080754e+01 2.826491e+01 2.367404e+01 2.787177e+01 2.227354e+01 2.477236e+01 1.911865e+01 6.671180e+00 4.206811e+00 2.994066e+00 5.171595e+00 4.090467e+00 6.286048e+00 3.306711e+00 3.595699e+00 4.069789e+00 3.369356e+00 2.697857e+00 2.598595e+00 5.583774e+00
<GCONST> 1.037981e+02
<TRANSP> 5
 0.000000e+00 1.000000e+00 0.000000e+00 0.000000e+00 0.000000e+00
 0.000000e+00 6.873409e-01 3.126591e-01 0.000000e+00 0.000000e+00
 0.000000e+00 0.000000e+00 3.916908e-01 6.083092e-01 0.000000e+00
 0.000000e+00 0.000000e+00 0.000000e+00 6.007969e-01 3.992031e-01
 0.000000e+00 0.000000e+00 0.000000e+00 0.000000e+00 0.000000e+00
<ENDHMM>
~h "r"
<BEGINHMM>
<NUMSTATES> 5
<STATE> 2
<MEAN> 25
 7.398294e+00 -3.783008e+00 -1.807740e+00 1.357066e+00 -2.795942e+00 -2.941174e+00 -4.224952e-01 -6.633322e-01 -1.304829e+00 1.242000e-01 2.233134e-01 3.670085e-01 -1.892209e-03 4.649801e-01 3.798661e-02 1.153327e+00 -2.074002e-01 -1.818045e-01 2.828993e-01 -7.489854e-01 -7.446358e-01 -6.177372e-01 7.633617e-01 5.043863e-01 -5.227423e-01
<VARIANCE> 25
 4.013120e+01 4.280443e+01 3.695960e+01 3.717172e+01 4.667076e+01 6.782322e+01 5.202584e+01 5.237643e+01 6.331635e+01 4.947560e+01 3.713339e+01 2.899673e+01 3.529267e+00 4.488630e+00 3.226883e+00 4.733457e+00 4.372898e+00 5.910542e+00 3.714985e+00 4.896092e+00 6.115135e+00 4.245566e+00 3.379207e+00 2.715844e+00 4.156190e+00
<GCONST> 1.101624e+02
<STATE> 3
<MEAN> 25
 8.744673e+00 -2.134957e+00 -2.208192e+00 2.488889e+00 -2.330430e+00 -2.896117e+00 2.796829e+00 -2.231871e+00 -7.668089e+00 -1.709269e+00 4.224894e+00 1.643268e+00 -4.896902e-01 2.238276e-01 5.535613e-01 3.861704e-01 1.753229e-01 4.477601e-01 -1.700279e-01 -6.170238e-01 -4.671332e-02 -7.462092e-03 2.369200e-01 -1.264320e-01 -4.037481e-01
<VARIANCE> 25
 3.513979e+01 2.503517e+01 3.315961e+01 3.419163e+01 4.786140e+01 7.279584e+01 6.252454e+01 6.808560e+01 1.105564e+02 5.612020e+01 4.412550e+01 3.330107e+01 1.876953e+00 2.844138e+00 3.195650e+00 2.784633e+00 3.709246e+00 6.901699e+00 4.146906e+00 4.889101e+00 5.487494e+00 5.071765e+00 3.095732e+00 3.386573e+00 1.711115e+00
<GCONST> 1.086237e+02
<STATE> 4
<MEAN> 25
 5.529358e+00 -2.845704e+00 1.925378e-01 3.550379e+00 -2.592628e+00 -3.002106e+00 -1.234388e+00 -1.769618e+00 -1.300886e+00 -5.574619e-01 1.474802e+00 4.052017e-01 -2.907986e-01 2.158820e-01 3.994367e-01 -3.777456e-01 2.156100e-01 -9.063385e-03 -2.402533e-01 2.030850e-01 2.423917e-01 7.367080e-02 -1.300024e-01 -1.349875e-01 -8.732404e-02
<VARIANCE> 25
 2.621412e+01 2.780833e+01 4.202726e+01 3.655391e+01 4.373429e+01 7.281159e+01 4.579387e+01 6.784887e+01 6.505491e+01 3.766444e+01 3.416525e+01 2.690998e+01 1.440543e+00 2.158225e+00 2.269699e+00 2.748840e+00 2.730203e+00 3.723613e+00 2.327742e+00 3.318174e+00 3.537875e+00 3.015201e+00 2.554962e+00 2.258201e+00 1.411214e+00
<GCONST> 1.024035e+02
<TRANSP> 5
 0.000000e+00 1.000000e+00 0.000000e+00 0.000000e+00 0.000000e+00
 0.000000e+00 2.208565e-01 7.791435e-01 0.000000e+00 0.000000e+00
 0.000000e+00 0.000000e+00 4.306939e-01 5.693061e-01 0.000000e+00
 0.000000e+00 0.000000e+00 0.000000e+00 4.532424e-01 5.467576e-01
 0.000000e+00 0.000000e+00 0.000000e+00 0.000000e+00 0.000000e+00
<ENDHMM>
~h "s"
<BEGINHMM>
<NUMSTATES> 5
<STATE> 2
<MEAN> 25
 1.027685e+00 -4.112679e+00 8.734584e+00 1.954742e+00 -2.883127e-01 5.457146e+00 2.328371e+00 -1.239746e+00 2.146557e+00 -1.021999e+00 1.807911e+00 3.530602e+00 -2.117761e+00 -1.468059e+00 2.732247e+00 1.892177e-01 6.818426e-02 1.230350e+00 9.379208e-01 3.309590e-01 1.017193e+00 -7.783089e-01 9.108631e-01 8.913409e-01 6.856652e-01
<VARIANCE> 25
 5.435497e+01 6.804382e+01 1.120366e+02 3.895470e+01 5.008827e+01 9.320193e+01 4.553224e+01 4.988034e+01 2.975489e+01 3.718158e+01 3.180224e+01 2.280591e+01 4.093721e+00 9.292899e+00 9.870299e+00 4.198635e+00 5.434951e+00 6.112988e+00 5.131684e+00 4.775402e+00 4.046824e+00 3.939860e+00 3.294138e+00 2.356112e+00 2.349227e+00
<GCONST> 1.120533e+02
<STATE> 3
<MEAN> 25
 -4.858306e+00 -1.246647e+01 1.721572e+01 1.869754e+00 -1.409970e+00 1.026796e+01 3.654592e+00 -1.018559e+00 4.420624e+00 -3.279797e+00 4.210717e+00 6.087415e+00 -4.562324e-02 1.117891e+00 -1.368307e+00 -3.770221e-02 4.273709e-01 -5.093578e-01 -8.608751e-02 -1.692902e-01 -1.683408e-01 7.418147e-02 -1.019450e-01 -2.233533e-01 -4.380094e-01
<VARIANCE> 25
 3.163997e+01 1.126664e+02 1.213487e+02 3.516740e+01 3.818423e+01 8.854850e+01 3.784134e+01 3.705114e+01 2.799592e+01 2.842243e+01 2.425447e+01 1.860925e+01 5.658451e+00 6.701486e+00 5.700768e+00 2.721386e+00 3.094548e+00 3.196478e+00 3.499977e+00 2.581852e+00 2.480922e+00 2.496564e+00 2.219624e+00 1.680210e+00 1.828987e+00
<GCONST> 1.052615e+02
<STATE> 4
<MEAN> 25
 -7.742313e+00 4.377338e+00 5.182564e-03 -1.356819e-01 3.452589e+00 -4.611902e+00 3.765701e+00 -1.981166e+00 2.383412e+00 -2.287712e+00 5.641264e-01 1.897555e+00 5.923726e-01 4.758625e-02 -3.911143e-01 -1.517283e-01 -2.488291e-01 -4.347247e-01 -3.672828e-01 -2.010954e-01 -2.712845e-01 9.809118e-02 -3.577502e-01 -3.006825e-01 -2.015473e-02
<VARIANCE> 25
 4.855650e+01 4.103685e+01 4.273938e+01 3.049624e+01 3.455957e+01 5.914985e+01 3.356964e+01 3.427824e+01 2.797602e+01 2.636926e+01 2.368574e+01 1.831611e+01 6.117403e+00 3.839910e+00 4.376719e+00 2.516499e+00 3.290476e+00 3.616414e+00 3.310903e+00 2.904898e+00 2.801653e+00 2.621987e+00 2.556221e+00 1.975955e+00 1.795486e+00
<GCONST> 1.025588e+02
<TRANSP> 5
 0.000000e+00 1.000000e+00 0.000000e+00 0.000000e+00 0.000000e+00
 0.000000e+00 5.907943e-01 4.092056e-01 0.000000e+00 0.000000e+00
 0.000000e+00 0.000000e+00 6.644690e-01 3.355310e-01 0.000000e+00
 0.000000e+00 0.000000e+00 0.000000e+00 7.703387e-01 2.296613e-01
 0.000000e+00 0.000000e+00 0.000000e+00 0.000000e+00 0.000000e+00
<ENDHMM>
~h "t"
<BEGINHMM>
<NUMSTATES> 5
<STATE> 2
<MEAN> 25
 -1.307989e+00 4.125260e+00 1.881100e+00 2.372585e+00 2.064516e+00 5.397846e-01 8.473455e-02 -2.157197e+00 -1.304573e+00 4.316744e-01 3.134206e-01 6.971723e-01 -2.520084e+00 1.135620e+00 -8.440775e-01 2.981474e-01 7.733660e-01 1.011362e+00 6.481212e-01 8.443660e-01 1.056131e+00 -2.700523e-01 7.467679e-01 4.058150e-01 -2.701459e+00
<VARIANCE> 25
 6.454186e+01 3.482651e+01 3.547642e+01 4.725455e+01 5.656260e+01 6.358094e+01 4.221506e+01 5.472851e+01 5.161467e+01 3.103303e+01 3.239847e+01 2.186832e+01 3.596294e+00 4.785279e+00 3.042543e+00 4.387727e+00 4.295105e+00 5.787302e+00 4.566455e+00 4.562562e+00 4.743362e+00 3.246052e+00 3.802773e+00 2.016060e+00 5.685801e+00
<GCONST> 1.091596e+02
<STATE> 3
<MEAN> 25
 -5.730697e+00 1.030783e+00 4.981216e-01 1.159909e+00 1.050875e+00 3.975501e+00 1.039252e+00 -9.950530e-01 2.339340e+00 3.349848e-01 1.868051e+00 1.860589e+00 1.309071e+00 -2.054357e+00 2.636278e-01 -5.056101e-01 -1.715713e+00 6.454199e-01 1.927315e-02 -4.212135e-01 9.282371e-01 -6.059852e-01 2.182181e-01 7.081264e-01 2.135579e+00
<VARIANCE> 25
 4.989845e+01 6.503783e+01 4.361667e+01 4.235066e+01 5.152010e+01 7.028079e+01 3.932214e+01 4.449361e+01 3.955227e+01 3.050829e+01 2.654243e+01 2.336385e+01 9.260557e+00 7.409865e+00 5.995636e+00 5.460325e+00 6.716260e+00 7.844451e+00 4.312576e+00 5.413603e+00 4.328832e+00 3.670222e+00 3.422130e+00 2.850891e+00 9.296892e+00
<GCONST> 1.128455e+02
<STATE> 4
<MEAN> 25
 -5.540260e+00 1.103699e+00 -9.362527e-01 2.738570e+00 -4.693223e-01 2.206573e+00 2.404242e+00 1.213599e+00 5.206942e+00 -1.546501e+00 3.356229e+00 3.736214e+00 9.957689e-01 -6.109613e-01 1.280754e-02 -8.017889e-01 -2.360251e-01 -8.598947e-01 -4.898925e-01 -1.862632e-01 -3.154742e-01 6.265764e-02 -4.714850e-01 -2.197073e-01 1.510764e+00
<VARIANCE> 25
 3.132009e+01 3.562019e+01 2.645991e+01 3.987743e+01 2.261701e+01 5.056438e+01 2.612799e+01 3.024369e+01 2.648645e+01 1.864953e+01 2.088883e+01 1.553963e+01 4.073305e+00 2.956878e+00 2.126994e+00 4.037376e+00 2.574650e+00 4.702122e+00 3.309494e+00 3.060343e+00 2.853272e+00 2.586954e+00 2.663160e+00 1.794785e+00 6.118430e+00
<GCONST> 1.004474e+02
<TRANSP> 5
 0.000000e+00 1.000000e+00 0.000000e+00 0.000000e+00 0.000000e+00
 0.000000e+00 6.011153e-01 3.988847e-01 0.000000e+00 0.000000e+00
 0.000000e+00 0.000000e+00 3.956380e-01 6.043620e-01 0.000000e+00
 0.000000e+00 0.000000e+00 0.000000e+00 7.054126e-01 2.945875e-01
 0.000000e+00 0.000000e+00 0.000000e+00 0.000000e+00 0.000000e+00
<ENDHMM>
~h "u"
<BEGINHMM>
<NUMSTATES> 5
<STATE> 2
<MEAN> 25
 7.145028e+00 4.342160e+00 4.036803e+00 3.332537e-01 -4.995779e+00 -7.835168e+00 -6.945103e+00 1.957637e+00 2.889807e+00 -5.192723e+00 -3.469600e+00 -1.002139e+00 6.308400e-01 7.302108e-01 -1.623941e-01 -4.146598e-01 -1.448490e-01 -2.019827e-01 -5.659354e-01 -3.015589e-01 -2.354633e-01 3.553772e-01 -2.342764e-02 -3.216767e-01 1.004822e-01
<VARIANCE> 25
 2.764238e+01 5.365104e+01 6.532785e+01 5.003995e+01 6.899544e+01 1.149156e+02 5.993155e+01 8.440781e+01 5.712179e+01 6.301350e+01 5.302865e+01 3.126833e+01 3.503605e+00 3.786328e+00 4.094839e+00 3.774680e+00 5.294470e+00 9.547804e+00 5.701314e+00 6.273242e+00 5.388903e+00 4.699136e+00 3.575339e+00 2.809664e+00 2.324402e+00
<GCONST> 1.136556e+02
<STATE> 3
<MEAN> 25
 7.031420e+00 3.239389e+00 -7.771868e-01 -3.729951e+00 -2.728244e+00 -9.793250e-01 -6.012981e+00 -4.492276e+00 -2.073249e+00 -2.002826e-01 1.532824e-01 -1.227723e+00 1.367566e-01 3.563181e-01 -4.204459e-01 -7.448894e-01 1.519794e-01 1.077612e+00 2.012571e-01 -7.898097e-01 -1.000745e+00 3.543875e-01 7.032245e-01 2.384875e-01 -1.504238e-01
<VARIANCE> 25
 2.825496e+01 4.128604e+01 3.748573e+01 5.204188e+01 5.291266e+01 5.897695e+01 5.806499e+01 6.387477e+01 6.043571e+01 5.902944e+01 4.489149e+01 2.728263e+01 2.279593e+00 2.646410e+00 2.911554e+00 3.434736e+00 3.852586e+00 5.255136e+00 4.278923e+00 4.319614e+00 5.001038e+00 3.955045e+00 2.697254e+00 2.538084e+00 1.739130e+00
<GCONST> 1.076254e+02
<STATE> 4
<MEAN> 25
 5.931897e+00 5.422902e+00 -2.157613e+00 -5.706681e+00 -3.104453e+00 3.504353e+00 -2.788557e+00 -5.783566e+00 -4.498395e+00 -1.730692e+00 2.112015e+00 1.118151e+00 -3.727129e-01 -5.300401e-02 3.447378e-02 3.861384e-01 3.193835e-01 1.251290e-01 2.759701e-01 1.643870e-01 2.648502e-01 3.806394e-02 -2.048241e-02 2.021721e-02 -3.419680e-01
<VARIANCE> 25
 2.240371e+01 3.017141e+01 2.820501e+01 5.743198e+01 3.848962e+01 4.172075e+01 4.565209e+01 3.983369e+01 5.124724e+01 4.809112e+01 3.030591e+01 2.300799e+01 7.874410e-01 1.422232e+00 1.372526e+00 2.006305e+00 1.850479e+00 2.344260e+00 2.337514e+00 2.226145e+00 2.433936e+00 2.555977e+00 1.779376e+00 1.670391e+00 6.767556e-01
<GCONST> 9.586706e+01
<TRANSP> 5
 0.000000e+00 1.000000e+00 0.000000e+00 0.000000e+00 0.000000e+00
 0.000000e+00 5.760519e-01 4.239481e-01 0.000000e+00 0.000000e+00
 0.000000e+00 0.000000e+00 3.120839e-01 6.879161e-01 0.000000e+00
 0.000000e+00 0.000000e+00 0.000000e+00 7.691032e-01 2.308968e-01
 0.000000e+00 0.000000e+00 0.000000e+00 0.000000e+00 0.000000e+00
<ENDHMM>
~h "v"
<BEGINHMM>
<NUMSTATES> 5
<STATE> 2
<MEAN> 25
 1.477253e+00 -1.230585e+01 3.334474e+00 1.523636e+00 -1.976274e+00 1.402782e+01 1.918205e+00 -3.329855e+00 1.989422e+00 -2.798943e+00 3.163295e+00 2.620467e+00 -5.072055e-01 -7.891145e-01 -3.940169e-01 -1.054215e+00 -1.378220e+00 4.234069e-01 4.855247e-01 8.411944e-01 9.668257e-01 -2.112882e-01 -4.222403e-01 -8.267353e-02 -9.144167e-02
<VARIANCE> 25
 2.260806e+01 5.885560e+01 9.876456e+00 3.277724e+01 4.574600e+01 5.778808e+01 1.748191e+01 3.338507e+01 2.548865e+01 1.511816e+01 7.707779e+00 1.352636e+01 1.740423e+00 5.359033e+00 5.667111e-01 3.408265e+00 4.634589e+00 4.428885e+00 3.244437e+00 3.122346e+00 2.319737e+00 1.331592e+00 8.916855e-01 1.043376e+00 5.263188e-01
<GCONST> 9.241261e+01
<STATE> 3
<MEAN> 25
 2.704779e+00 -1.622835e+00 -2.645035e+00 2.528592e+00 9.318317e-01 1.354273e+00 -1.282114e-01 -1.832171e+00 1.261931e+00 -1.335080e+00 -3.296186e-01 1.447257e+00 2.602793e+00 1.755635e+00 -1.644143e+00 9.383691e-01 9.799172e-01 -3.364692e+00 -5.237313e-01 -7.469668e-01 -1.800198e+00 -3.192064e-01 -7.465761e-01 -1.448684e-01 1.223678e+00
<VARIANCE> 25
 6.100685e+01 5.313313e+01 1.948314e+01 3.875023e+01 3.284379e+01 9.198248e+01 3.789325e+01 2.601073e+01 5.159626e+01 4.055638e+01 1.209784e+01 2.867362e+01 6.121032e+00 1.004216e+01 2.165987e+00 1.943320e+00 7.187093e+00 7.226657e+00 5.232099e+00 3.832349e+00 6.078473e+00 2.574622e+00 1.612127e+00 2.318565e+00 3.700938e+00
<GCONST> 1.069409e+02
<STATE> 4
<MEAN> 25
 8.679153e+00 -7.162341e+00 5.431009e+00 1.464315e+01 7.113558e+00 -3.230492e+00 -9.126196e+00 -6.602778e+00 -5.173687e+00 -8.182359e+00 -7.388662e-01 1.251640e+00 -1.931522e-01 -3.397811e-01 5.347932e-01 2.829855e-01 -3.879019e-02 -4.262610e-02 -4.747799e-01 -1.538603e-01 3.938082e-01 8.246163e-02 -2.977903e-01 -3.326866e-01 7.874489e-02
<VARIANCE> 25
 2.387906e+01 2.482963e+01 6.335868e+01 6.093307e+01 4.543465e+01 6.576891e+01 6.083937e+01 5.278371e+01 8.110664e+01 2.741974e+01 3.923944e+01 3.299411e+01 1.643490e+00 2.676975e+00 2.790107e+00 2.643868e+00 3.139565e+00 5.832124e+00 3.399572e+00 3.810146e+00 3.585533e+00 2.324402e+00 2.193347e+00 2.289854e+00 1.596244e+00
<GCONST> 1.046910e+02
<TRANSP> 5
 0.000000e+00 1.000000e+00 0.000000e+00 0.000000e+00 0.000000e+00
 0.000000e+00 7.160464e-01 2.839536e-01 0.000000e+00 0.000000e+00
 0.000000e+00 0.000000e+00 6.361267e-01 3.638733e-01 0.000000e+00
 0.000000e+00 0.000000e+00 0.000000e+00 9.015164e-01 9.848363e-02
 0.000000e+00 0.000000e+00 0.000000e+00 0.000000e+00 0.000000e+00
<ENDHMM>
~h "w"
<BEGINHMM>
<NUMSTATES> 5
<STATE> 2
<MEAN> 25
 -6.487795e+00 1.863056e+00 -2.004999e+00 -8.692641e-01 4.796899e-01 1.168691e+00 -5.809203e-01 -5.230129e-01 -1.208260e-01 9.595898e-01 2.785213e+00 3.116274e-01 2.200302e-01 2.973824e-01 9.912841e-02 -7.215858e-02 -1.032151e-01 6.722303e-02 1.330978e-01 1.992657e-02 -1.147974e-01 -3.767251e-02 2.506699e-02 1.219273e-01 -4.112165e-02
<VARIANCE> 25
 1.150992e+02 1.835945e+01 1.632161e+01 5.424266e+01 4.375293e+01 2.770238e+01 2.602073e+01 2.997528e+01 3.204800e+01 2.696743e+01 2.432468e+01 2.381151e+01 7.325037e-01 7.100430e-01 6.793727e-01 9.826418e-01 8.919718e-01 1.507390e+00 1.271472e+00 1.624761e+00 1.538010e+00 1.760954e+00 1.453249e+00 2.059677e+00 4.406978e-01
<GCONST> 8.850877e+01
<STATE> 3
<MEAN> 25
 1.853025e+00 4.168054e+00 -3.657382e+00 -4.206779e+00 -3.365187e-01 2.619485e+00 -1.249092e+00 -1.165565e+00 -1.580713e+00 2.611035e-01 1.808626e-01 -1.946580e+00 3.076742e+00 2.911932e-01 -1.145817e+00 -1.171027e+00 -1.557004e-01 5.977699e-01 -1.005228e-01 -7.655878e-01 -1.839434e-02 1.493282e-01 -7.660433e-01 -8.747861e-01 2.090675e+00
<VARIANCE> 25
 1.151403e+02 3.518239e+01 3.400669e+01 5.510317e+01 5.803344e+01 6.218314e+01 2.883226e+01 2.781067e+01 3.218689e+01 2.779348e+01 2.905224e+01 2.750347e+01 7.410131e+00 4.112306e+00 4.578338e+00 4.591937e+00 4.890916e+00 3.606471e+00 2.444187e+00 2.709976e+00 3.863135e+00 2.545901e+00 2.772884e+00 2.749811e+00 4.121946e+00
<GCONST> 1.071041e+02
<STATE> 4
<MEAN> 25
 1.055709e+01 -3.152666e+00 -7.573049e+00 -9.332631e+00 3.235747e+00 7.150873e+00 -3.094301e+00 -3.441711e+00 5.774137e-01 2.523426e+00 -4.162919e+00 -4.643198e+00 -2.783538e-01 -4.829776e-01 1.610202e-01 4.690550e-01 6.319531e-01 -2.614324e-02 2.385764e-01 3.676966e-01 4.418024e-01 -1.194879e-02 -4.459554e-01 -1.401208e-01 1.427093e-01
<VARIANCE> 25
 1.184580e+01 3.385764e+01 2.590411e+01 5.445461e+01 5.615907e+01 4.810907e+01 2.157251e+01 2.114439e+01 2.782116e+01 2.293626e+01 2.833851e+01 2.078344e+01 4.550658e-01 1.794246e+00 1.207538e+00 1.543454e+00 1.604561e+00 1.536638e+00 1.532124e+00 1.187602e+00 1.364497e+00 1.195544e+00 1.262078e+00 1.548996e+00 9.064087e-01
<GCONST> 8.903658e+01
<TRANSP> 5
 0.000000e+00 1.000000e+00 0.000000e+00 0.000000e+00 0.000000e+00
 0.000000e+00 7.175682e-01 2.824318e-01 0.000000e+00 0.000000e+00
 0.000000e+00 0.000000e+00 6.533448e-01 3.466552e-01 0.000000e+00
 0.000000e+00 0.000000e+00 0.000000e+00 8.050272e-01 1.949728e-01
 0.000000e+00 0.000000e+00 0.000000e+00 0.000000e+00 0.000000e+00
<ENDHMM>
~h "y"
<BEGINHMM>
<NUMSTATES> 5
<STATE> 2
<MEAN> 25
 3.745095e+00 -1.864485e+00 5.931973e+00 2.464416e+00 -2.861591e+00 -5.589915e+00 -3.353327e+00 -1.431529e+00 -3.760042e+00 1.568676e+00 1.422254e+00 3.939755e-01 1.057566e+00 -7.472486e-01 3.601927e-01 -3.269285e-02 -7.277790e-01 -9.910040e-01 8.506643e-02 4.309236e-01 -3.516067e-01 -3.521521e-02 8.666920e-02 4.471226e-01 1.373879e+00
<VARIANCE> 25
 6.048662e+01 5.285308e+01 6.094624e+01 8.077923e+01 7.039944e+01 5.414260e+01 6.231871e+01 8.954493e+01 5.771245e+01 2.997262e+01 2.706829e+01 2.676549e+01 3.820610e+00 4.124135e+00 4.297573e+00 5.480107e+00 4.408320e+00 4.447585e+00 4.074772e+00 4.842089e+00 4.011747e+00 2.789093e+00 2.356814e+00 2.331438e+00 2.659376e+00
<GCONST> 1.104039e+02
<STATE> 3
<MEAN> 25
 5.138207e+00 -7.044773e+00 4.267947e+00 -1.197191e+00 -5.959556e+00 -8.562120e+00 3.483930e-01 6.443481e+00 -3.283668e+00 -6.171936e-02 6.185117e-02 1.185567e+00 9.201310e-02 -1.930963e-01 -5.664954e-01 -6.397264e-02 5.253595e-01 4.232855e-01 2.376006e-01 1.626358e-01 4.073188e-01 -6.747612e-02 -5.912196e-01 -1.829584e-01 -4.902673e-02
<VARIANCE> 25
 2.534249e+01 2.116266e+01 4.032322e+01 2.790288e+01 3.737019e+01 3.149599e+01 4.487627e+01 7.516920e+01 3.674532e+01 2.884637e+01 4.439427e+01 2.509315e+01 2.305428e-01 7.744535e-01 1.397194e+00 9.907591e-01 1.801482e+00 1.236679e+00 1.274942e+00 1.963844e+00 1.551915e+00 1.096758e+00 1.634113e+00 1.178750e+00 3.486036e-01
<GCONST> 8.888809e+01
<STATE> 4
<MEAN> 25
 -1.938818e+00 1.531414e+00 -1.804038e+00 5.405565e+00 3.092366e+00 2.093251e+00 3.863260e+00 1.256345e-01 1.574136e+00 -1.656852e+00 -1.869566e+00 2.224255e+00 -6.793527e-02 1.187621e-01 -4.061332e-02 4.744443e-02 8.672126e-02 1.634143e-01 7.266120e-02 -6.112119e-02 1.773871e-02 -2.287265e-02 -3.664074e-02 2.385676e-02 -1.608311e-01
<VARIANCE> 25
 3.971255e+01 3.760271e+01 1.934933e+01 3.494173e+01 2.964307e+01 3.428042e+01 3.323367e+01 4.467004e+01 3.056454e+01 2.588379e+01 3.465056e+01 2.737377e+01 2.106061e-01 4.920037e-01 7.511924e-01 9.104887e-01 1.255121e+00 1.359259e+00 1.523265e+00 1.684163e+00 1.702467e+00 1.576832e+00 1.504828e+00 1.231372e+00 2.020271e-01
<GCONST> 8.636137e+01
<TRANSP> 5
 0.000000e+00 1.000000e+00 0.000000e+00 0.000000e+00 0.000000e+00
 0.000000e+00 7.014785e-01 2.985215e-01 0.000000e+00 0.000000e+00
 0.000000e+00 0.000000e+00 8.016410e-01 1.983591e-01 0.000000e+00
 0.000000e+00 0.000000e+00 0.000000e+00 8.700074e-01 1.299926e-01
 0.000000e+00 0.000000e+00 0.000000e+00 0.000000e+00 0.000000e+00
<ENDHMM>
~h "z"
<BEGINHMM>
<NUMSTATES> 5
<STATE> 2
<MEAN> 25
 0.000000e+00 0.000000e+00 0.000000e+00 0.000000e+00 0.000000e+00 0.000000e+00 0.000000e+00 0.000000e+00 0.000000e+00 0.000000e+00 0.000000e+00 0.000000e+00 0.000000e+00 0.000000e+00 0.000000e+00 0.000000e+00 0.000000e+00 0.000000e+00 0.000000e+00 0.000000e+00 0.000000e+00 0.000000e+00 0.000000e+00 0.000000e+00 0.000000e+00
<VARIANCE> 25
 1.000000e+00 1.000000e+00 1.000000e+00 1.000000e+00 1.000000e+00 1.000000e+00 1.000000e+00 1.000000e+00 1.000000e+00 1.000000e+00 1.000000e+00 1.000000e+00 1.000000e+00 1.000000e+00 1.000000e+00 1.000000e+00 1.000000e+00 1.000000e+00 1.000000e+00 1.000000e+00 1.000000e+00 1.000000e+00 1.000000e+00 1.000000e+00 1.000000e+00
<GCONST> 4.594693e+01
<STATE> 3
<MEAN> 25
 0.000000e+00 0.000000e+00 0.000000e+00 0.000000e+00 0.000000e+00 0.000000e+00 0.000000e+00 0.000000e+00 0.000000e+00 0.000000e+00 0.000000e+00 0.000000e+00 0.000000e+00 0.000000e+00 0.000000e+00 0.000000e+00 0.000000e+00 0.000000e+00 0.000000e+00 0.000000e+00 0.000000e+00 0.000000e+00 0.000000e+00 0.000000e+00 0.000000e+00
<VARIANCE> 25
 1.000000e+00 1.000000e+00 1.000000e+00 1.000000e+00 1.000000e+00 1.000000e+00 1.000000e+00 1.000000e+00 1.000000e+00 1.000000e+00 1.000000e+00 1.000000e+00 1.000000e+00 1.000000e+00 1.000000e+00 1.000000e+00 1.000000e+00 1.000000e+00 1.000000e+00 1.000000e+00 1.000000e+00 1.000000e+00 1.000000e+00 1.000000e+00 1.000000e+00
<GCONST> 4.594693e+01
<STATE> 4
<MEAN> 25
 0.000000e+00 0.000000e+00 0.000000e+00 0.000000e+00 0.000000e+00 0.000000e+00 0.000000e+00 0.000000e+00 0.000000e+00 0.000000e+00 0.000000e+00 0.000000e+00 0.000000e+00 0.000000e+00 0.000000e+00 0.000000e+00 0.000000e+00 0.000000e+00 0.000000e+00 0.000000e+00 0.000000e+00 0.000000e+00 0.000000e+00 0.000000e+00 0.000000e+00
<VARIANCE> 25
 1.000000e+00 1.000000e+00 1.000000e+00 1.000000e+00 1.000000e+00 1.000000e+00 1.000000e+00 1.000000e+00 1.000000e+00 1.000000e+00 1.000000e+00 1.000000e+00 1.000000e+00 1.000000e+00 1.000000e+00 1.000000e+00 1.000000e+00 1.000000e+00 1.000000e+00 1.000000e+00 1.000000e+00 1.000000e+00 1.000000e+00 1.000000e+00 1.000000e+00
<GCONST> 4.594693e+01
<TRANSP> 5
 0.000000e+00 1.000000e+00 0.000000e+00 0.000000e+00 0.000000e+00
 0.000000e+00 6.000000e-01 4.000000e-01 0.000000e+00 0.000000e+00
 0.000000e+00 0.000000e+00 6.000000e-01 4.000000e-01 0.000000e+00
 0.000000e+00 0.000000e+00 0.000000e+00 7.000000e-01 3.000000e-01
 0.000000e+00 0.000000e+00 0.000000e+00 0.000000e+00 0.000000e+00
<ENDHMM>
~h "aw"
<BEGINHMM>
<NUMSTATES> 5
<STATE> 2
<MEAN> 25
 0.000000e+00 0.000000e+00 0.000000e+00 0.000000e+00 0.000000e+00 0.000000e+00 0.000000e+00 0.000000e+00 0.000000e+00 0.000000e+00 0.000000e+00 0.000000e+00 0.000000e+00 0.000000e+00 0.000000e+00 0.000000e+00 0.000000e+00 0.000000e+00 0.000000e+00 0.000000e+00 0.000000e+00 0.000000e+00 0.000000e+00 0.000000e+00 0.000000e+00
<VARIANCE> 25
 1.000000e+00 1.000000e+00 1.000000e+00 1.000000e+00 1.000000e+00 1.000000e+00 1.000000e+00 1.000000e+00 1.000000e+00 1.000000e+00 1.000000e+00 1.000000e+00 1.000000e+00 1.000000e+00 1.000000e+00 1.000000e+00 1.000000e+00 1.000000e+00 1.000000e+00 1.000000e+00 1.000000e+00 1.000000e+00 1.000000e+00 1.000000e+00 1.000000e+00
<GCONST> 4.594693e+01
<STATE> 3
<MEAN> 25
 0.000000e+00 0.000000e+00 0.000000e+00 0.000000e+00 0.000000e+00 0.000000e+00 0.000000e+00 0.000000e+00 0.000000e+00 0.000000e+00 0.000000e+00 0.000000e+00 0.000000e+00 0.000000e+00 0.000000e+00 0.000000e+00 0.000000e+00 0.000000e+00 0.000000e+00 0.000000e+00 0.000000e+00 0.000000e+00 0.000000e+00 0.000000e+00 0.000000e+00
<VARIANCE> 25
 1.000000e+00 1.000000e+00 1.000000e+00 1.000000e+00 1.000000e+00 1.000000e+00 1.000000e+00 1.000000e+00 1.000000e+00 1.000000e+00 1.000000e+00 1.000000e+00 1.000000e+00 1.000000e+00 1.000000e+00 1.000000e+00 1.000000e+00 1.000000e+00 1.000000e+00 1.000000e+00 1.000000e+00 1.000000e+00 1.000000e+00 1.000000e+00 1.000000e+00
<GCONST> 4.594693e+01
<STATE> 4
<MEAN> 25
 0.000000e+00 0.000000e+00 0.000000e+00 0.000000e+00 0.000000e+00 0.000000e+00 0.000000e+00 0.000000e+00 0.000000e+00 0.000000e+00 0.000000e+00 0.000000e+00 0.000000e+00 0.000000e+00 0.000000e+00 0.000000e+00 0.000000e+00 0.000000e+00 0.000000e+00 0.000000e+00 0.000000e+00 0.000000e+00 0.000000e+00 0.000000e+00 0.000000e+00
<VARIANCE> 25
 1.000000e+00 1.000000e+00 1.000000e+00 1.000000e+00 1.000000e+00 1.000000e+00 1.000000e+00 1.000000e+00 1.000000e+00 1.000000e+00 1.000000e+00 1.000000e+00 1.000000e+00 1.000000e+00 1.000000e+00 1.000000e+00 1.000000e+00 1.000000e+00 1.000000e+00 1.000000e+00 1.000000e+00 1.000000e+00 1.000000e+00 1.000000e+00 1.000000e+00
<GCONST> 4.594693e+01
<TRANSP> 5
 0.000000e+00 1.000000e+00 0.000000e+00 0.000000e+00 0.000000e+00
 0.000000e+00 6.000000e-01 4.000000e-01 0.000000e+00 0.000000e+00
 0.000000e+00 0.000000e+00 6.000000e-01 4.000000e-01 0.000000e+00
 0.000000e+00 0.000000e+00 0.000000e+00 7.000000e-01 3.000000e-01
 0.000000e+00 0.000000e+00 0.000000e+00 0.000000e+00 0.000000e+00
<ENDHMM>
~h "ay"
<BEGINHMM>
<NUMSTATES> 5
<STATE> 2
<MEAN> 25
 -3.163016e+00 -1.261536e+01 -7.586313e+00 -1.737612e+00 -8.060766e-01 -1.865538e+00 6.742306e+00 -2.763608e-01 -9.980606e+00 1.056989e-01 1.004725e+00 -3.398933e-01 -2.013603e-01 1.032753e+00 -6.110196e-02 -4.118996e-01 6.598289e-01 -1.799517e-01 2.066611e-01 1.968906e-02 -9.209301e-01 1.016214e-01 2.502733e-01 3.559824e-01 -3.938274e-01
<VARIANCE> 25
 5.156075e+01 5.348766e+01 1.382566e+02 2.594852e+01 2.674667e+01 7.826727e+01 1.157794e+01 4.393428e+01 2.283824e+01 2.900206e+01 3.489132e+01 1.200397e+01 1.918405e-01 8.998974e-01 2.207808e+00 6.399404e-01 1.805303e+00 5.304997e+00 1.774870e+00 1.720025e+00 1.091492e+00 9.946554e-01 1.433438e+00 7.240791e-01 3.673132e-01
<GCONST> 8.954834e+01
<STATE> 3
<MEAN> 25
 -6.703380e+00 -3.593766e+00 -1.588676e+01 -7.574353e+00 2.770560e+00 2.141243e+00 1.134271e+01 4.574286e+00 -1.215730e+01 -3.273699e+00 4.793802e+00 3.657036e+00 -1.152230e-01 1.192314e-01 -1.726597e-01 -3.855888e-01 -3.468522e-01 -8.805524e-02 -1.285145e-01 1.522071e-01 1.037053e-03 1.903860e-01 1.971621e-01 4.834687e-02 -1.586205e-01
<VARIANCE> 25
 3.582248e+01 5.349949e+00 9.875213e+01 1.344293e+01 2.165048e+01 4.448085e+01 1.767117e+01 2.203207e+01 1.600336e+01 2.438196e+01 1.541860e+01 1.103812e+01 2.840094e-01 4.054767e-01 6.499320e-01 8.255845e-01 8.305838e-01 1.518206e+00 9.298869e-01 1.714436e+00 2.415199e+00 1.863032e+00 1.048763e+00 1.531346e+00 1.316102e-01
<GCONST> 8.019588e+01
<STATE> 4
<MEAN> 25
 -9.512028e-01 2.801570e-01 4.822377e+00 -4.161579e+00 -1.608665e-01 -6.508295e+00 1.303337e+00 -2.574094e+00 -3.837407e+00 -2.763543e+00 -1.416490e+00 2.886672e+00 2.719746e-01 -5.427247e-01 -7.199526e-01 -2.053677e-01 4.621605e-01 9.424455e-02 -9.761331e-02 2.016055e-01 2.188024e-01 4.331487e-01 -2.965723e-01 -3.448388e-01 1.744610e-01
<VARIANCE> 25
 4.422860e+01 2.642136e+01 1.198922e+02 2.214340e+01 1.696937e+01 2.011088e+01 2.660888e+01 2.644591e+01 3.934266e+01 2.794437e+01 2.482709e+01 1.323645e+01 2.371228e+00 2.113697e+00 2.956338e+00 1.342392e+00 1.024908e+00 1.316590e+00 2.235231e+00 2.714699e+00 2.875377e+00 2.021716e+00 1.536651e+00 1.652309e+00 1.322254e+00
<GCONST> 9.414523e+01
<TRANSP> 5
 0.000000e+00 1.000000e+00 0.000000e+00 0.000000e+00 0.000000e+00
 0.000000e+00 7.800192e-01 2.199808e-01 0.000000e+00 0.000000e+00
 0.000000e+00 0.000000e+00 8.074098e-01 1.925902e-01 0.000000e+00
 0.000000e+00 0.000000e+00 0.000000e+00 8.319746e-01 1.680254e-01
 0.000000e+00 0.000000e+00 0.000000e+00 0.000000e+00 0.000000e+00
<ENDHMM>
~h "eu"
<BEGINHMM>
<NUMSTATES> 5
<STATE> 2
<MEAN> 25
 4.257417e+00 -7.293258e-01 -4.355034e-02 -4.681213e-01 -3.451477e-01 -2.343913e+00 -1.999959e+00 -6.332711e-01 4.026980e-02 1.347692e+00 -7.417839e-01 -9.645785e-01 1.443768e+00 -8.512792e-01 -3.121647e-01 -6.463648e-01 -4.220367e-01 -9.708022e-01 -3.528128e-01 3.500794e-01 -4.114202e-01 4.268511e-01 -4.244168e-01 -2.416396e-01 1.493763e+00
<VARIANCE> 25
 5.126059e+01 4.375291e+01 4.230751e+01 4.373329e+01 5.171508e+01 6.046503e+01 4.605819e+01 5.468918e+01 4.928073e+01 4.476536e+01 4.004910e+01 2.781777e+01 4.967553e+00 5.301574e+00 4.745439e+00 5.152381e+00 5.342748e+00 6.280650e+00 5.174549e+00 5.127493e+00 5.466923e+00 4.869620e+00 3.916471e+00 3.295713e+00 4.477267e+00
<GCONST> 1.123773e+02
<STATE> 3
<MEAN> 25
 6.284144e+00 -2.514278e+00 -3.100121e-01 -1.323512e+00 -1.500759e+00 -3.540308e+00 -2.097877e+00 -4.023775e-03 -5.486208e-01 1.472372e+00 -1.274620e+00 -8.505855e-01 5.818821e-01 -6.523691e-01 -1.485535e-01 -2.563038e-01 -2.414415e-01 -3.693053e-01 -2.077042e-02 7.637499e-02 -3.607405e-01 3.158169e-01 -1.679270e-01 -1.093598e-01 6.670121e-01
<VARIANCE> 25
 4.515652e+01 4.734375e+01 4.532006e+01 4.916808e+01 6.092881e+01 6.716322e+01 5.014348e+01 5.856488e+01 4.897613e+01 5.225165e+01 3.946877e+01 2.858902e+01 1.936751e+00 3.168777e+00 3.180194e+00 2.923159e+00 3.407945e+00 4.270882e+00 3.744207e+00 3.294930e+00 4.045644e+00 3.297693e+00 2.664924e+00 2.436548e+00 1.836656e+00
<GCONST> 1.068053e+02
<STATE> 4
<MEAN> 25
 3.744453e+00 -2.177975e+00 -3.878161e-02 -7.860674e-01 1.606323e-01 -2.590825e+00 -1.617911e+00 3.394921e-01 -7.119186e-01 2.225298e+00 -1.038733e+00 -9.025245e-01 -9.896971e-02 1.973119e-01 1.168761e-01 2.827449e-01 7.566515e-02 1.713997e-01 1.481724e-01 -8.238475e-02 -1.126925e-01 -9.556746e-02 7.189136e-02 3.345871e-02 -3.039222e-01
<VARIANCE> 25
 5.789575e+01 4.253442e+01 4.631105e+01 4.970204e+01 4.919037e+01 6.153196e+01 3.565746e+01 4.351476e+01 5.297098e+01 4.425589e+01 3.769512e+01 3.112764e+01 5.479026e-01 1.204346e+00 1.297251e+00 1.331736e+00 1.682702e+00 1.737034e+00 1.618993e+00 1.674479e+00 1.898943e+00 1.677043e+00 1.528752e+00 1.332030e+00 6.685531e-01
<GCONST> 9.535471e+01
<TRANSP> 5
 0.000000e+00 1.000000e+00 0.000000e+00 0.000000e+00 0.000000e+00
 0.000000e+00 3.340828e-01 6.659173e-01 0.000000e+00 0.000000e+00
 0.000000e+00 0.000000e+00 4.540398e-02 9.545960e-01 0.000000e+00
 0.000000e+00 0.000000e+00 0.000000e+00 6.886087e-01 3.113914e-01
 0.000000e+00 0.000000e+00 0.000000e+00 0.000000e+00 0.000000e+00
<ENDHMM>
~h "kh"
<BEGINHMM>
<NUMSTATES> 5
<STATE> 2
<MEAN> 25
 5.111269e-01 -5.536309e+00 6.259487e-01 5.420045e+00 -6.324204e+00 -7.755957e+00 -1.447293e+00 8.272940e+00 -3.084877e+00 1.416733e+00 -4.470596e-01 -1.817247e+00 -1.462092e-01 3.477792e-01 -7.154630e-03 5.061916e-01 1.048577e-01 -8.457396e-01 9.382204e-01 -9.645237e-01 5.672346e-01 -6.792534e-01 2.237222e-01 6.577386e-01 -4.240557e-01
<VARIANCE> 25
 3.047363e+00 4.621452e+00 1.718696e+01 2.826315e+01 6.617359e+01 5.519162e+00 1.515825e+01 3.502534e+01 2.911141e+01 2.221537e+01 1.707031e+01 1.143356e+01 4.390216e-01 1.182840e+00 7.982676e-01 1.096595e+00 6.865891e+00 6.828641e-01 3.176063e+00 4.044088e+00 4.464261e+00 3.042619e+00 2.215770e+00 1.004040e+00 2.266532e+00
<GCONST> 8.623486e+01
<STATE> 3
<MEAN> 25
 1.148276e+00 -3.189808e+00 1.480888e+00 3.175833e+00 -6.495615e+00 -1.092940e+01 -2.509725e-01 7.828013e+00 -9.069397e-01 1.173429e+00 -1.517432e+00 -1.011366e+00 3.487301e-01 -2.358723e-01 8.333673e-02 -3.986965e-01 -3.765065e-01 6.790007e-01 -1.196105e+00 3.177225e-01 -8.033924e-01 4.715572e-01 -5.054865e-01 -5.606294e-01 -2.039491e-01
<VARIANCE> 25
 4.838906e+00 5.970326e+00 7.624630e+00 2.297505e+01 9.970097e+00 1.148310e+01 4.499950e+01 4.474273e+01 4.901291e+01 2.140039e+01 7.107606e+00 1.299474e+01 3.618143e-01 1.070822e+00 4.460143e-01 2.061253e+00 1.498390e+00 1.607730e+00 8.750069e-01 4.852081e+00 7.558584e+00 1.849397e+00 4.201100e-01 1.256399e+00 1.509820e+00
<GCONST> 8.200880e+01
<STATE> 4
<MEAN> 25
 -5.399420e-01 -9.647289e+00 -7.338436e-02 -4.874243e+00 -3.816743e+00 -3.382425e+00 -3.069792e+00 6.208746e+00 -4.842046e+00 3.099739e+00 -1.292810e+01 3.990151e+00 -9.490320e-02 6.203923e-02 -6.206265e-02 1.285910e-01 6.398320e-01 3.596435e-01 4.689704e-01 1.029185e-01 2.898174e-01 1.356277e-01 -3.338879e-01 2.749155e-01 9.923781e-03
<VARIANCE> 25
 2.648989e+00 9.767130e+00 2.637530e+01 1.935905e+01 2.930500e+01 1.563660e+01 1.887454e+01 5.501750e+01 2.489085e+01 1.862442e+01 2.780547e+01 2.291524e+01 3.846214e-01 8.175207e-01 1.958302e+00 1.423312e+00 1.257427e+00 1.308259e+00 1.593127e+00 2.218426e+00 2.164995e+00 7.829022e-01 1.444274e+00 8.911727e-01 1.355821e+00
<GCONST> 8.381738e+01
<TRANSP> 5
 0.000000e+00 1.000000e+00 0.000000e+00 0.000000e+00 0.000000e+00
 0.000000e+00 8.050472e-01 1.949528e-01 0.000000e+00 0.000000e+00
 0.000000e+00 0.000000e+00 8.001327e-01 1.998673e-01 0.000000e+00
 0.000000e+00 0.000000e+00 0.000000e+00 8.952779e-01 1.047221e-01
 0.000000e+00 0.000000e+00 0.000000e+00 0.000000e+00 0.000000e+00
<ENDHMM>
~h "ng"
<BEGINHMM>
<NUMSTATES> 5
<STATE> 2
<MEAN> 25
 6.822485e+00 1.722891e-01 -1.809236e+00 -2.163542e+00 -2.142349e+00 -1.004369e+00 -4.815453e-01 3.688784e-01 -8.648533e-01 2.016629e+00 7.135600e-02 -3.609024e+00 -7.297606e-01 1.797173e+00 3.878260e-01 1.157383e+00 4.293076e-01 7.462775e-01 -4.583282e-01 -1.082947e+00 2.186553e-01 4.019519e-01 1.741860e-01 -5.091118e-01 -1.688086e+00
<VARIANCE> 25
 1.879920e+01 3.277214e+01 3.730022e+01 3.854691e+01 6.591203e+01 6.069283e+01 6.369870e+01 5.790361e+01 6.176391e+01 3.935227e+01 3.146853e+01 3.425895e+01 7.851046e-01 1.786243e+00 2.387199e+00 2.826237e+00 4.289135e+00 3.424810e+00 6.545425e+00 3.885084e+00 5.615878e+00 3.161772e+00 3.490815e+00 2.544616e+00 1.167310e+00
<GCONST> 1.043130e+02
<STATE> 3
<MEAN> 25
 4.450101e+00 4.282762e+00 6.385426e-01 1.068869e+00 4.005116e-01 5.631837e-01 -3.431250e+00 -2.761782e+00 1.462596e+00 1.407029e+00 -1.509587e+00 -2.895209e+00 -5.948764e-01 8.543656e-01 8.196819e-01 6.434692e-01 3.033527e-01 1.854719e-01 -1.004748e-02 -2.415011e-01 1.308418e-02 -8.229336e-02 -1.060658e-01 1.283253e-01 -7.740850e-01
<VARIANCE> 25
 1.588183e+01 3.026212e+01 2.995832e+01 2.945002e+01 4.797408e+01 6.121040e+01 8.976461e+01 5.038361e+01 8.281915e+01 3.931877e+01 3.608971e+01 3.130379e+01 6.298020e-01 9.384604e-01 1.562228e+00 1.452324e+00 1.926426e+00 1.783941e+00 2.882824e+00 2.204107e+00 2.737414e+00 2.109903e+00 1.938270e+00 1.634397e+00 4.786614e-01
<GCONST> 9.597140e+01
<STATE> 4
<MEAN> 25
 2.852650e+00 5.008985e+00 2.370954e+00 2.242672e+00 -8.101461e-01 1.703275e+00 7.064196e-01 -3.844654e+00 -3.068193e+00 1.420110e+00 -7.360739e-02 -2.452044e+00 -3.901417e-01 3.546579e-02 3.065203e-02 2.384323e-01 1.331017e-01 -1.041683e-01 1.451702e-01 2.745888e-01 7.150718e-02 -2.968789e-01 -7.105973e-04 1.416984e-01 -2.709490e-01
<VARIANCE> 25
 2.031010e+01 3.112800e+01 2.530801e+01 2.698517e+01 3.521404e+01 3.961007e+01 3.945685e+01 4.380415e+01 6.408817e+01 3.331852e+01 2.303644e+01 2.703277e+01 8.305547e-01 1.093373e+00 1.177711e+00 1.153545e+00 1.541085e+00 1.885813e+00 1.771754e+00 1.923881e+00 2.043682e+00 1.748217e+00 1.442630e+00 1.319432e+00 6.280491e-01
<GCONST> 9.167359e+01
<TRANSP> 5
 0.000000e+00 1.000000e+00 0.000000e+00 0.000000e+00 0.000000e+00
 0.000000e+00 5.103936e-01 4.896064e-01 0.000000e+00 0.000000e+00
 0.000000e+00 0.000000e+00 5.106776e-01 4.893225e-01 0.000000e+00
 0.000000e+00 0.000000e+00 0.000000e+00 6.524590e-01 3.475411e-01
 0.000000e+00 0.000000e+00 0.000000e+00 0.000000e+00 0.000000e+00
<ENDHMM>
~h "ny"
<BEGINHMM>
<NUMSTATES> 5
<STATE> 2
<MEAN> 25
 3.989146e+00 1.982855e+00 4.242652e+00 5.023127e+00 1.348738e+00 -1.970923e-02 -3.873355e+00 -4.981225e+00 -3.564984e+00 -8.219491e-01 2.033234e+00 -4.203987e-01 8.477584e-02 -3.655778e-01 5.886981e-01 8.714110e-02 -5.805777e-01 -6.236020e-01 -5.150720e-01 3.242253e-02 -3.305821e-01 -3.044985e-01 4.245773e-01 2.828263e-01 4.532548e-01
<VARIANCE> 25
 2.273340e+01 5.006381e+01 4.647752e+01 5.144526e+01 5.647536e+01 6.061558e+01 6.676484e+01 6.240220e+01 5.232589e+01 3.302557e+01 3.798278e+01 2.612011e+01 3.303451e+00 7.940261e+00 4.369970e+00 4.817869e+00 5.179539e+00 6.871279e+00 4.649920e+00 5.696674e+00 6.171800e+00 3.656303e+00 3.814538e+00 2.749334e+00 4.641164e+00
<GCONST> 1.117557e+02
<STATE> 3
<MEAN> 25
 4.923710e+00 -2.630481e+00 6.576189e+00 3.459242e+00 -2.646267e+00 -4.553013e+00 -4.484508e+00 -3.018844e+00 -5.214025e+00 -2.171727e-01 2.518071e+00 9.437264e-01 5.449151e-01 -1.820886e+00 5.394037e-02 -1.179536e+00 -1.258962e+00 -8.857495e-01 1.630132e-01 2.102888e-02 -6.323293e-01 6.795617e-01 1.312100e-02 5.048977e-01 1.673660e+00
<VARIANCE> 25
 2.249003e+01 3.056916e+01 5.614074e+01 9.024171e+01 4.813882e+01 5.772939e+01 6.449195e+01 7.230881e+01 5.459787e+01 3.629235e+01 3.286969e+01 2.276896e+01 1.542227e+00 2.296216e+00 5.234046e+00 4.353268e+00 3.703533e+00 4.500633e+00 5.275521e+00 5.901094e+00 4.828390e+00 3.601079e+00 3.167140e+00 2.359826e+00 1.263101e+00
<GCONST> 1.073403e+02
<STATE> 4
<MEAN> 25
 7.089745e+00 -7.748059e+00 4.146906e+00 -1.548099e+00 -5.814430e+00 -2.371605e+00 -3.337935e+00 -4.812959e+00 -4.212777e+00 4.303157e-02 2.557098e+00 2.863787e+00 1.704752e-01 -6.000564e-01 -7.008590e-01 -7.077544e-01 -3.844295e-01 3.524930e-02 5.995482e-01 5.375531e-01 3.320941e-01 -1.665416e-01 -5.624160e-01 1.294167e-01 4.248337e-01
<VARIANCE> 25
 2.294580e+01 2.649161e+01 3.687844e+01 5.163125e+01 4.278849e+01 6.135144e+01 5.954190e+01 1.202747e+02 3.800772e+01 3.164518e+01 3.538861e+01 2.138619e+01 4.876011e-01 1.090967e+00 1.616305e+00 2.323036e+00 2.234308e+00 2.916136e+00 2.540814e+00 2.585556e+00 1.951041e+00 1.986523e+00 1.473752e+00 1.270772e+00 5.820683e-01
<GCONST> 9.626895e+01
<TRANSP> 5
 0.000000e+00 1.000000e+00 0.000000e+00 0.000000e+00 0.000000e+00
 0.000000e+00 5.499222e-01 4.500778e-01 0.000000e+00 0.000000e+00
 0.000000e+00 0.000000e+00 4.902049e-01 5.097951e-01 0.000000e+00
 0.000000e+00 0.000000e+00 0.000000e+00 6.904739e-01 3.095261e-01
 0.000000e+00 0.000000e+00 0.000000e+00 0.000000e+00 0.000000e+00
<ENDHMM>
~h "sp"
<BEGINHMM>
<NUMSTATES> 3
<STATE> 2
~s "silst"
<TRANSP> 3
 0.000000e+00 1.831992e-01 8.168008e-01
 0.000000e+00 9.316900e-01 6.831006e-02
 0.000000e+00 0.000000e+00 0.000000e+00
<ENDHMM>
~h "sy"
<BEGINHMM>
<NUMSTATES> 5
<STATE> 2
<MEAN> 25
 0.000000e+00 0.000000e+00 0.000000e+00 0.000000e+00 0.000000e+00 0.000000e+00 0.000000e+00 0.000000e+00 0.000000e+00 0.000000e+00 0.000000e+00 0.000000e+00 0.000000e+00 0.000000e+00 0.000000e+00 0.000000e+00 0.000000e+00 0.000000e+00 0.000000e+00 0.000000e+00 0.000000e+00 0.000000e+00 0.000000e+00 0.000000e+00 0.000000e+00
<VARIANCE> 25
 1.000000e+00 1.000000e+00 1.000000e+00 1.000000e+00 1.000000e+00 1.000000e+00 1.000000e+00 1.000000e+00 1.000000e+00 1.000000e+00 1.000000e+00 1.000000e+00 1.000000e+00 1.000000e+00 1.000000e+00 1.000000e+00 1.000000e+00 1.000000e+00 1.000000e+00 1.000000e+00 1.000000e+00 1.000000e+00 1.000000e+00 1.000000e+00 1.000000e+00
<GCONST> 4.594693e+01
<STATE> 3
<MEAN> 25
 0.000000e+00 0.000000e+00 0.000000e+00 0.000000e+00 0.000000e+00 0.000000e+00 0.000000e+00 0.000000e+00 0.000000e+00 0.000000e+00 0.000000e+00 0.000000e+00 0.000000e+00 0.000000e+00 0.000000e+00 0.000000e+00 0.000000e+00 0.000000e+00 0.000000e+00 0.000000e+00 0.000000e+00 0.000000e+00 0.000000e+00 0.000000e+00 0.000000e+00
<VARIANCE> 25
 1.000000e+00 1.000000e+00 1.000000e+00 1.000000e+00 1.000000e+00 1.000000e+00 1.000000e+00 1.000000e+00 1.000000e+00 1.000000e+00 1.000000e+00 1.000000e+00 1.000000e+00 1.000000e+00 1.000000e+00 1.000000e+00 1.000000e+00 1.000000e+00 1.000000e+00 1.000000e+00 1.000000e+00 1.000000e+00 1.000000e+00 1.000000e+00 1.000000e+00
<GCONST> 4.594693e+01
<STATE> 4
<MEAN> 25
 0.000000e+00 0.000000e+00 0.000000e+00 0.000000e+00 0.000000e+00 0.000000e+00 0.000000e+00 0.000000e+00 0.000000e+00 0.000000e+00 0.000000e+00 0.000000e+00 0.000000e+00 0.000000e+00 0.000000e+00 0.000000e+00 0.000000e+00 0.000000e+00 0.000000e+00 0.000000e+00 0.000000e+00 0.000000e+00 0.000000e+00 0.000000e+00 0.000000e+00
<VARIANCE> 25
 1.000000e+00 1.000000e+00 1.000000e+00 1.000000e+00 1.000000e+00 1.000000e+00 1.000000e+00 1.000000e+00 1.000000e+00 1.000000e+00 1.000000e+00 1.000000e+00 1.000000e+00 1.000000e+00 1.000000e+00 1.000000e+00 1.000000e+00 1.000000e+00 1.000000e+00 1.000000e+00 1.000000e+00 1.000000e+00 1.000000e+00 1.000000e+00 1.000000e+00
<GCONST> 4.594693e+01
<TRANSP> 5
 0.000000e+00 1.000000e+00 0.000000e+00 0.000000e+00 0.000000e+00
 0.000000e+00 6.000000e-01 4.000000e-01 0.000000e+00 0.000000e+00
 0.000000e+00 0.000000e+00 6.000000e-01 4.000000e-01 0.000000e+00
 0.000000e+00 0.000000e+00 0.000000e+00 7.000000e-01 3.000000e-01
 0.000000e+00 0.000000e+00 0.000000e+00 0.000000e+00 0.000000e+00
<ENDHMM>
~h "sil"
<BEGINHMM>
<NUMSTATES> 5
<STATE> 2
<MEAN> 25
 -9.074969e+00 2.004052e+00 -1.886416e+00 3.579866e+00 2.399607e+00 4.584078e+00 1.655451e+00 1.374040e+00 3.512206e+00 -4.806869e-01 2.899860e+00 2.472988e+00 -4.515858e-02 1.045786e-02 3.185789e-03 1.293757e-03 -9.287274e-03 -4.934319e-03 -1.293797e-02 -1.467579e-02 -1.647664e-02 6.318867e-03 3.116192e-03 7.990163e-03 -5.091069e-02
<VARIANCE> 25
 1.191901e+01 1.749841e+01 1.861512e+01 2.001291e+01 2.073021e+01 1.931986e+01 2.567567e+01 2.325899e+01 3.396081e+01 2.083105e+01 1.805850e+01 1.345785e+01 1.855264e-01 3.225367e-01 5.331715e-01 6.854287e-01 8.604198e-01 1.048534e+00 1.200753e+00 1.267550e+00 1.365511e+00 1.335812e+00 1.263516e+00 1.176336e+00 1.213070e-01
<GCONST> 7.702962e+01
<STATE> 3
~s "silst"
<STATE> 4
<MEAN> 25
 -1.554118e+01 4.702177e+00 -6.336291e+00 -4.465902e+00 2.765379e+00 9.021915e-01 2.142649e+00 2.996672e+00 -5.836854e-01 1.630038e+00 -2.821057e-01 -1.323339e+00 -4.537439e-03 2.572036e-02 8.028248e-02 4.355784e-02 2.604700e-02 -1.668905e-02 -1.408631e-02 1.138519e-02 -1.407139e-02 3.076476e-02 -1.171501e-02 -4.929873e-02 -2.943945e-03
<VARIANCE> 25
 6.655976e+01 2.287189e+01 2.735642e+01 4.351368e+01 2.986034e+01 2.218254e+01 2.625774e+01 2.343524e+01 2.817202e+01 2.283989e+01 1.506348e+01 1.678594e+01 1.030525e+00 7.690375e-01 7.712337e-01 1.028461e+00 1.173614e+00 1.182407e+00 1.285561e+00 1.190037e+00 1.320242e+00 1.242929e+00 1.074409e+00 9.955821e-01 8.096310e-01
<GCONST> 8.591467e+01
<TRANSP> 5
 0.000000e+00 1.000000e+00 0.000000e+00 0.000000e+00 0.000000e+00
 0.000000e+00 9.100223e-01 3.087749e-02 5.910018e-02 0.000000e+00
 0.000000e+00 0.000000e+00 8.748454e-01 1.251545e-01 0.000000e+00
 0.000000e+00 4.277468e-02 0.000000e+00 7.642911e-01 1.929342e-01
 0.000000e+00 0.000000e+00 0.000000e+00 0.000000e+00 0.000000e+00
<ENDHMM>
