~o
<STREAMINFO> 1 25
<VECSIZE> 25<NULLD><MFCC_D_N_Z_0><DIAGC>
~h "a"
<BEGINHMM>
<NUMSTATES> 5
<STATE> 2
<MEAN> 25
 4.965290e+00 -3.718732e+00 -2.142382e+00 -2.392149e+00 -7.682814e-01 -2.214598e+00 7.743163e-01 1.658782e+00 5.162187e-01 8.677831e-01 -2.240263e+00 -8.618008e-01 1.491774e-01 -2.326123e-01 -1.410921e-01 -8.565552e-02 8.031401e-02 5.317143e-03 1.899486e-01 1.402595e-01 -2.479545e-03 2.053032e-02 -1.717133e-01 -1.889898e-02 1.847168e-01
<VARIANCE> 25
 6.188050e+01 5.344760e+01 4.392068e+01 5.114014e+01 6.814530e+01 6.926772e+01 5.625059e+01 6.015001e+01 4.634147e+01 3.858232e+01 4.761117e+01 3.405034e+01 2.607344e+00 3.224678e+00 2.622622e+00 3.101512e+00 3.822079e+00 4.340758e+00 3.440023e+00 3.552486e+00 3.142516e+00 2.793185e+00 2.966045e+00 2.376982e+00 2.727867e+00
<GCONST> 1.078998e+02
<STATE> 3
<MEAN> 25
 5.021920e+00 -3.890658e+00 -2.277143e+00 -2.338128e+00 -4.672652e-01 -1.994158e+00 1.013232e+00 1.684293e+00 4.630359e-01 8.301786e-01 -2.376911e+00 -8.335953e-01 -1.013244e-01 8.559768e-02 4.740841e-02 1.228220e-01 1.469601e-01 1.371007e-01 3.358604e-02 -6.353574e-02 -2.324760e-02 -1.241486e-02 2.223232e-02 2.195015e-02 -1.600140e-01
<VARIANCE> 25
 5.885646e+01 5.263475e+01 4.144065e+01 5.084389e+01 6.864944e+01 6.746922e+01 5.674785e+01 6.001798e+01 4.553658e+01 3.824344e+01 4.891714e+01 3.343703e+01 2.247118e+00 2.923150e+00 2.326336e+00 2.783636e+00 3.521372e+00 3.972949e+00 3.229069e+00 3.331129e+00 2.962230e+00 2.611932e+00 2.791149e+00 2.273035e+00 2.379300e+00
<GCONST> 1.065993e+02
<STATE> 4
<MEAN> 25
 4.407473e+00 -3.646875e+00 -2.356197e+00 -1.927110e+00 4.372794e-01 -1.442255e+00 8.614515e-01 1.481017e+00 7.598041e-01 9.294074e-01 -2.623234e+00 -8.270611e-01 -2.900824e-01 3.893862e-01 1.838712e-01 2.955143e-01 1.066397e-01 2.025571e-01 -8.147290e-02 -2.129819e-01 -2.498556e-02 -5.016436e-02 2.113221e-01 5.483330e-02 -4.470263e-01
<VARIANCE> 25
 6.087026e+01 5.319114e+01 3.856319e+01 5.124076e+01 6.382764e+01 6.503659e+01 5.226147e+01 5.369876e+01 4.481221e+01 3.673217e+01 4.958862e+01 3.263531e+01 1.878159e+00 2.541457e+00 2.080002e+00 2.572258e+00 3.002887e+00 3.462562e+00 2.755113e+00 2.868122e+00 2.710417e+00 2.309804e+00 2.579612e+00 2.020280e+00 2.077267e+00
<GCONST> 1.045496e+02
<TRANSP> 5
 0.000000e+00 1.000000e+00 0.000000e+00 0.000000e+00 0.000000e+00
 0.000000e+00 4.783284e-01 5.216716e-01 0.000000e+00 0.000000e+00
 0.000000e+00 0.000000e+00 4.752864e-01 5.247136e-01 0.000000e+00
 0.000000e+00 0.000000e+00 0.000000e+00 6.305492e-01 3.694508e-01
 0.000000e+00 0.000000e+00 0.000000e+00 0.000000e+00 0.000000e+00
<ENDHMM>
~h "b"
<BEGINHMM>
<NUMSTATES> 5
<STATE> 2
<MEAN> 25
 3.922594e+00 3.035428e+00 -5.261198e-01 9.271548e-01 -6.837534e-02 -4.614427e-01 -1.756350e+00 -2.055579e+00 -1.081439e+00 -4.724106e-01 2.530125e-02 -1.372514e+00 1.697174e-01 3.683476e-01 -4.117526e-02 -8.175691e-02 8.147938e-02 1.231108e-01 -1.736976e-01 -1.675558e-01 -2.510972e-02 2.748960e-02 5.114726e-02 -1.252083e-01 -4.650589e-02
<VARIANCE> 25
 4.670060e+01 5.904227e+01 3.742266e+01 5.557123e+01 4.371494e+01 5.948914e+01 3.989746e+01 5.951979e+01 4.381543e+01 4.567607e+01 3.171861e+01 3.226591e+01 2.470016e+00 4.672587e+00 3.203642e+00 3.523787e+00 3.100481e+00 4.446183e+00 3.230867e+00 3.993726e+00 3.726930e+00 4.244485e+00 2.534672e+00 2.554389e+00 3.272432e+00
<GCONST> 1.075429e+02
<STATE> 3
<MEAN> 25
 4.287641e+00 3.492851e+00 -5.655106e-01 5.939808e-01 -1.430348e-02 -2.429245e-01 -2.083078e+00 -2.217406e+00 -1.025696e+00 -2.571733e-01 1.057219e-01 -1.634614e+00 1.150259e-01 8.120564e-02 1.521204e-02 -9.005573e-02 3.451208e-02 2.774840e-02 -1.052561e-01 3.724850e-02 9.319443e-02 7.251945e-02 1.039106e-02 -3.878176e-02 9.624229e-02
<VARIANCE> 25
 4.047601e+01 6.173678e+01 3.896610e+01 5.775400e+01 4.357240e+01 5.782007e+01 3.963942e+01 5.840303e+01 4.377755e+01 4.778416e+01 3.237421e+01 3.332875e+01 2.339983e+00 4.618028e+00 2.969766e+00 3.411750e+00 2.869616e+00 4.450100e+00 3.084242e+00 3.965359e+00 3.637687e+00 4.080931e+00 2.676152e+00 2.648590e+00 3.064219e+00
<GCONST> 1.072207e+02
<STATE> 4
<MEAN> 25
 4.261116e+00 3.422288e+00 -7.132391e-01 2.632193e-01 -1.513356e-01 4.849826e-02 -2.170762e+00 -2.578763e+00 -1.092869e+00 -1.266595e-01 9.933215e-02 -1.503386e+00 6.114545e-02 -2.321069e-01 2.098907e-02 -7.569119e-02 -5.049073e-02 -1.125261e-01 -7.453248e-02 1.779158e-01 1.316513e-01 3.008356e-02 -1.468873e-04 8.885846e-02 2.081205e-01
<VARIANCE> 25
 3.846579e+01 6.383632e+01 3.812938e+01 6.319862e+01 4.192040e+01 5.524617e+01 3.840207e+01 5.658232e+01 4.423930e+01 5.160609e+01 3.212470e+01 3.187865e+01 1.922791e+00 4.021921e+00 2.702382e+00 3.613747e+00 2.709440e+00 4.074837e+00 2.747246e+00 3.496222e+00 3.170451e+00 3.736438e+00 2.627189e+00 2.316228e+00 2.852862e+00
<GCONST> 1.059509e+02
<TRANSP> 5
 0.000000e+00 1.000000e+00 0.000000e+00 0.000000e+00 0.000000e+00
 0.000000e+00 4.855624e-01 5.144376e-01 0.000000e+00 0.000000e+00
 0.000000e+00 0.000000e+00 4.850050e-01 5.149950e-01 0.000000e+00
 0.000000e+00 0.000000e+00 0.000000e+00 6.333932e-01 3.666068e-01
 0.000000e+00 0.000000e+00 0.000000e+00 0.000000e+00 0.000000e+00
<ENDHMM>
~h "c"
<BEGINHMM>
<NUMSTATES> 5
<STATE> 2
<MEAN> 25
 -9.250100e+00 3.393794e+00 -1.162542e+00 -4.649637e-01 4.151758e+00 1.630966e+00 -1.150557e+00 -1.626099e+00 -6.579584e-01 7.696120e-01 1.485561e+00 4.728775e-01 -7.376263e-01 6.164259e-02 6.416864e-02 1.419431e-01 1.003982e-01 7.434078e-02 2.638150e-01 3.040595e-01 2.851098e-01 -4.325364e-02 5.959044e-02 2.287410e-02 -2.532978e-01
<VARIANCE> 25
 1.583435e+02 6.268174e+01 4.165502e+01 6.399804e+01 5.093291e+01 4.587716e+01 5.421778e+01 8.507097e+01 4.642475e+01 3.447447e+01 3.034431e+01 2.941357e+01 7.752924e+00 6.556618e+00 3.695313e+00 4.831605e+00 5.415515e+00 4.462175e+00 4.160165e+00 5.837844e+00 4.071188e+00 3.062397e+00 2.703789e+00 2.123116e+00 7.845683e+00
<GCONST> 1.129194e+02
<STATE> 3
<MEAN> 25
 -7.351831e+00 6.241760e-01 9.931781e-01 1.535489e+00 2.782582e+00 2.477281e+00 -1.378958e-01 -1.056808e+00 1.175087e+00 2.005652e-01 1.692773e+00 1.305931e+00 2.466165e-01 -7.003925e-01 3.128016e-01 1.020455e-01 -4.261391e-01 -1.044488e-01 6.029913e-02 3.293302e-01 3.893537e-01 -2.598101e-01 -2.131063e-01 7.157880e-02 7.444013e-01
<VARIANCE> 25
 1.022878e+02 8.072988e+01 5.390704e+01 6.178735e+01 5.928293e+01 5.688565e+01 5.992562e+01 7.320313e+01 5.234189e+01 3.685914e+01 3.110888e+01 2.760723e+01 9.214408e+00 1.015658e+01 5.880232e+00 5.657704e+00 6.603741e+00 5.930941e+00 5.469428e+00 7.086057e+00 5.407027e+00 3.708798e+00 3.054236e+00 2.407977e+00 8.349490e+00
<GCONST> 1.163915e+02
<STATE> 4
<MEAN> 25
 -1.145046e+00 -2.060129e+00 2.711350e+00 3.363239e+00 2.222530e+00 2.752484e+00 -2.064471e+00 -3.077596e+00 5.752832e-02 -4.586413e-01 1.168157e+00 5.788454e-01 7.908258e-01 -8.300284e-02 -9.188113e-02 -9.749459e-02 -2.075882e-01 -3.295245e-01 -1.434435e-01 -7.860668e-02 -1.251935e-01 -7.884286e-02 -1.462993e-01 -8.151363e-02 6.101675e-01
<VARIANCE> 25
 1.240360e+02 1.078445e+02 7.030001e+01 5.422846e+01 7.174087e+01 7.869596e+01 6.195873e+01 8.193658e+01 7.693298e+01 3.984270e+01 3.691280e+01 3.659911e+01 8.418305e+00 1.222727e+01 7.087374e+00 4.790976e+00 6.994849e+00 8.061656e+00 5.584622e+00 6.826753e+00 7.456462e+00 3.984233e+00 3.285021e+00 3.312297e+00 7.818336e+00
<GCONST> 1.197689e+02
<TRANSP> 5
 0.000000e+00 1.000000e+00 0.000000e+00 0.000000e+00 0.000000e+00
 0.000000e+00 7.022024e-01 2.977975e-01 0.000000e+00 0.000000e+00
 0.000000e+00 0.000000e+00 6.828401e-01 3.171599e-01 0.000000e+00
 0.000000e+00 0.000000e+00 0.000000e+00 8.975400e-01 1.024600e-01
 0.000000e+00 0.000000e+00 0.000000e+00 0.000000e+00 0.000000e+00
<ENDHMM>
~h "d"
<BEGINHMM>
<NUMSTATES> 5
<STATE> 2
<MEAN> 25
 3.972847e+00 4.435272e-01 3.352118e+00 4.196209e+00 -2.772206e-01 -3.343321e+00 -4.004713e+00 -1.597538e+00 -1.549144e+00 -2.328827e+00 -6.029043e-01 -1.675991e-01 3.516606e-01 -1.534561e-01 4.507870e-01 3.553596e-01 -4.329398e-01 -6.375155e-01 -3.421028e-01 3.811428e-02 -2.319583e-01 -2.917581e-01 2.265041e-01 3.643911e-02 4.394231e-01
<VARIANCE> 25
 5.255986e+01 5.947228e+01 5.926707e+01 5.826244e+01 8.975070e+01 7.723052e+01 5.480473e+01 6.565804e+01 6.172199e+01 4.509279e+01 4.451475e+01 2.866085e+01 3.705834e+00 5.826783e+00 3.415865e+00 4.267024e+00 4.966583e+00 7.593669e+00 4.606009e+00 4.703016e+00 4.299218e+00 3.798099e+00 3.486153e+00 2.574648e+00 5.275143e+00
<GCONST> 1.133640e+02
<STATE> 3
<MEAN> 25
 4.692473e+00 -7.916634e-02 4.497013e+00 4.399033e+00 -1.650386e+00 -4.813645e+00 -4.608737e+00 -1.154670e+00 -1.717041e+00 -2.633449e+00 -1.146164e-01 -1.077897e-01 2.028176e-01 -2.375187e-01 2.173262e-01 -6.224447e-02 -3.807808e-01 -3.664889e-01 -8.454358e-02 1.436474e-01 -5.815041e-02 -8.323314e-04 1.714684e-01 3.637904e-02 3.911378e-01
<VARIANCE> 25
 4.299171e+01 5.924430e+01 6.031807e+01 6.317937e+01 9.322926e+01 7.862788e+01 5.346345e+01 6.900238e+01 6.511727e+01 4.534711e+01 4.589697e+01 3.052381e+01 2.845328e+00 5.287351e+00 3.208085e+00 4.010874e+00 4.709082e+00 6.842624e+00 4.353151e+00 4.396694e+00 4.195779e+00 3.804624e+00 3.063760e+00 2.524974e+00 4.707716e+00
<GCONST> 1.124390e+02
<STATE> 4
<MEAN> 25
 5.176124e+00 -9.225131e-01 5.167511e+00 3.742516e+00 -2.612334e+00 -5.752091e+00 -4.444343e+00 -4.440316e-01 -1.712248e+00 -2.222504e+00 4.061199e-01 3.743950e-02 3.605545e-02 -2.189893e-01 -4.219169e-02 -3.425801e-01 -1.453575e-01 6.065499e-02 1.544359e-01 9.320878e-02 8.318444e-02 2.553973e-01 9.139168e-02 -1.495873e-02 2.500284e-01
<VARIANCE> 25
 4.047247e+01 6.066862e+01 5.617786e+01 6.696559e+01 8.659014e+01 8.269379e+01 5.087866e+01 7.308753e+01 6.633038e+01 4.664225e+01 4.421949e+01 3.306553e+01 2.060018e+00 4.385141e+00 2.698450e+00 3.638638e+00 3.885548e+00 5.726459e+00 3.604307e+00 3.713900e+00 3.583946e+00 3.261382e+00 2.489632e+00 2.176835e+00 4.300360e+00
<GCONST> 1.101970e+02
<TRANSP> 5
 0.000000e+00 1.000000e+00 0.000000e+00 0.000000e+00 0.000000e+00
 0.000000e+00 5.887530e-01 4.112470e-01 0.000000e+00 0.000000e+00
 0.000000e+00 0.000000e+00 5.899891e-01 4.100108e-01 0.000000e+00
 0.000000e+00 0.000000e+00 0.000000e+00 7.273261e-01 2.726739e-01
 0.000000e+00 0.000000e+00 0.000000e+00 0.000000e+00 0.000000e+00
<ENDHMM>
~h "e"
<BEGINHMM>
<NUMSTATES> 5
<STATE> 2
<MEAN> 25
 2.881620e+00 -1.828133e+00 2.445297e-01 8.525431e-01 -2.071840e+00 -2.974994e+00 8.046225e-01 1.562767e-01 -1.294574e+00 1.051608e+00 1.664052e+00 4.407173e-01 2.515255e-01 -1.109728e-01 1.386703e-01 1.403296e-01 -2.832961e-01 -2.008703e-01 2.527322e-01 1.064292e-02 -3.535093e-01 7.016975e-02 2.070917e-01 4.368452e-02 2.032982e-01
<VARIANCE> 25
 7.809908e+01 4.819178e+01 4.682342e+01 4.085207e+01 6.575256e+01 7.634207e+01 4.602903e+01 6.537603e+01 6.039555e+01 4.038363e+01 3.811473e+01 2.773071e+01 3.723298e+00 3.765669e+00 2.884204e+00 2.993167e+00 3.652412e+00 5.008835e+00 3.439173e+00 3.800895e+00 4.054699e+00 3.045165e+00 2.592634e+00 2.045577e+00 3.648415e+00
<GCONST> 1.087787e+02
<STATE> 3
<MEAN> 25
 3.230750e+00 -1.927510e+00 7.345012e-01 1.109856e+00 -2.603440e+00 -3.086640e+00 1.301511e+00 2.493423e-01 -1.758091e+00 1.017768e+00 1.954632e+00 5.557423e-01 2.026341e-02 3.451786e-02 1.446607e-01 9.302703e-02 -8.825275e-02 3.621402e-02 1.316260e-01 -2.311775e-02 -1.734661e-01 -9.619781e-03 3.350382e-02 8.945856e-03 -3.435647e-02
<VARIANCE> 25
 7.161369e+01 4.639896e+01 4.815424e+01 4.037509e+01 6.815249e+01 7.560532e+01 4.441589e+01 6.588157e+01 5.910255e+01 4.046826e+01 3.728268e+01 2.741730e+01 3.043787e+00 3.270663e+00 2.511939e+00 2.578324e+00 3.442742e+00 4.450493e+00 3.065845e+00 3.457558e+00 3.573123e+00 2.798691e+00 2.287211e+00 1.922000e+00 3.111768e+00
<GCONST> 1.070413e+02
<STATE> 4
<MEAN> 25
 2.243108e+00 -1.580385e+00 1.865616e+00 1.097397e+00 -3.317223e+00 -3.115159e+00 2.098446e+00 9.441701e-01 -2.193385e+00 1.078830e+00 2.292208e+00 7.996741e-01 -1.296334e-01 1.654126e-01 -8.061474e-03 3.538268e-02 1.725735e-01 1.868910e-01 -5.011874e-02 -5.315328e-02 3.531727e-02 -7.393462e-02 -9.938227e-02 -5.721935e-02 -2.043521e-01
<VARIANCE> 25
 7.003259e+01 4.237808e+01 5.484597e+01 3.805506e+01 6.814125e+01 6.981316e+01 4.054391e+01 5.316136e+01 6.293053e+01 3.805552e+01 3.257012e+01 2.460617e+01 2.199687e+00 2.353941e+00 1.901004e+00 2.044719e+00 2.545074e+00 3.162179e+00 2.286192e+00 2.555601e+00 2.712256e+00 2.298919e+00 1.795247e+00 1.567951e+00 2.251693e+00
<GCONST> 1.027261e+02
<TRANSP> 5
 0.000000e+00 1.000000e+00 0.000000e+00 0.000000e+00 0.000000e+00
 0.000000e+00 4.842179e-01 5.157821e-01 0.000000e+00 0.000000e+00
 0.000000e+00 0.000000e+00 4.822403e-01 5.177597e-01 0.000000e+00
 0.000000e+00 0.000000e+00 0.000000e+00 6.903070e-01 3.096930e-01
 0.000000e+00 0.000000e+00 0.000000e+00 0.000000e+00 0.000000e+00
<ENDHMM>
~h "f"
<BEGINHMM>
<NUMSTATES> 5
<STATE> 2
<MEAN> 25
 -2.335050e+00 5.877992e-01 -1.553890e+00 6.767021e-01 2.639217e+00 1.435788e+00 -2.472318e-01 -2.138296e+00 -2.587909e-01 8.228571e-01 1.989273e+00 1.727693e+00 -3.909920e-01 -3.829845e-01 1.513823e-01 1.386948e-01 2.017730e-01 2.457727e-01 7.743035e-02 5.384914e-01 3.364825e-01 -4.273238e-01 1.168203e-01 4.255128e-01 -1.236016e-01
<VARIANCE> 25
 1.735525e+02 1.108567e+02 2.496109e+01 4.330246e+01 6.636882e+01 4.117509e+01 3.972745e+01 5.768306e+01 4.634415e+01 2.995299e+01 2.277244e+01 1.792525e+01 6.332707e+00 5.208094e+00 2.504773e+00 3.037791e+00 3.412685e+00 3.770711e+00 3.462585e+00 5.495618e+00 4.549366e+00 3.269675e+00 2.417484e+00 1.738948e+00 4.635434e+00
<GCONST> 1.083901e+02
<STATE> 3
<MEAN> 25
 -1.093103e+00 -1.960969e+00 -1.061987e+00 1.784206e+00 1.507541e+00 1.371046e+00 8.165553e-01 -2.226194e-01 1.025814e+00 -1.250572e-01 2.035232e+00 2.383500e+00 -2.831713e-01 -2.402411e-01 6.962739e-03 -1.700803e-01 -4.958088e-02 5.233884e-03 -3.079689e-02 3.318500e-01 2.152927e-01 -1.443871e-01 -1.070918e-01 6.914613e-02 -1.147952e-02
<VARIANCE> 25
 4.725375e+01 5.911567e+01 2.414606e+01 3.617131e+01 3.859382e+01 5.423464e+01 3.345845e+01 5.296930e+01 4.308121e+01 3.183394e+01 2.131626e+01 1.681248e+01 3.458133e+00 4.732830e+00 2.193882e+00 2.396192e+00 2.483013e+00 3.978510e+00 2.858185e+00 5.297828e+00 4.271137e+00 3.123157e+00 1.858282e+00 1.705440e+00 3.278352e+00
<GCONST> 1.032802e+02
<STATE> 4
<MEAN> 25
 -2.579152e+00 -7.932935e-01 -8.723614e-01 2.569409e+00 1.736909e+00 2.142949e+00 1.736368e+00 1.126397e+00 1.622994e+00 -1.974278e-01 1.458606e+00 1.671034e+00 1.282752e-01 2.287945e-01 -6.503090e-03 -2.358754e-01 -1.316035e-01 -2.127698e-01 -1.147863e-01 -1.232968e-01 -1.800027e-01 1.569759e-03 -1.400298e-01 -8.587722e-02 1.130454e-01
<VARIANCE> 25
 4.782750e+01 5.920501e+01 2.259763e+01 4.095879e+01 3.062455e+01 6.760553e+01 2.677211e+01 4.671101e+01 4.072251e+01 2.597790e+01 2.326937e+01 1.957084e+01 2.780105e+00 4.603074e+00 2.108483e+00 2.546269e+00 2.479502e+00 4.253292e+00 2.141061e+00 3.471706e+00 4.062834e+00 2.703175e+00 1.699881e+00 1.381671e+00 3.012564e+00
<GCONST> 1.015224e+02
<TRANSP> 5
 0.000000e+00 1.000000e+00 0.000000e+00 0.000000e+00 0.000000e+00
 0.000000e+00 5.782905e-01 4.217096e-01 0.000000e+00 0.000000e+00
 0.000000e+00 0.000000e+00 5.471542e-01 4.528458e-01 0.000000e+00
 0.000000e+00 0.000000e+00 0.000000e+00 7.544078e-01 2.455922e-01
 0.000000e+00 0.000000e+00 0.000000e+00 0.000000e+00 0.000000e+00
<ENDHMM>
~h "g"
<BEGINHMM>
<NUMSTATES> 5
<STATE> 2
<MEAN> 25
 4.158372e+00 1.108482e+00 3.300348e+00 2.442384e+00 -1.952039e+00 -4.204831e+00 -4.391175e+00 2.095173e-01 -1.108795e-01 -1.517792e+00 -7.649769e-01 -2.451872e+00 1.316693e-01 -1.774287e-02 2.099186e-01 1.908107e-01 -2.125307e-02 -2.800478e-01 -3.218632e-01 1.752150e-01 1.684780e-01 -1.146790e-01 -1.416277e-01 -1.436155e-01 1.777449e-01
<VARIANCE> 25
 5.357306e+01 6.734123e+01 5.170644e+01 5.899475e+01 8.582685e+01 8.799213e+01 8.539143e+01 1.035316e+02 6.793559e+01 6.260158e+01 4.079176e+01 3.820014e+01 2.912911e+00 4.754599e+00 3.364266e+00 3.808464e+00 6.392404e+00 6.443906e+00 5.854959e+00 5.136082e+00 4.700483e+00 4.352297e+00 3.070254e+00 3.012607e+00 3.621668e+00
<GCONST> 1.147145e+02
<STATE> 3
<MEAN> 25
 4.273515e+00 7.838072e-01 3.206106e+00 2.298878e+00 -2.038033e+00 -4.519894e+00 -4.493450e+00 5.288258e-01 7.718316e-02 -1.454225e+00 -9.683631e-01 -2.431618e+00 6.559199e-02 -1.658814e-01 6.266656e-02 -5.260022e-03 -1.270960e-02 -5.773269e-02 -1.661033e-02 7.401621e-02 1.094871e-01 1.362323e-02 -6.553662e-02 5.070301e-02 1.960119e-01
<VARIANCE> 25
 5.242477e+01 6.729355e+01 5.060152e+01 6.266187e+01 8.407181e+01 8.457433e+01 8.660004e+01 1.012047e+02 6.311711e+01 6.408443e+01 4.006606e+01 3.980655e+01 2.780503e+00 4.459028e+00 3.202913e+00 3.753091e+00 6.311450e+00 5.948347e+00 5.799896e+00 4.958446e+00 4.328706e+00 4.083969e+00 3.021529e+00 2.960211e+00 3.480794e+00
<GCONST> 1.141038e+02
<STATE> 4
<MEAN> 25
 4.429248e+00 -3.480960e-01 2.907484e+00 1.661685e+00 -2.075818e+00 -4.252418e+00 -4.261390e+00 3.525934e-01 3.632642e-01 -1.198357e+00 -1.208834e+00 -1.969446e+00 -2.970590e-02 -2.318794e-01 -7.733389e-02 -1.243512e-01 5.193356e-02 1.143729e-01 1.892879e-01 -1.808557e-02 -1.716274e-03 1.345496e-01 5.647715e-02 1.461485e-01 1.309192e-01
<VARIANCE> 25
 5.962373e+01 6.973925e+01 5.102817e+01 7.260997e+01 8.074135e+01 7.925943e+01 7.649459e+01 8.929021e+01 6.148887e+01 6.605439e+01 4.115814e+01 4.145406e+01 2.453424e+00 3.930857e+00 2.897104e+00 3.830945e+00 5.293860e+00 5.057266e+00 5.216474e+00 4.403402e+00 3.889853e+00 3.610003e+00 2.699263e+00 2.673632e+00 3.141267e+00
<GCONST> 1.126995e+02
<TRANSP> 5
 0.000000e+00 1.000000e+00 0.000000e+00 0.000000e+00 0.000000e+00
 0.000000e+00 5.886557e-01 4.113443e-01 0.000000e+00 0.000000e+00
 0.000000e+00 0.000000e+00 5.497317e-01 4.502683e-01 0.000000e+00
 0.000000e+00 0.000000e+00 0.000000e+00 6.341094e-01 3.658906e-01
 0.000000e+00 0.000000e+00 0.000000e+00 0.000000e+00 0.000000e+00
<ENDHMM>
~h "h"
<BEGINHMM>
<NUMSTATES> 5
<STATE> 2
<MEAN> 25
 1.772206e+00 -1.239946e+00 -8.552688e-01 -1.416105e+00 -2.652634e-01 8.989516e-01 2.420059e+00 1.168499e+00 -3.232960e-02 -9.901204e-02 -8.329099e-01 -3.397986e-02 -3.594853e-01 2.636236e-02 -1.416292e-01 -5.629775e-02 1.870092e-01 1.138501e-01 6.674550e-02 -4.480873e-03 -2.111428e-02 -1.009768e-01 4.849526e-02 6.890289e-02 -3.078451e-01
<VARIANCE> 25
 7.182149e+01 4.610410e+01 4.965177e+01 4.770213e+01 6.979797e+01 5.727377e+01 5.093924e+01 4.367398e+01 3.549929e+01 3.544311e+01 3.406980e+01 2.661747e+01 1.598397e+00 1.541376e+00 1.694629e+00 1.848307e+00 2.190350e+00 2.087707e+00 2.195022e+00 1.850892e+00 1.951391e+00 1.868085e+00 1.710101e+00 1.457492e+00 1.019163e+00
<GCONST> 9.896140e+01
<STATE> 3
<MEAN> 25
 9.324865e-01 -1.010879e+00 -1.422842e+00 -1.583100e+00 2.655278e-01 1.035719e+00 2.282609e+00 1.126031e+00 -6.232400e-02 -3.528461e-01 -7.589046e-01 1.217486e-01 -3.035352e-01 7.863630e-02 -1.239149e-01 -2.653769e-02 1.329100e-01 2.164866e-02 -5.035558e-02 -4.754794e-02 -5.904567e-03 -6.395388e-02 2.702344e-02 7.395551e-02 -3.335619e-01
<VARIANCE> 25
 7.829104e+01 4.620656e+01 4.538607e+01 4.572723e+01 6.189079e+01 5.193913e+01 4.691349e+01 4.158970e+01 3.360877e+01 3.283165e+01 3.294239e+01 2.594517e+01 1.217721e+00 1.223021e+00 1.450087e+00 1.652186e+00 2.037304e+00 1.917383e+00 2.028694e+00 1.748098e+00 1.823320e+00 1.822800e+00 1.578321e+00 1.370019e+00 8.194718e-01
<GCONST> 9.686056e+01
<STATE> 4
<MEAN> 25
 -3.241724e+00 4.826153e-01 -1.487987e+00 4.700712e-01 2.129220e+00 2.319039e+00 1.557784e+00 4.502785e-01 5.032468e-01 -5.253928e-01 -2.128844e-01 6.433241e-01 -1.593291e-01 8.119629e-02 2.728232e-02 8.570644e-02 6.049756e-02 1.893345e-02 -1.343642e-02 -2.182526e-02 1.745898e-02 2.005865e-02 3.776095e-02 3.070431e-02 -1.937696e-01
<VARIANCE> 25
 7.440008e+01 3.348333e+01 3.018761e+01 4.460643e+01 3.766936e+01 3.280862e+01 3.118938e+01 2.867816e+01 2.892130e+01 2.321638e+01 2.629570e+01 2.086932e+01 7.260311e-01 8.172695e-01 9.659550e-01 1.153629e+00 1.383269e+00 1.451973e+00 1.485884e+00 1.494023e+00 1.547098e+00 1.485080e+00 1.350578e+00 1.248629e+00 4.958122e-01
<GCONST> 8.943965e+01
<TRANSP> 5
 0.000000e+00 1.000000e+00 0.000000e+00 0.000000e+00 0.000000e+00
 0.000000e+00 5.893281e-01 4.106719e-01 0.000000e+00 0.000000e+00
 0.000000e+00 0.000000e+00 6.075719e-01 3.924281e-01 0.000000e+00
 0.000000e+00 0.000000e+00 0.000000e+00 9.328816e-01 6.711840e-02
 0.000000e+00 0.000000e+00 0.000000e+00 0.000000e+00 0.000000e+00
<ENDHMM>
~h "i"
<BEGINHMM>
<NUMSTATES> 5
<STATE> 2
<MEAN> 25
 2.471116e+00 -8.371432e-01 8.786695e+00 4.534609e+00 -3.069754e+00 -4.282121e+00 -4.307420e+00 -3.228311e+00 -4.231144e+00 -9.940697e-01 1.088450e+00 -1.117352e+00 1.480133e-01 -3.358835e-02 7.208164e-01 -2.403514e-02 -3.755064e-01 -2.215653e-01 -3.542901e-01 -8.975127e-02 -4.913684e-01 8.068714e-02 7.527569e-02 -1.127402e-01 2.644528e-01
<VARIANCE> 25
 3.989883e+01 4.671397e+01 6.829163e+01 9.005507e+01 1.070308e+02 6.248195e+01 7.235558e+01 6.231812e+01 6.768287e+01 3.363128e+01 3.718573e+01 2.792034e+01 2.379063e+00 2.858693e+00 4.568511e+00 3.665251e+00 4.793717e+00 4.424477e+00 3.933033e+00 3.634719e+00 4.934382e+00 2.484171e+00 2.514787e+00 1.941073e+00 2.879452e+00
<GCONST> 1.096977e+02
<STATE> 3
<MEAN> 25
 2.367915e+00 -3.633030e-01 9.490054e+00 3.662585e+00 -3.863464e+00 -4.113636e+00 -4.062344e+00 -3.044021e+00 -5.074451e+00 -5.577788e-01 1.441364e+00 -9.375611e-01 -1.143903e-01 1.018660e-01 -2.081428e-02 -1.951685e-01 3.784252e-02 1.580613e-01 9.185746e-02 3.381896e-02 -7.101810e-02 1.040288e-01 3.293976e-02 5.763338e-02 -1.061985e-01
<VARIANCE> 25
 3.677607e+01 4.307468e+01 7.336444e+01 8.555821e+01 1.019836e+02 5.944414e+01 6.580367e+01 5.718292e+01 7.097569e+01 3.521048e+01 3.589145e+01 2.671312e+01 1.931909e+00 2.496228e+00 4.011354e+00 3.259747e+00 4.066503e+00 3.649533e+00 3.586031e+00 3.298901e+00 4.219268e+00 2.383657e+00 2.294458e+00 1.824172e+00 2.484494e+00
<GCONST> 1.076535e+02
<STATE> 4
<MEAN> 25
 1.266320e+00 7.042344e-01 1.022641e+01 1.973609e+00 -4.601614e+00 -3.310785e+00 -2.754561e+00 -2.294135e+00 -6.146750e+00 -6.058850e-01 1.739377e+00 -4.291919e-01 -2.011490e-01 5.613791e-02 -6.838189e-01 -4.799958e-02 2.920484e-01 2.166328e-01 3.615587e-01 1.528612e-01 4.108653e-01 5.197416e-02 -3.534435e-02 1.332318e-01 -3.358083e-01
<VARIANCE> 25
 3.531172e+01 3.850582e+01 8.596570e+01 6.621080e+01 7.181079e+01 5.416277e+01 4.807694e+01 4.428899e+01 7.016037e+01 3.389539e+01 3.260570e+01 2.342344e+01 1.449697e+00 2.235376e+00 3.370194e+00 2.848076e+00 3.117073e+00 3.027856e+00 2.728951e+00 2.694960e+00 3.637147e+00 2.031120e+00 2.029837e+00 1.597497e+00 2.197404e+00
<GCONST> 1.037915e+02
<TRANSP> 5
 0.000000e+00 1.000000e+00 0.000000e+00 0.000000e+00 0.000000e+00
 0.000000e+00 6.311952e-01 3.688047e-01 0.000000e+00 0.000000e+00
 0.000000e+00 0.000000e+00 5.965238e-01 4.034762e-01 0.000000e+00
 0.000000e+00 0.000000e+00 0.000000e+00 7.753263e-01 2.246737e-01
 0.000000e+00 0.000000e+00 0.000000e+00 0.000000e+00 0.000000e+00
<ENDHMM>
~h "j"
<BEGINHMM>
<NUMSTATES> 5
<STATE> 2
<MEAN> 25
 3.325525e+00 -3.601060e-01 6.171919e+00 3.378307e+00 -2.132403e+00 -4.339756e+00 -4.234879e+00 -1.323995e+00 -1.433805e+00 -3.106805e+00 -4.879363e-01 1.016813e+00 -1.337857e-01 2.754743e-01 4.965589e-01 2.640358e-01 -3.406437e-02 -6.787580e-02 -4.045848e-01 -3.234185e-02 -3.988327e-03 -4.275104e-01 6.632113e-02 3.849705e-02 -1.184157e-01
<VARIANCE> 25
 3.870723e+01 6.961669e+01 4.695688e+01 4.909288e+01 5.815950e+01 7.103481e+01 5.837577e+01 6.879276e+01 4.479919e+01 3.893090e+01 3.371849e+01 2.682892e+01 2.763726e+00 5.773128e+00 3.879628e+00 4.298745e+00 5.273935e+00 5.622362e+00 4.763046e+00 4.915221e+00 4.657781e+00 3.299598e+00 2.905860e+00 2.660136e+00 4.552437e+00
<GCONST> 1.109045e+02
<STATE> 3
<MEAN> 25
 3.056526e+00 5.602474e-01 6.884014e+00 3.379255e+00 -2.551682e+00 -4.700489e+00 -4.674601e+00 -9.303763e-01 -1.241075e+00 -3.705867e+00 -1.428832e-01 1.034102e+00 1.803013e-02 7.844082e-02 -4.926481e-02 -1.397811e-01 -4.708812e-02 -3.873169e-02 -1.062732e-01 2.630097e-02 3.880069e-02 1.867831e-02 7.370078e-02 -6.228403e-02 4.878117e-02
<VARIANCE> 25
 3.752644e+01 6.367530e+01 4.770658e+01 4.780304e+01 5.956892e+01 6.955540e+01 5.947945e+01 6.305997e+01 4.097221e+01 3.951921e+01 3.293713e+01 2.589525e+01 2.561157e+00 4.911430e+00 3.865911e+00 3.953209e+00 5.158098e+00 5.660713e+00 4.545146e+00 4.435908e+00 4.199065e+00 3.315972e+00 2.624702e+00 2.552439e+00 3.829950e+00
<GCONST> 1.096704e+02
<STATE> 4
<MEAN> 25
 2.967463e+00 3.249935e-01 6.862153e+00 2.017932e+00 -3.377828e+00 -5.633995e+00 -4.006788e+00 -7.004943e-02 -1.763527e+00 -2.763271e+00 3.228583e-01 9.662817e-01 1.337696e-01 -2.121164e-01 -4.524669e-01 -3.804557e-01 -2.196492e-02 6.990518e-02 1.214964e-01 9.357762e-02 1.048753e-01 3.439893e-01 1.381958e-02 -8.366133e-02 1.879608e-01
<VARIANCE> 25
 3.928211e+01 6.020308e+01 4.984494e+01 4.688075e+01 5.577778e+01 6.519080e+01 5.120993e+01 5.589978e+01 4.177718e+01 3.574384e+01 3.453205e+01 2.517093e+01 2.360590e+00 4.000603e+00 3.513664e+00 3.868242e+00 4.513251e+00 5.081891e+00 4.008528e+00 3.794975e+00 3.702007e+00 2.963732e+00 2.408632e+00 2.284746e+00 3.626510e+00
<GCONST> 1.078050e+02
<TRANSP> 5
 0.000000e+00 1.000000e+00 0.000000e+00 0.000000e+00 0.000000e+00
 0.000000e+00 6.526543e-01 3.473456e-01 0.000000e+00 0.000000e+00
 0.000000e+00 0.000000e+00 6.227767e-01 3.772233e-01 0.000000e+00
 0.000000e+00 0.000000e+00 0.000000e+00 7.547002e-01 2.452998e-01
 0.000000e+00 0.000000e+00 0.000000e+00 0.000000e+00 0.000000e+00
<ENDHMM>
~h "k"
<BEGINHMM>
<NUMSTATES> 5
<STATE> 2
<MEAN> 25
 -4.023942e+00 6.451755e-01 -2.022247e+00 -1.311164e+00 8.953906e-01 2.219826e+00 1.521865e+00 7.882314e-01 1.948661e+00 7.442937e-01 5.107868e-01 1.895225e-01 1.059405e-01 -3.351887e-01 -2.021842e-01 -1.901847e-01 -2.402355e-01 -1.284371e-02 6.018854e-02 1.576803e-01 2.634413e-01 5.733734e-02 -1.474587e-02 -4.177807e-03 2.546594e-01
<VARIANCE> 25
 9.957078e+01 6.197244e+01 4.721889e+01 5.882393e+01 9.627782e+01 6.402177e+01 5.542746e+01 5.620384e+01 5.196561e+01 3.950906e+01 3.560380e+01 2.982438e+01 7.691195e+00 5.743984e+00 4.362225e+00 5.239979e+00 6.940217e+00 6.416131e+00 5.258034e+00 4.451312e+00 4.849424e+00 4.127590e+00 3.438012e+00 3.033818e+00 8.010973e+00
<GCONST> 1.152580e+02
<STATE> 3
<MEAN> 25
 -1.916284e+00 -9.164351e-01 -2.032258e+00 -1.671359e+00 -6.602730e-01 1.595771e+00 1.624595e+00 1.046598e+00 2.485356e+00 6.068439e-01 2.125960e-01 2.407105e-01 8.486154e-01 -3.646463e-01 -4.872016e-02 -1.615510e-01 -3.856457e-01 -4.370345e-01 -1.040437e-01 -1.242775e-03 -2.854936e-02 8.143231e-02 -1.586449e-01 -1.510769e-01 8.938097e-01
<VARIANCE> 25
 7.836765e+01 6.017237e+01 5.296579e+01 5.731562e+01 1.113652e+02 7.036312e+01 5.996796e+01 5.865718e+01 5.666670e+01 4.347123e+01 3.874031e+01 3.103544e+01 7.605813e+00 6.036568e+00 4.657975e+00 5.196523e+00 7.891079e+00 7.095175e+00 5.707361e+00 5.218142e+00 5.524816e+00 4.712655e+00 3.655407e+00 3.311175e+00 7.307676e+00
<GCONST> 1.166314e+02
<STATE> 4
<MEAN> 25
 9.319651e-02 -1.298705e+00 -2.478163e+00 -1.823315e+00 -5.020586e-01 5.254751e-01 9.967180e-01 6.338518e-01 2.039991e+00 9.797792e-01 2.137495e-02 -2.487541e-01 9.248056e-01 -1.502027e-01 6.834337e-02 -1.397507e-01 -2.372974e-01 -5.299640e-01 -1.823895e-01 -9.628542e-02 -3.906674e-01 6.101013e-02 -1.459454e-01 -2.085287e-01 8.580574e-01
<VARIANCE> 25
 7.703506e+01 5.465599e+01 5.087313e+01 5.909433e+01 8.814658e+01 6.895721e+01 5.222120e+01 5.172075e+01 5.607435e+01 4.146255e+01 4.040528e+01 3.130006e+01 5.690075e+00 4.559099e+00 3.968586e+00 5.099544e+00 5.561576e+00 5.942504e+00 4.520851e+00 4.235299e+00 4.931673e+00 3.759470e+00 3.250360e+00 2.740718e+00 5.502757e+00
<GCONST> 1.133344e+02
<TRANSP> 5
 0.000000e+00 1.000000e+00 0.000000e+00 0.000000e+00 0.000000e+00
 0.000000e+00 5.836015e-01 4.163985e-01 0.000000e+00 0.000000e+00
 0.000000e+00 0.000000e+00 5.707633e-01 4.292367e-01 0.000000e+00
 0.000000e+00 0.000000e+00 0.000000e+00 6.362459e-01 3.637541e-01
 0.000000e+00 0.000000e+00 0.000000e+00 0.000000e+00 0.000000e+00
<ENDHMM>
~h "l"
<BEGINHMM>
<NUMSTATES> 5
<STATE> 2
<MEAN> 25
 7.460730e+00 -1.441972e+00 -1.652616e+00 -3.327521e+00 -2.186038e+00 -3.386802e+00 -2.924972e+00 -7.168112e-01 1.603824e+00 1.210554e+00 -3.459588e+00 -1.621008e+00 1.484711e-01 -1.179203e-01 5.950610e-02 -3.771882e-02 -7.917093e-02 -1.446449e-01 -1.398361e-01 1.796373e-02 1.972080e-01 5.384009e-02 -2.502769e-01 -8.525591e-02 1.894749e-01
<VARIANCE> 25
 4.895509e+01 4.775401e+01 4.321940e+01 5.814771e+01 7.606495e+01 9.765810e+01 6.583792e+01 6.575256e+01 4.917393e+01 7.580906e+01 5.169167e+01 3.432759e+01 1.732214e+00 2.345637e+00 2.166078e+00 2.649918e+00 3.156674e+00 4.481277e+00 3.190399e+00 3.001347e+00 2.961907e+00 3.377330e+00 2.636134e+00 2.081053e+00 1.477776e+00
<GCONST> 1.069778e+02
<STATE> 3
<MEAN> 25
 7.488582e+00 -1.787637e+00 -1.254207e+00 -3.198108e+00 -2.526023e+00 -3.532609e+00 -2.809532e+00 -5.004727e-01 1.964986e+00 1.224737e+00 -3.566406e+00 -1.517191e+00 -5.365184e-02 -1.225407e-01 1.799523e-01 7.343568e-02 -7.154568e-02 -4.712044e-02 6.470095e-02 8.091129e-02 2.619453e-02 -8.070669e-02 -2.714213e-02 5.969374e-02 3.720954e-02
<VARIANCE> 25
 4.600861e+01 4.723573e+01 4.311365e+01 5.899993e+01 7.783329e+01 9.645370e+01 6.665511e+01 6.854453e+01 5.058245e+01 7.689513e+01 4.879480e+01 3.413407e+01 1.279136e+00 2.219158e+00 1.973879e+00 2.515484e+00 3.177633e+00 4.255332e+00 3.209139e+00 2.911975e+00 2.793638e+00 3.389063e+00 2.528961e+00 2.004048e+00 1.244500e+00
<GCONST> 1.060814e+02
<STATE> 4
<MEAN> 25
 7.378505e+00 -2.431355e+00 -6.416357e-01 -3.624114e+00 -2.684037e+00 -3.061233e+00 -2.708387e+00 -7.760944e-01 2.048629e+00 1.204787e+00 -3.528451e+00 -1.062185e+00 -2.026964e-01 2.509727e-02 2.094624e-01 1.809964e-01 2.662050e-02 1.238135e-01 1.745741e-01 6.577124e-02 -1.668853e-01 -1.610931e-01 1.811654e-01 1.278954e-01 -1.804749e-01
<VARIANCE> 25
 4.478459e+01 5.054974e+01 4.085473e+01 6.640500e+01 7.926339e+01 9.219141e+01 6.748830e+01 6.943005e+01 5.220916e+01 6.748159e+01 4.671433e+01 3.286740e+01 1.080748e+00 1.970652e+00 1.761468e+00 2.358831e+00 2.925450e+00 3.688159e+00 2.865135e+00 2.701221e+00 2.622888e+00 3.173611e+00 2.274071e+00 1.801564e+00 1.158869e+00
<GCONST> 1.047122e+02
<TRANSP> 5
 0.000000e+00 1.000000e+00 0.000000e+00 0.000000e+00 0.000000e+00
 0.000000e+00 5.393756e-01 4.606244e-01 0.000000e+00 0.000000e+00
 0.000000e+00 0.000000e+00 5.283459e-01 4.716541e-01 0.000000e+00
 0.000000e+00 0.000000e+00 0.000000e+00 6.589966e-01 3.410033e-01
 0.000000e+00 0.000000e+00 0.000000e+00 0.000000e+00 0.000000e+00
<ENDHMM>
~h "m"
<BEGINHMM>
<NUMSTATES> 5
<STATE> 2
<MEAN> 25
 3.991578e+00 2.541432e+00 -1.211870e+00 -1.022783e-01 1.728271e+00 8.660171e-01 -7.375380e-01 -1.380970e+00 -8.715553e-01 8.077390e-01 -6.220114e-01 -2.665884e+00 1.536001e-01 2.337663e-01 -1.007411e-01 5.541643e-02 2.986282e-01 2.725591e-01 9.575251e-04 -7.986514e-02 6.352744e-02 4.302072e-02 -1.638126e-01 -2.277220e-01 2.182163e-04
<VARIANCE> 25
 6.725414e+01 5.231535e+01 3.917864e+01 4.946358e+01 5.224342e+01 4.806323e+01 4.641566e+01 4.465690e+01 7.685596e+01 3.276423e+01 3.460669e+01 3.333160e+01 3.506144e+00 3.831915e+00 3.681741e+00 4.457828e+00 4.636589e+00 4.545507e+00 3.150998e+00 3.285796e+00 4.856642e+00 2.818680e+00 2.703212e+00 2.866973e+00 3.117931e+00
<GCONST> 1.086118e+02
<STATE> 3
<MEAN> 25
 4.509773e+00 2.520718e+00 -1.411804e+00 -4.630780e-02 2.057775e+00 1.148611e+00 -7.301520e-01 -1.519710e+00 -7.916154e-01 8.201415e-01 -9.999368e-01 -2.937762e+00 1.391806e-01 -1.711343e-01 -1.381386e-01 -4.729755e-02 4.063699e-02 -2.987021e-03 8.754941e-02 9.601905e-02 6.465483e-02 -2.319296e-02 -1.138374e-01 2.635119e-02 1.994649e-01
<VARIANCE> 25
 5.419305e+01 5.211510e+01 4.022323e+01 4.686528e+01 5.176212e+01 4.793901e+01 4.686657e+01 4.534264e+01 8.138262e+01 3.215938e+01 3.405412e+01 3.308002e+01 3.088956e+00 3.486257e+00 3.462127e+00 4.364490e+00 4.643329e+00 4.453285e+00 3.256908e+00 3.291532e+00 4.762684e+00 2.781209e+00 2.777549e+00 2.934459e+00 2.707630e+00
<GCONST> 1.079807e+02
<STATE> 4
<MEAN> 25
 4.651497e+00 1.370190e+00 -1.493798e+00 -5.427724e-01 1.629828e+00 9.760742e-01 -2.620614e-01 -1.728348e+00 -2.280616e+00 9.149947e-01 -1.131690e+00 -2.811457e+00 5.556642e-02 -3.283949e-01 -1.316967e-01 -2.377252e-01 -2.033524e-01 -1.919533e-01 1.316600e-01 2.844529e-01 1.631323e-01 -4.058222e-02 -4.384950e-02 2.011816e-01 2.276421e-01
<VARIANCE> 25
 4.911449e+01 5.168401e+01 3.873319e+01 5.014126e+01 5.005169e+01 4.430886e+01 3.964856e+01 4.497386e+01 8.233163e+01 2.820158e+01 3.277707e+01 2.923069e+01 1.946268e+00 2.578961e+00 2.905058e+00 3.992680e+00 3.513399e+00 3.323616e+00 2.648562e+00 2.974458e+00 3.931954e+00 2.300084e+00 2.519158e+00 2.163225e+00 1.859086e+00
<GCONST> 1.042669e+02
<TRANSP> 5
 0.000000e+00 1.000000e+00 0.000000e+00 0.000000e+00 0.000000e+00
 0.000000e+00 4.952472e-01 5.047528e-01 0.000000e+00 0.000000e+00
 0.000000e+00 0.000000e+00 4.923092e-01 5.076908e-01 0.000000e+00
 0.000000e+00 0.000000e+00 0.000000e+00 6.628779e-01 3.371221e-01
 0.000000e+00 0.000000e+00 0.000000e+00 0.000000e+00 0.000000e+00
<ENDHMM>
~h "n"
<BEGINHMM>
<NUMSTATES> 5
<STATE> 2
<MEAN> 25
 4.743597e+00 1.430318e-01 -2.650432e-01 1.740470e+00 8.397047e-01 -1.143305e+00 -1.085034e+00 -2.148511e+00 -2.022764e+00 5.602601e-01 -2.019320e+00 -1.820861e+00 -3.155461e-01 6.851612e-01 2.079535e-01 4.007718e-01 3.415993e-01 4.399950e-01 -1.836186e-01 -3.510792e-01 1.517736e-01 -1.216566e-01 -8.360922e-02 -1.482159e-01 -6.038910e-01
<VARIANCE> 25
 3.690195e+01 4.960512e+01 3.758592e+01 4.106656e+01 6.037756e+01 5.504959e+01 5.220130e+01 6.551461e+01 4.586829e+01 3.152313e+01 4.472886e+01 2.823853e+01 1.675075e+00 3.512488e+00 2.122828e+00 2.754388e+00 3.757599e+00 4.269636e+00 3.534919e+00 4.338911e+00 3.522351e+00 2.371813e+00 3.374552e+00 2.479311e+00 2.438351e+00
<GCONST> 1.056472e+02
<STATE> 3
<MEAN> 25
 3.934895e+00 1.318102e+00 1.908997e-01 2.427266e+00 1.384634e+00 -2.392967e-01 -1.209999e+00 -2.610450e+00 -1.672854e+00 2.573421e-01 -2.017332e+00 -1.878523e+00 -3.334272e-01 3.241293e-01 1.757321e-01 1.649936e-01 1.486374e-01 2.582066e-01 2.914257e-02 -3.512575e-02 1.384111e-01 -1.498837e-01 4.156588e-02 6.414758e-02 -3.650129e-01
<VARIANCE> 25
 3.807316e+01 5.004019e+01 3.687786e+01 3.934950e+01 6.397936e+01 5.295746e+01 5.443947e+01 6.518176e+01 4.523504e+01 3.178053e+01 4.153750e+01 2.825406e+01 1.608265e+00 3.323959e+00 2.073982e+00 2.600435e+00 3.490615e+00 3.913484e+00 3.535317e+00 4.182240e+00 3.326431e+00 2.371593e+00 3.106850e+00 2.270667e+00 2.112546e+00
<GCONST> 1.048569e+02
<STATE> 4
<MEAN> 25
 2.335779e+00 1.580173e+00 4.892836e-01 2.856039e+00 1.247832e+00 -1.202543e-01 -3.451163e-01 -1.954504e+00 -1.162180e+00 -3.132147e-01 -1.671943e+00 -1.063154e+00 -3.135425e-01 -4.931065e-02 5.346178e-02 -1.138932e-01 -2.232026e-02 3.396687e-02 1.530008e-01 2.235253e-01 1.302563e-01 -1.390431e-01 1.326338e-01 2.135233e-01 -1.200048e-01
<VARIANCE> 25
 4.631632e+01 4.956264e+01 3.636485e+01 4.020062e+01 5.592104e+01 4.761191e+01 4.780497e+01 5.819914e+01 4.634833e+01 3.067576e+01 3.986286e+01 2.728727e+01 1.423080e+00 2.865976e+00 1.951692e+00 2.416892e+00 2.884178e+00 3.182355e+00 2.874337e+00 3.514773e+00 2.921189e+00 2.215052e+00 2.563395e+00 1.893870e+00 1.720969e+00
<GCONST> 1.025194e+02
<TRANSP> 5
 0.000000e+00 1.000000e+00 0.000000e+00 0.000000e+00 0.000000e+00
 0.000000e+00 5.006369e-01 4.993631e-01 0.000000e+00 0.000000e+00
 0.000000e+00 0.000000e+00 4.957724e-01 5.042276e-01 0.000000e+00
 0.000000e+00 0.000000e+00 0.000000e+00 6.451584e-01 3.548416e-01
 0.000000e+00 0.000000e+00 0.000000e+00 0.000000e+00 0.000000e+00
<ENDHMM>
~h "o"
<BEGINHMM>
<NUMSTATES> 5
<STATE> 2
<MEAN> 25
 -1.073841e+00 2.810314e+00 -3.686029e+00 -4.760269e+00 -6.756649e-01 4.247394e-01 5.009116e-02 4.406384e-01 2.685358e-01 1.251301e+00 3.515454e-01 -4.998035e-01 3.800001e-01 2.564857e-01 -2.285849e-01 -4.908364e-01 -7.039372e-02 8.015256e-02 7.231878e-02 1.061764e-02 -1.017200e-01 1.021212e-01 1.093557e-01 -1.415986e-01 1.957308e-01
<VARIANCE> 25
 1.651580e+02 3.886528e+01 3.712186e+01 5.995798e+01 5.970530e+01 8.556392e+01 4.910483e+01 4.960285e+01 4.295144e+01 4.078053e+01 2.602077e+01 2.643002e+01 4.066791e+00 2.741176e+00 2.332281e+00 3.598765e+00 3.309712e+00 4.468822e+00 2.789760e+00 2.537001e+00 2.818647e+00 2.725726e+00 1.950138e+00 2.071637e+00 2.668965e+00
<GCONST> 1.063667e+02
<STATE> 3
<MEAN> 25
 2.829183e+00 2.937324e+00 -3.507063e+00 -5.094088e+00 -1.307191e+00 6.816164e-01 -5.581978e-02 1.943621e-01 4.552103e-01 8.666098e-01 3.928017e-01 -4.757100e-01 5.009624e-01 2.271389e-02 -1.513499e-01 -2.918483e-01 -1.126170e-01 5.589363e-02 3.549485e-02 -4.496570e-02 -5.936657e-02 5.213853e-02 9.853315e-02 -8.750869e-02 3.687248e-01
<VARIANCE> 25
 1.208017e+02 4.122266e+01 3.924822e+01 6.202268e+01 6.339896e+01 1.027057e+02 4.939554e+01 5.526564e+01 4.405558e+01 4.162930e+01 2.755199e+01 2.708520e+01 4.488088e+00 2.804962e+00 2.686604e+00 4.268653e+00 3.464845e+00 4.964057e+00 3.066932e+00 2.737371e+00 3.142543e+00 3.042380e+00 2.094976e+00 2.214263e+00 3.181904e+00
<GCONST> 1.079747e+02
<STATE> 4
<MEAN> 25
 3.526749e+00 1.917262e+00 -4.440297e+00 -8.000662e+00 -8.761499e-01 3.620968e+00 3.226747e-01 -8.358717e-01 -1.164221e-01 4.043111e-01 1.067928e+00 5.378958e-02 1.682813e-02 -1.390945e-01 1.194796e-01 2.378430e-01 2.996916e-02 -6.764311e-02 6.543287e-03 -2.681390e-02 1.350720e-02 -2.198128e-02 -1.116833e-02 -2.304598e-02 7.208449e-02
<VARIANCE> 25
 9.125575e+01 3.270941e+01 3.501461e+01 8.859276e+01 5.078512e+01 9.243269e+01 4.212428e+01 4.473680e+01 4.087112e+01 3.907623e+01 2.660385e+01 2.451514e+01 2.947644e+00 2.164469e+00 2.036743e+00 3.831271e+00 2.691820e+00 3.657278e+00 2.533345e+00 2.323965e+00 2.688462e+00 2.495713e+00 1.933031e+00 1.805228e+00 2.651443e+00
<GCONST> 1.039358e+02
<TRANSP> 5
 0.000000e+00 1.000000e+00 0.000000e+00 0.000000e+00 0.000000e+00
 0.000000e+00 5.776033e-01 4.223968e-01 0.000000e+00 0.000000e+00
 0.000000e+00 0.000000e+00 5.305558e-01 4.694442e-01 0.000000e+00
 0.000000e+00 0.000000e+00 0.000000e+00 7.718139e-01 2.281861e-01
 0.000000e+00 0.000000e+00 0.000000e+00 0.000000e+00 0.000000e+00
<ENDHMM>
~h "p"
<BEGINHMM>
<NUMSTATES> 5
<STATE> 2
<MEAN> 25
 -8.092015e-01 2.194766e+00 -2.718059e+00 -1.023855e+00 1.237456e+00 1.695852e-01 6.777431e-01 1.367471e+00 1.607789e+00 1.935267e+00 3.730913e-01 -7.880198e-01 -3.320062e-01 2.098383e-01 -6.403635e-02 3.292715e-02 6.057887e-02 2.399797e-01 -7.113682e-02 2.020587e-02 1.914327e-01 7.691627e-02 1.352462e-01 6.768082e-03 -4.027469e-01
<VARIANCE> 25
 9.564413e+01 4.828172e+01 3.338973e+01 4.973294e+01 4.955522e+01 5.667797e+01 3.769653e+01 4.092915e+01 4.109815e+01 3.186842e+01 3.084364e+01 2.522929e+01 1.012412e+01 5.677566e+00 3.254974e+00 4.769975e+00 4.167452e+00 5.969974e+00 3.425385e+00 3.302519e+00 3.966184e+00 3.151996e+00 3.043880e+00 2.630752e+00 9.629457e+00
<GCONST> 1.102209e+02
<STATE> 3
<MEAN> 25
 -1.146294e+00 1.724093e+00 -2.730890e+00 -7.377840e-01 1.315397e+00 5.656184e-01 2.668104e-01 9.908172e-01 1.813820e+00 1.790395e+00 6.091877e-01 -6.001970e-01 3.354301e-01 -3.517687e-01 -5.223320e-02 2.947790e-02 -1.612367e-01 -8.878579e-02 -5.238346e-02 -2.437242e-02 -3.894144e-02 -5.831937e-02 -3.728248e-03 -1.976288e-02 4.151584e-01
<VARIANCE> 25
 8.831236e+01 5.044685e+01 3.605717e+01 5.015181e+01 4.637200e+01 6.283675e+01 3.724621e+01 4.042238e+01 4.282766e+01 3.030983e+01 2.957865e+01 2.595914e+01 1.067095e+01 5.004254e+00 3.303128e+00 4.722255e+00 4.319481e+00 6.845178e+00 3.544480e+00 3.942513e+00 4.325734e+00 3.306943e+00 3.092261e+00 2.675892e+00 9.384770e+00
<GCONST> 1.107170e+02
<STATE> 4
<MEAN> 25
 -9.726802e-01 4.524949e-01 -2.874406e+00 -6.460758e-01 1.137351e+00 5.627948e-01 3.830253e-01 6.476402e-01 1.650638e+00 1.387712e+00 6.967880e-01 -4.271281e-01 6.981298e-01 -4.654387e-01 5.553209e-02 -2.668070e-02 -2.023523e-01 -2.816469e-01 -5.800077e-02 -5.991972e-02 -2.178276e-01 -7.639726e-02 -1.423867e-01 -6.012062e-02 8.138532e-01
<VARIANCE> 25
 1.079706e+02 5.355689e+01 3.651575e+01 5.320675e+01 4.704969e+01 6.486226e+01 3.370908e+01 3.935600e+01 4.404564e+01 3.008522e+01 3.200465e+01 2.937227e+01 7.672078e+00 3.926306e+00 2.942647e+00 4.363285e+00 3.641679e+00 5.779040e+00 3.031369e+00 3.537496e+00 4.047670e+00 3.048110e+00 2.981994e+00 2.431516e+00 6.943837e+00
<GCONST> 1.092391e+02
<TRANSP> 5
 0.000000e+00 1.000000e+00 0.000000e+00 0.000000e+00 0.000000e+00
 0.000000e+00 6.010345e-01 3.989655e-01 0.000000e+00 0.000000e+00
 0.000000e+00 0.000000e+00 5.783769e-01 4.216231e-01 0.000000e+00
 0.000000e+00 0.000000e+00 0.000000e+00 7.086648e-01 2.913352e-01
 0.000000e+00 0.000000e+00 0.000000e+00 0.000000e+00 0.000000e+00
<ENDHMM>
~h "r"
<BEGINHMM>
<NUMSTATES> 5
<STATE> 2
<MEAN> 25
 5.721523e+00 -2.683664e+00 -1.245360e+00 1.149216e+00 -1.241492e+00 -2.270406e+00 -4.867336e-01 -6.049958e-01 -1.346698e+00 1.531574e-01 5.533323e-01 -2.710835e-01 2.285109e-01 -1.646867e-01 5.439207e-02 1.531139e-01 -1.651115e-01 -2.421959e-01 -8.238152e-02 -9.520037e-02 -2.888372e-01 -7.026469e-02 2.037777e-01 4.112764e-02 2.452665e-01
<VARIANCE> 25
 5.004079e+01 5.300599e+01 4.288786e+01 4.565848e+01 5.321521e+01 8.000626e+01 5.447277e+01 6.665198e+01 7.191290e+01 4.936840e+01 4.442671e+01 3.204953e+01 3.132614e+00 4.475427e+00 3.506813e+00 4.183142e+00 4.030427e+00 6.469617e+00 4.164323e+00 5.134119e+00 5.812860e+00 4.154401e+00 3.429624e+00 2.926214e+00 3.691262e+00
<GCONST> 1.118455e+02
<STATE> 3
<MEAN> 25
 5.921348e+00 -3.036931e+00 -9.559540e-01 1.248892e+00 -1.514246e+00 -2.582680e+00 -5.745032e-01 -6.459796e-01 -1.784733e+00 4.792944e-03 8.186376e-01 -2.204751e-01 -9.963511e-03 -5.478847e-02 1.846354e-01 -2.608117e-02 -8.933389e-02 -1.042546e-01 -3.351448e-02 -3.075957e-02 -1.812220e-01 -1.832083e-02 1.232247e-01 2.252781e-02 1.128589e-01
<VARIANCE> 25
 4.349945e+01 4.753607e+01 4.495514e+01 4.539016e+01 5.106754e+01 7.998730e+01 5.703903e+01 6.753246e+01 7.657190e+01 5.175099e+01 4.565695e+01 3.323845e+01 2.721300e+00 4.132528e+00 3.256834e+00 4.125308e+00 3.955749e+00 5.920671e+00 3.801800e+00 4.976128e+00 5.349090e+00 4.080686e+00 3.379936e+00 2.818674e+00 3.234138e+00
<GCONST> 1.110057e+02
<STATE> 4
<MEAN> 25
 5.764320e+00 -3.459152e+00 -5.508759e-01 7.200490e-01 -1.403876e+00 -2.835186e+00 -9.104713e-01 -8.018422e-01 -1.906187e+00 6.110533e-01 7.908690e-01 -4.471435e-01 -2.151446e-01 1.178215e-01 1.946692e-01 -1.048664e-01 3.814977e-02 5.058912e-02 3.440138e-02 3.975358e-03 -2.831871e-02 -2.145866e-02 3.144897e-02 2.214350e-02 -7.511774e-02
<VARIANCE> 25
 4.165672e+01 4.780611e+01 4.425446e+01 4.723751e+01 4.793535e+01 7.350246e+01 5.417307e+01 6.588455e+01 7.151617e+01 4.933681e+01 4.960918e+01 3.247734e+01 2.256707e+00 3.524791e+00 2.650726e+00 3.908881e+00 3.387118e+00 4.706230e+00 3.027475e+00 4.089672e+00 4.659330e+00 3.367262e+00 3.072981e+00 2.363725e+00 3.087846e+00
<GCONST> 1.086495e+02
<TRANSP> 5
 0.000000e+00 1.000000e+00 0.000000e+00 0.000000e+00 0.000000e+00
 0.000000e+00 5.078929e-01 4.921071e-01 0.000000e+00 0.000000e+00
 0.000000e+00 0.000000e+00 4.965797e-01 5.034204e-01 0.000000e+00
 0.000000e+00 0.000000e+00 0.000000e+00 6.099920e-01 3.900080e-01
 0.000000e+00 0.000000e+00 0.000000e+00 0.000000e+00 0.000000e+00
<ENDHMM>
~h "s"
<BEGINHMM>
<NUMSTATES> 5
<STATE> 2
<MEAN> 25
 -2.756402e+00 -4.501430e+00 8.773783e+00 9.885164e-01 8.656313e-02 4.506321e+00 2.628655e+00 -1.112782e+00 2.234612e+00 -1.650700e+00 1.880710e+00 3.238031e+00 -7.767674e-01 -7.533385e-01 1.207230e+00 6.321646e-02 -1.333474e-01 4.580400e-01 3.064299e-01 -9.743391e-03 2.476777e-01 -2.992767e-01 2.591368e-01 3.075927e-01 4.057324e-01
<VARIANCE> 25
 8.072154e+01 1.195894e+02 1.518333e+02 4.484193e+01 5.588807e+01 1.134079e+02 4.718427e+01 4.662834e+01 3.542124e+01 3.527345e+01 3.271098e+01 2.861954e+01 6.118021e+00 7.145589e+00 9.861600e+00 3.390227e+00 4.322136e+00 5.503445e+00 4.215900e+00 3.506665e+00 3.511144e+00 3.229221e+00 2.845564e+00 2.260345e+00 2.464412e+00
<GCONST> 1.127121e+02
<STATE> 3
<MEAN> 25
 -3.804272e+00 -5.112405e+00 9.360287e+00 9.315583e-01 4.777189e-03 4.193246e+00 2.730230e+00 -1.459055e+00 2.331689e+00 -2.065259e+00 2.080177e+00 3.451629e+00 2.566980e-01 1.300245e-01 -3.606736e-01 -1.456265e-02 -1.041697e-01 -2.673240e-01 -1.579506e-01 -1.390797e-01 -1.132606e-01 -2.079924e-02 -9.113816e-02 -8.454835e-02 8.290783e-02
<VARIANCE> 25
 6.962241e+01 1.321302e+02 1.587740e+02 4.456048e+01 5.303027e+01 1.238096e+02 4.818112e+01 4.649218e+01 3.519264e+01 3.216537e+01 3.129625e+01 2.931813e+01 6.368202e+00 7.027302e+00 8.505683e+00 3.085413e+00 4.147763e+00 4.747455e+00 4.060890e+00 3.330525e+00 3.254738e+00 2.861088e+00 2.756028e+00 2.196337e+00 2.436735e+00
<GCONST> 1.118712e+02
<STATE> 4
<MEAN> 25
 -2.430062e+00 -2.081841e+00 5.178967e+00 4.727784e-01 3.530124e-01 1.106475e+00 2.056608e+00 -1.789546e+00 1.595245e+00 -1.617466e+00 1.031476e+00 2.290880e+00 9.288206e-01 3.899284e-01 -8.364249e-01 -4.139208e-02 -1.611952e-01 -5.922076e-01 -3.907996e-01 -1.005940e-01 -3.420030e-01 1.937403e-01 -2.832519e-01 -3.464140e-01 -8.182055e-02
<VARIANCE> 25
 7.979137e+01 9.962382e+01 1.214945e+02 4.884085e+01 5.579776e+01 1.109649e+02 5.106487e+01 4.857241e+01 3.755684e+01 3.244798e+01 3.072663e+01 2.852620e+01 5.332540e+00 5.815124e+00 7.039930e+00 3.200453e+00 4.003202e+00 4.804716e+00 3.918864e+00 3.277396e+00 3.519982e+00 2.839597e+00 2.659331e+00 2.180766e+00 2.594219e+00
<GCONST> 1.111166e+02
<TRANSP> 5
 0.000000e+00 1.000000e+00 0.000000e+00 0.000000e+00 0.000000e+00
 0.000000e+00 6.755396e-01 3.244604e-01 0.000000e+00 0.000000e+00
 0.000000e+00 0.000000e+00 6.330035e-01 3.669965e-01 0.000000e+00
 0.000000e+00 0.000000e+00 0.000000e+00 6.594185e-01 3.405815e-01
 0.000000e+00 0.000000e+00 0.000000e+00 0.000000e+00 0.000000e+00
<ENDHMM>
~h "t"
<BEGINHMM>
<NUMSTATES> 5
<STATE> 2
<MEAN> 25
 -2.138042e+00 1.817754e+00 1.032607e-01 6.572592e-01 6.391012e-01 5.446979e-01 4.843258e-01 -9.379325e-01 8.905622e-01 1.728774e-01 5.067604e-01 1.056211e+00 -3.936678e-01 9.779522e-03 -2.788344e-01 -2.429452e-01 -1.172721e-01 3.401707e-01 6.239288e-02 2.338249e-01 4.661839e-01 -1.511899e-01 2.038146e-01 1.607006e-01 -3.040321e-01
<VARIANCE> 25
 7.668898e+01 4.667497e+01 4.111952e+01 6.310270e+01 5.591397e+01 6.327869e+01 4.177836e+01 4.835722e+01 4.809079e+01 3.138826e+01 3.400084e+01 2.496253e+01 7.488899e+00 6.257381e+00 3.527738e+00 5.349119e+00 5.483729e+00 6.601313e+00 4.482673e+00 4.479019e+00 4.433407e+00 3.298466e+00 3.531686e+00 2.456368e+00 1.068187e+01
<GCONST> 1.124219e+02
<STATE> 3
<MEAN> 25
 -2.411390e+00 1.081695e+00 -3.881091e-01 -2.423194e-01 -2.524190e-01 9.781320e-01 3.048410e-01 -4.226638e-01 1.917298e+00 -1.821340e-01 8.268981e-01 1.318845e+00 3.489209e-01 -3.919348e-01 -5.705074e-02 -3.049959e-01 -3.578227e-01 -9.455837e-03 -1.168549e-01 9.047589e-02 1.488019e-01 -7.920242e-02 1.421611e-02 3.474345e-02 5.283901e-01
<VARIANCE> 25
 7.061495e+01 4.858045e+01 4.022158e+01 6.043032e+01 5.425399e+01 6.351816e+01 4.183116e+01 4.653687e+01 4.453355e+01 3.163948e+01 3.410262e+01 2.603714e+01 7.826860e+00 5.298187e+00 3.588396e+00 5.112411e+00 5.170015e+00 6.978765e+00 4.490115e+00 4.431504e+00 4.324973e+00 3.448560e+00 3.580450e+00 2.550268e+00 9.756047e+00
<GCONST> 1.120443e+02
<STATE> 4
<MEAN> 25
 -1.899122e+00 2.144710e-01 -5.040098e-01 -5.051145e-01 -6.719214e-01 4.939061e-01 4.213809e-01 2.454533e-01 2.451722e+00 -2.763379e-01 1.013057e+00 1.560293e+00 6.907126e-01 -3.875479e-01 1.209243e-01 -3.205798e-01 -1.253623e-01 -3.657819e-01 -2.218775e-01 -7.585354e-02 -2.728033e-01 9.093356e-02 -2.469125e-01 -1.594144e-01 8.937344e-01
<VARIANCE> 25
 7.121156e+01 4.593723e+01 4.266669e+01 6.064147e+01 4.376491e+01 6.348412e+01 4.015391e+01 4.161687e+01 4.885302e+01 2.936536e+01 3.713501e+01 2.491160e+01 5.382496e+00 3.870997e+00 3.104726e+00 4.609714e+00 3.465674e+00 5.969716e+00 3.830824e+00 3.765415e+00 3.909413e+00 3.041781e+00 3.326615e+00 2.182145e+00 7.419209e+00
<GCONST> 1.092061e+02
<TRANSP> 5
 0.000000e+00 1.000000e+00 0.000000e+00 0.000000e+00 0.000000e+00
 0.000000e+00 5.692716e-01 4.307284e-01 0.000000e+00 0.000000e+00
 0.000000e+00 0.000000e+00 5.479236e-01 4.520764e-01 0.000000e+00
 0.000000e+00 0.000000e+00 0.000000e+00 6.778996e-01 3.221004e-01
 0.000000e+00 0.000000e+00 0.000000e+00 0.000000e+00 0.000000e+00
<ENDHMM>
~h "u"
<BEGINHMM>
<NUMSTATES> 5
<STATE> 2
<MEAN> 25
 3.584648e+00 3.567113e+00 6.449111e-01 -1.555325e+00 -1.889329e+00 -5.798704e-01 -4.149851e+00 -2.298193e+00 -2.213009e-01 -1.927226e+00 -2.773497e-01 -9.305216e-02 1.541341e-01 3.323802e-01 -1.288098e-01 -2.543429e-01 -3.887402e-02 1.508570e-02 -1.345776e-01 -1.237860e-01 -7.457357e-02 1.060848e-02 2.198621e-02 3.276578e-02 -9.347292e-03
<VARIANCE> 25
 6.276304e+01 5.061169e+01 4.690292e+01 6.304658e+01 5.950047e+01 7.096336e+01 5.852339e+01 6.087766e+01 6.298695e+01 5.873108e+01 4.040677e+01 2.783376e+01 3.786260e+00 3.348147e+00 2.866663e+00 4.076650e+00 4.045248e+00 5.710545e+00 4.244173e+00 4.537858e+00 4.503836e+00 4.009353e+00 2.828584e+00 2.344103e+00 2.721503e+00
<GCONST> 1.106525e+02
<STATE> 3
<MEAN> 25
 3.498819e+00 3.958499e+00 2.284232e-01 -2.024922e+00 -1.890027e+00 -1.542086e-01 -3.818156e+00 -2.486536e+00 -4.057176e-01 -1.681744e+00 1.920647e-02 6.024709e-02 -7.993989e-02 1.659253e-02 -1.447041e-01 -1.372926e-01 4.577227e-02 8.579080e-02 1.628203e-01 4.060092e-02 -4.034929e-02 9.282538e-02 7.759003e-02 1.331831e-02 -4.102109e-02
<VARIANCE> 25
 6.314692e+01 4.920826e+01 4.448996e+01 6.414095e+01 5.767326e+01 6.829787e+01 5.912483e+01 6.041663e+01 6.729249e+01 5.778567e+01 3.972543e+01 2.789128e+01 3.316345e+00 3.195441e+00 2.743432e+00 3.905766e+00 3.944155e+00 5.097480e+00 4.205200e+00 4.262094e+00 4.347022e+00 3.846831e+00 2.715829e+00 2.259660e+00 2.500288e+00
<GCONST> 1.098473e+02
<STATE> 4
<MEAN> 25
 2.664123e+00 4.294312e+00 -1.057929e+00 -2.800885e+00 -1.878215e+00 1.266656e+00 -2.461945e+00 -2.878985e+00 -1.710564e+00 -1.918037e+00 1.252198e+00 6.090661e-01 -2.572279e-01 -2.378086e-01 -7.264853e-02 1.263737e-01 1.524687e-01 -5.134929e-02 1.796872e-01 1.798930e-01 1.090420e-01 1.407681e-01 4.734631e-02 -4.331513e-02 -4.587650e-02
<VARIANCE> 25
 6.542580e+01 4.419497e+01 3.845875e+01 6.733943e+01 4.607382e+01 5.563179e+01 5.265703e+01 5.439020e+01 7.278656e+01 5.083012e+01 3.454733e+01 2.561253e+01 2.369750e+00 2.584614e+00 2.311955e+00 3.410601e+00 2.843451e+00 3.546423e+00 3.314521e+00 3.303718e+00 3.696984e+00 3.118388e+00 2.328595e+00 1.917705e+00 2.015745e+00
<GCONST> 1.058101e+02
<TRANSP> 5
 0.000000e+00 1.000000e+00 0.000000e+00 0.000000e+00 0.000000e+00
 0.000000e+00 5.320241e-01 4.679759e-01 0.000000e+00 0.000000e+00
 0.000000e+00 0.000000e+00 5.251930e-01 4.748070e-01 0.000000e+00
 0.000000e+00 0.000000e+00 0.000000e+00 7.081879e-01 2.918121e-01
 0.000000e+00 0.000000e+00 0.000000e+00 0.000000e+00 0.000000e+00
<ENDHMM>
~h "v"
<BEGINHMM>
<NUMSTATES> 5
<STATE> 2
<MEAN> 25
 -2.742794e+00 -2.013820e+00 -1.010598e-01 2.308009e+00 2.521238e+00 2.421373e+00 1.274349e-01 -2.461310e+00 -3.197846e+00 -6.220729e-01 1.991487e+00 1.486895e+00 -1.981908e-01 -2.880326e-01 -3.399191e-02 -1.133318e-01 -5.954301e-01 1.718866e-01 3.663290e-01 3.151850e-01 2.830175e-01 -1.083127e-01 1.099330e-01 -1.015485e-02 -7.708137e-02
<VARIANCE> 25
 6.630054e+01 2.584222e+01 2.237927e+01 4.337420e+01 3.979176e+01 5.437611e+01 3.193577e+01 1.915292e+01 2.778491e+01 2.847237e+01 1.848822e+01 1.618221e+01 2.384862e+00 2.337042e+00 2.331164e+00 4.517677e+00 3.958449e+00 4.194519e+00 3.126681e+00 1.763278e+00 3.069374e+00 2.071672e+00 2.149691e+00 1.635501e+00 1.372847e+00
<GCONST> 9.875454e+01
<STATE> 3
<MEAN> 25
 -3.002496e+00 -2.694949e+00 -1.796284e-01 2.268806e+00 1.339695e+00 2.441164e+00 3.200860e-01 -1.668527e+00 -2.370507e+00 -7.086997e-01 2.310612e+00 1.569939e+00 1.520101e-01 -1.035845e-01 -5.114725e-02 -5.828910e-03 -3.007454e-01 -2.959662e-01 -1.317156e-01 1.689375e-01 1.970639e-01 -7.643836e-02 -6.534328e-02 -8.854606e-02 1.714333e-01
<VARIANCE> 25
 6.847350e+01 3.854507e+01 2.094247e+01 3.210751e+01 4.923865e+01 6.230629e+01 2.842500e+01 2.168322e+01 3.279824e+01 2.872346e+01 1.595842e+01 1.609555e+01 3.083385e+00 2.574564e+00 1.427588e+00 3.091428e+00 4.112222e+00 4.540687e+00 2.662518e+00 1.552509e+00 3.073400e+00 1.834802e+00 1.975683e+00 1.527368e+00 1.560735e+00
<GCONST> 9.836709e+01
<STATE> 4
<MEAN> 25
 1.807165e-02 -1.541420e+00 3.681030e-01 2.285479e+00 -1.923886e-01 5.657641e-01 -3.295350e-01 -1.713122e+00 -3.144393e+00 -3.458526e-01 2.338666e+00 1.235692e+00 5.362670e-01 1.604345e-01 -1.603051e-01 -3.869237e-02 -7.851653e-03 -3.937581e-01 -2.317684e-01 2.759009e-02 9.682620e-02 4.976149e-02 -2.105027e-01 -1.490609e-01 3.056177e-01
<VARIANCE> 25
 8.414754e+01 5.029478e+01 2.875032e+01 4.374062e+01 8.000143e+01 6.630297e+01 3.428659e+01 2.535476e+01 4.250391e+01 3.623100e+01 1.705495e+01 1.795721e+01 4.902590e+00 3.162034e+00 2.186273e+00 3.866058e+00 6.066092e+00 6.082259e+00 3.233362e+00 1.954696e+00 3.794654e+00 2.139206e+00 2.283950e+00 1.463429e+00 2.752282e+00
<GCONST> 1.044827e+02
<TRANSP> 5
 0.000000e+00 1.000000e+00 0.000000e+00 0.000000e+00 0.000000e+00
 0.000000e+00 7.553340e-01 2.446660e-01 0.000000e+00 0.000000e+00
 0.000000e+00 0.000000e+00 7.423739e-01 2.576261e-01 0.000000e+00
 0.000000e+00 0.000000e+00 0.000000e+00 8.275074e-01 1.724926e-01
 0.000000e+00 0.000000e+00 0.000000e+00 0.000000e+00 0.000000e+00
<ENDHMM>
~h "w"
<BEGINHMM>
<NUMSTATES> 5
<STATE> 2
<MEAN> 25
 -6.642638e+00 3.724969e+00 -3.261963e+00 -4.682298e+00 2.303408e+00 -4.163269e-01 -2.147890e+00 2.760613e-02 -7.577845e-01 2.772124e+00 5.013098e-01 -2.301429e+00 3.535528e-01 -1.330500e-02 -1.874354e-01 -2.376920e-01 2.724293e-02 6.040011e-03 -7.619806e-02 5.677209e-02 1.023538e-01 1.996986e-02 -2.559650e-01 -2.754895e-01 2.555635e-01
<VARIANCE> 25
 2.490608e+02 4.767774e+01 3.398413e+01 5.010804e+01 6.312326e+01 6.362141e+01 3.831588e+01 4.337242e+01 3.655422e+01 3.880201e+01 2.710063e+01 2.223036e+01 3.265300e+00 2.405435e+00 1.684854e+00 2.346766e+00 2.677080e+00 3.042529e+00 2.287099e+00 2.431099e+00 2.268730e+00 2.106686e+00 2.062341e+00 2.012400e+00 1.962937e+00
<GCONST> 1.030519e+02
<STATE> 3
<MEAN> 25
 7.946039e-01 2.728922e+00 -2.631694e+00 -4.924166e+00 5.953845e-01 -3.708998e-01 -3.110371e+00 -3.509846e-01 2.657979e-01 1.726347e+00 -1.692719e-01 -2.263682e+00 8.641305e-01 -2.359852e-01 -2.893819e-01 -2.698168e-01 -1.387340e-01 -3.718128e-02 5.956673e-02 6.959871e-02 7.884874e-02 -1.521189e-01 -3.530315e-01 -2.082158e-01 6.695740e-01
<VARIANCE> 25
 1.742235e+02 5.023805e+01 4.263876e+01 5.875367e+01 6.885976e+01 9.740142e+01 4.189926e+01 5.356810e+01 4.148347e+01 4.740238e+01 3.330295e+01 2.481716e+01 5.206356e+00 2.626159e+00 2.754678e+00 3.456130e+00 3.577317e+00 4.372398e+00 2.751642e+00 3.156468e+00 2.714607e+00 2.479762e+00 2.357256e+00 2.431534e+00 2.916163e+00
<GCONST> 1.081820e+02
<STATE> 4
<MEAN> 25
 4.709708e+00 1.352732e+00 -2.937266e+00 -5.486567e+00 -4.668594e-01 -1.299080e+00 -3.245903e+00 1.611168e-01 7.785361e-01 1.351351e+00 -1.602566e+00 -2.792441e+00 6.858858e-01 -4.915506e-01 -1.650165e-01 6.350695e-02 -3.951374e-02 6.620461e-03 2.487095e-01 1.139292e-01 1.105282e-01 -1.783699e-01 -3.052524e-01 -1.080525e-02 6.697000e-01
<VARIANCE> 25
 1.211560e+02 5.259203e+01 4.586141e+01 7.077982e+01 7.265836e+01 1.433330e+02 3.901171e+01 5.911908e+01 4.048504e+01 4.442212e+01 3.563826e+01 2.654043e+01 4.836995e+00 2.677255e+00 2.919967e+00 3.553939e+00 4.191749e+00 4.539915e+00 2.872829e+00 3.171332e+00 2.882493e+00 2.731612e+00 2.269033e+00 2.311733e+00 3.243306e+00
<GCONST> 1.090866e+02
<TRANSP> 5
 0.000000e+00 1.000000e+00 0.000000e+00 0.000000e+00 0.000000e+00
 0.000000e+00 6.213039e-01 3.786961e-01 0.000000e+00 0.000000e+00
 0.000000e+00 0.000000e+00 5.102360e-01 4.897640e-01 0.000000e+00
 0.000000e+00 0.000000e+00 0.000000e+00 6.715168e-01 3.284832e-01
 0.000000e+00 0.000000e+00 0.000000e+00 0.000000e+00 0.000000e+00
<ENDHMM>
~h "y"
<BEGINHMM>
<NUMSTATES> 5
<STATE> 2
<MEAN> 25
 6.968931e-01 -2.419410e+00 1.976169e+00 -1.231438e+00 -3.446666e+00 -4.741937e+00 9.639304e-01 3.440960e+00 -1.776726e+00 1.036175e+00 3.441380e-01 9.303883e-01 4.120813e-02 -9.993887e-02 -1.422215e-01 -8.487913e-02 1.400346e-01 5.966397e-02 2.301197e-01 2.653107e-01 1.233967e-01 -4.646380e-02 -1.839930e-01 -1.768089e-02 3.855001e-02
<VARIANCE> 25
 1.206319e+02 6.653024e+01 4.767165e+01 4.345698e+01 6.955994e+01 5.350675e+01 4.661647e+01 6.484148e+01 3.688605e+01 2.611186e+01 3.145335e+01 2.493069e+01 1.646475e+00 1.843509e+00 1.805427e+00 1.829048e+00 2.767453e+00 1.958389e+00 2.142090e+00 2.480308e+00 1.902937e+00 1.529189e+00 1.909613e+00 1.407176e+00 1.418418e+00
<GCONST> 1.004154e+02
<STATE> 3
<MEAN> 25
 2.326095e+00 -3.504092e+00 1.695324e+00 -9.145672e-01 -3.101272e+00 -4.425875e+00 1.524627e+00 3.831652e+00 -1.380420e+00 4.799066e-01 -4.769656e-01 8.196823e-01 -1.466477e-02 -8.743638e-03 -1.996775e-01 -2.159502e-02 3.338917e-01 1.988761e-01 1.344923e-01 2.791282e-02 1.086974e-01 -5.682397e-02 -2.253842e-01 -1.033945e-01 -8.272225e-02
<VARIANCE> 25
 8.132511e+01 5.751918e+01 4.247694e+01 4.267258e+01 6.042629e+01 4.882107e+01 4.813967e+01 6.370161e+01 3.611603e+01 2.744986e+01 3.745346e+01 2.609227e+01 1.124976e+00 1.352644e+00 1.481407e+00 1.620014e+00 2.216582e+00 1.701377e+00 1.867425e+00 2.244492e+00 1.714589e+00 1.447900e+00 1.789206e+00 1.302968e+00 9.848936e-01
<GCONST> 9.749796e+01
<STATE> 4
<MEAN> 25
 -1.267045e-01 -1.928912e+00 -2.053411e-01 8.822629e-01 1.594320e-02 -1.124221e+00 2.500107e+00 2.632236e+00 2.159516e-01 -3.725713e-01 -1.020279e+00 1.034689e+00 -7.156031e-02 1.146910e-01 -1.043347e-01 9.072679e-02 2.069966e-01 1.826750e-01 5.142010e-02 -7.954289e-02 7.468417e-02 -3.556423e-02 -7.328203e-02 -3.113063e-02 -1.799993e-01
<VARIANCE> 25
 7.468218e+01 5.273572e+01 4.505925e+01 5.488957e+01 5.030361e+01 5.190550e+01 3.731298e+01 3.952737e+01 4.082234e+01 2.685549e+01 4.214262e+01 2.824926e+01 6.405753e-01 9.660808e-01 1.159398e+00 1.246759e+00 1.520654e+00 1.453953e+00 1.465213e+00 1.653904e+00 1.618188e+00 1.404979e+00 1.557668e+00 1.129193e+00 6.515539e-01
<GCONST> 9.380917e+01
<TRANSP> 5
 0.000000e+00 1.000000e+00 0.000000e+00 0.000000e+00 0.000000e+00
 0.000000e+00 6.339016e-01 3.660984e-01 0.000000e+00 0.000000e+00
 0.000000e+00 0.000000e+00 6.063843e-01 3.936157e-01 0.000000e+00
 0.000000e+00 0.000000e+00 0.000000e+00 8.686497e-01 1.313504e-01
 0.000000e+00 0.000000e+00 0.000000e+00 0.000000e+00 0.000000e+00
<ENDHMM>
~h "z"
<BEGINHMM>
<NUMSTATES> 5
<STATE> 2
<MEAN> 25
 0.000000e+00 0.000000e+00 0.000000e+00 0.000000e+00 0.000000e+00 0.000000e+00 0.000000e+00 0.000000e+00 0.000000e+00 0.000000e+00 0.000000e+00 0.000000e+00 0.000000e+00 0.000000e+00 0.000000e+00 0.000000e+00 0.000000e+00 0.000000e+00 0.000000e+00 0.000000e+00 0.000000e+00 0.000000e+00 0.000000e+00 0.000000e+00 0.000000e+00
<VARIANCE> 25
 1.000000e+00 1.000000e+00 1.000000e+00 1.000000e+00 1.000000e+00 1.000000e+00 1.000000e+00 1.000000e+00 1.000000e+00 1.000000e+00 1.000000e+00 1.000000e+00 1.000000e+00 1.000000e+00 1.000000e+00 1.000000e+00 1.000000e+00 1.000000e+00 1.000000e+00 1.000000e+00 1.000000e+00 1.000000e+00 1.000000e+00 1.000000e+00 1.000000e+00
<GCONST> 4.594693e+01
<STATE> 3
<MEAN> 25
 0.000000e+00 0.000000e+00 0.000000e+00 0.000000e+00 0.000000e+00 0.000000e+00 0.000000e+00 0.000000e+00 0.000000e+00 0.000000e+00 0.000000e+00 0.000000e+00 0.000000e+00 0.000000e+00 0.000000e+00 0.000000e+00 0.000000e+00 0.000000e+00 0.000000e+00 0.000000e+00 0.000000e+00 0.000000e+00 0.000000e+00 0.000000e+00 0.000000e+00
<VARIANCE> 25
 1.000000e+00 1.000000e+00 1.000000e+00 1.000000e+00 1.000000e+00 1.000000e+00 1.000000e+00 1.000000e+00 1.000000e+00 1.000000e+00 1.000000e+00 1.000000e+00 1.000000e+00 1.000000e+00 1.000000e+00 1.000000e+00 1.000000e+00 1.000000e+00 1.000000e+00 1.000000e+00 1.000000e+00 1.000000e+00 1.000000e+00 1.000000e+00 1.000000e+00
<GCONST> 4.594693e+01
<STATE> 4
<MEAN> 25
 0.000000e+00 0.000000e+00 0.000000e+00 0.000000e+00 0.000000e+00 0.000000e+00 0.000000e+00 0.000000e+00 0.000000e+00 0.000000e+00 0.000000e+00 0.000000e+00 0.000000e+00 0.000000e+00 0.000000e+00 0.000000e+00 0.000000e+00 0.000000e+00 0.000000e+00 0.000000e+00 0.000000e+00 0.000000e+00 0.000000e+00 0.000000e+00 0.000000e+00
<VARIANCE> 25
 1.000000e+00 1.000000e+00 1.000000e+00 1.000000e+00 1.000000e+00 1.000000e+00 1.000000e+00 1.000000e+00 1.000000e+00 1.000000e+00 1.000000e+00 1.000000e+00 1.000000e+00 1.000000e+00 1.000000e+00 1.000000e+00 1.000000e+00 1.000000e+00 1.000000e+00 1.000000e+00 1.000000e+00 1.000000e+00 1.000000e+00 1.000000e+00 1.000000e+00
<GCONST> 4.594693e+01
<TRANSP> 5
 0.000000e+00 1.000000e+00 0.000000e+00 0.000000e+00 0.000000e+00
 0.000000e+00 6.000000e-01 4.000000e-01 0.000000e+00 0.000000e+00
 0.000000e+00 0.000000e+00 6.000000e-01 4.000000e-01 0.000000e+00
 0.000000e+00 0.000000e+00 0.000000e+00 7.000000e-01 3.000000e-01
 0.000000e+00 0.000000e+00 0.000000e+00 0.000000e+00 0.000000e+00
<ENDHMM>
~h "ai"
<BEGINHMM>
<NUMSTATES> 5
<STATE> 2
<MEAN> 25
 0.000000e+00 0.000000e+00 0.000000e+00 0.000000e+00 0.000000e+00 0.000000e+00 0.000000e+00 0.000000e+00 0.000000e+00 0.000000e+00 0.000000e+00 0.000000e+00 0.000000e+00 0.000000e+00 0.000000e+00 0.000000e+00 0.000000e+00 0.000000e+00 0.000000e+00 0.000000e+00 0.000000e+00 0.000000e+00 0.000000e+00 0.000000e+00 0.000000e+00
<VARIANCE> 25
 1.000000e+00 1.000000e+00 1.000000e+00 1.000000e+00 1.000000e+00 1.000000e+00 1.000000e+00 1.000000e+00 1.000000e+00 1.000000e+00 1.000000e+00 1.000000e+00 1.000000e+00 1.000000e+00 1.000000e+00 1.000000e+00 1.000000e+00 1.000000e+00 1.000000e+00 1.000000e+00 1.000000e+00 1.000000e+00 1.000000e+00 1.000000e+00 1.000000e+00
<GCONST> 4.594693e+01
<STATE> 3
<MEAN> 25
 0.000000e+00 0.000000e+00 0.000000e+00 0.000000e+00 0.000000e+00 0.000000e+00 0.000000e+00 0.000000e+00 0.000000e+00 0.000000e+00 0.000000e+00 0.000000e+00 0.000000e+00 0.000000e+00 0.000000e+00 0.000000e+00 0.000000e+00 0.000000e+00 0.000000e+00 0.000000e+00 0.000000e+00 0.000000e+00 0.000000e+00 0.000000e+00 0.000000e+00
<VARIANCE> 25
 1.000000e+00 1.000000e+00 1.000000e+00 1.000000e+00 1.000000e+00 1.000000e+00 1.000000e+00 1.000000e+00 1.000000e+00 1.000000e+00 1.000000e+00 1.000000e+00 1.000000e+00 1.000000e+00 1.000000e+00 1.000000e+00 1.000000e+00 1.000000e+00 1.000000e+00 1.000000e+00 1.000000e+00 1.000000e+00 1.000000e+00 1.000000e+00 1.000000e+00
<GCONST> 4.594693e+01
<STATE> 4
<MEAN> 25
 0.000000e+00 0.000000e+00 0.000000e+00 0.000000e+00 0.000000e+00 0.000000e+00 0.000000e+00 0.000000e+00 0.000000e+00 0.000000e+00 0.000000e+00 0.000000e+00 0.000000e+00 0.000000e+00 0.000000e+00 0.000000e+00 0.000000e+00 0.000000e+00 0.000000e+00 0.000000e+00 0.000000e+00 0.000000e+00 0.000000e+00 0.000000e+00 0.000000e+00
<VARIANCE> 25
 1.000000e+00 1.000000e+00 1.000000e+00 1.000000e+00 1.000000e+00 1.000000e+00 1.000000e+00 1.000000e+00 1.000000e+00 1.000000e+00 1.000000e+00 1.000000e+00 1.000000e+00 1.000000e+00 1.000000e+00 1.000000e+00 1.000000e+00 1.000000e+00 1.000000e+00 1.000000e+00 1.000000e+00 1.000000e+00 1.000000e+00 1.000000e+00 1.000000e+00
<GCONST> 4.594693e+01
<TRANSP> 5
 0.000000e+00 1.000000e+00 0.000000e+00 0.000000e+00 0.000000e+00
 0.000000e+00 6.000000e-01 4.000000e-01 0.000000e+00 0.000000e+00
 0.000000e+00 0.000000e+00 6.000000e-01 4.000000e-01 0.000000e+00
 0.000000e+00 0.000000e+00 0.000000e+00 7.000000e-01 3.000000e-01
 0.000000e+00 0.000000e+00 0.000000e+00 0.000000e+00 0.000000e+00
<ENDHMM>
~h "au"
<BEGINHMM>
<NUMSTATES> 5
<STATE> 2
<MEAN> 25
 -1.765878e+01 1.236335e+01 -3.569541e+00 -3.864771e+00 1.102542e+01 -1.447987e+00 7.263713e-01 1.030748e+01 -2.227716e+00 1.255683e+00 3.665521e+00 -2.921968e+00 -1.242975e+00 1.203593e+00 -7.087007e-01 -1.516698e+00 7.613804e-01 -8.211271e-01 -9.260703e-01 5.755079e-02 -4.516172e-01 -6.772085e-01 -7.318113e-01 -9.448667e-01 -1.264699e+00
<VARIANCE> 25
 3.003160e+02 1.382036e+02 1.880235e+01 7.136147e+01 1.020755e+02 3.067275e+01 6.580959e+01 2.574113e+01 3.398606e+01 2.499942e+01 1.430207e+01 1.265449e+01 2.423243e+01 6.371633e+00 2.945432e+00 8.868305e+00 4.478745e+00 5.230556e+00 8.350970e+00 2.044391e+00 1.305849e+00 5.822599e-01 1.018715e+00 1.464477e+00 1.946824e+01
<GCONST> 1.085979e+02
<STATE> 3
<MEAN> 25
 -8.988322e+00 8.652702e+00 -3.971783e+00 -4.198904e+00 8.659223e+00 -1.389107e+00 4.060091e+00 8.353073e+00 -5.054716e+00 -9.452338e-01 1.567655e+00 -2.901759e+00 2.078228e+00 -1.445255e+00 -7.372566e-01 1.263921e+00 2.066021e-01 1.689649e+00 1.547332e+00 -5.634227e-01 2.755922e-02 -6.346872e-01 -8.728070e-01 3.658516e-01 1.740143e+00
<VARIANCE> 25
 2.960387e+02 1.633685e+02 2.209208e+01 3.920646e+01 9.238918e+01 4.062913e+01 6.165739e+01 3.979639e+01 3.698764e+01 1.827214e+01 1.282619e+01 2.922804e+01 2.833492e+01 1.227012e+01 4.257294e+00 7.923870e+00 4.914672e+00 4.838892e+00 9.101571e+00 2.160519e+00 7.568038e+00 1.388003e+00 1.990847e+00 5.025008e+00 2.274387e+01
<GCONST> 1.152725e+02
<STATE> 4
<MEAN> 25
 -2.903546e+00 1.180464e+00 -5.705647e+00 6.922501e-01 3.047138e+00 1.747448e-01 6.725363e+00 4.348678e+00 -4.632678e+00 -1.280225e+00 1.136314e+00 3.307832e+00 8.219923e-01 -6.158294e-01 -5.001381e-02 4.604487e-02 -6.653103e-01 -4.869566e-01 5.063841e-03 -7.878092e-02 2.942496e-01 8.210054e-02 -1.642500e-01 1.050293e-01 8.481888e-01
<VARIANCE> 25
 1.109962e+02 7.450732e+01 6.479028e+01 5.249461e+01 6.909413e+01 9.001158e+01 3.826050e+01 3.767143e+01 5.042257e+01 4.690606e+01 1.469201e+01 2.742439e+01 1.017537e+01 9.813839e+00 5.197918e+00 3.607749e+00 5.071862e+00 1.175886e+01 6.091872e+00 4.263496e+00 3.937863e+00 3.674374e+00 2.168870e+00 3.158549e+00 1.011365e+01
<GCONST> 1.146659e+02
<TRANSP> 5
 0.000000e+00 1.000000e+00 0.000000e+00 0.000000e+00 0.000000e+00
 0.000000e+00 7.069212e-01 2.930788e-01 0.000000e+00 0.000000e+00
 0.000000e+00 0.000000e+00 5.055742e-01 4.944257e-01 0.000000e+00
 0.000000e+00 0.000000e+00 0.000000e+00 9.404141e-01 5.958583e-02
 0.000000e+00 0.000000e+00 0.000000e+00 0.000000e+00 0.000000e+00
<ENDHMM>
~h "aw"
<BEGINHMM>
<NUMSTATES> 5
<STATE> 2
<MEAN> 25
 -6.990917e-01 1.981998e-01 -3.232354e+00 -4.958517e+00 1.882289e+00 2.426387e+00 -8.766057e-01 -4.430004e-01 7.151184e-01 2.071218e+00 2.741402e-01 -2.020126e+00 -6.273810e-02 2.159154e-01 7.156830e-02 -2.185052e-02 2.247339e-02 1.589904e-01 7.794963e-03 -1.573848e-01 -1.157058e-01 1.403656e-02 1.611179e-01 1.846211e-01 -2.035667e-01
<VARIANCE> 25
 1.228189e+02 3.750608e+01 2.467531e+01 4.377189e+01 3.089990e+01 2.923416e+01 3.136089e+01 3.418660e+01 2.838312e+01 2.453861e+01 2.175253e+01 2.686477e+01 6.848397e-01 9.198734e-01 1.197557e+00 1.263283e+00 1.257187e+00 1.600109e+00 1.728867e+00 1.613238e+00 1.473807e+00 1.432923e+00 1.322463e+00 1.392013e+00 5.475549e-01
<GCONST> 9.049908e+01
<STATE> 3
<MEAN> 25
 2.816731e+00 2.043224e+00 -2.969160e+00 -5.445307e+00 1.180280e+00 2.573358e+00 -6.117828e-01 -1.349990e+00 1.285861e-01 1.780775e+00 5.311389e-01 -4.618047e-01 5.287372e-03 2.738880e-01 1.743104e-01 2.307670e-01 -6.163528e-02 -1.027768e-01 -2.979985e-02 -5.042053e-02 -5.749860e-02 1.661560e-02 1.081158e-01 1.339816e-01 -1.542603e-01
<VARIANCE> 25
 8.859933e+01 3.676039e+01 2.599593e+01 5.700341e+01 3.440138e+01 4.235468e+01 4.017656e+01 4.004112e+01 3.296046e+01 3.157679e+01 1.962218e+01 2.140111e+01 1.200821e+00 1.252227e+00 1.766755e+00 1.696363e+00 1.596900e+00 2.152306e+00 2.251878e+00 1.951743e+00 1.604134e+00 1.953121e+00 1.445355e+00 1.517803e+00 7.437269e-01
<GCONST> 9.484393e+01
<STATE> 4
<MEAN> 25
 2.402927e+00 4.136058e+00 -1.427053e+00 -3.055439e+00 6.943421e-01 1.336220e+00 -7.133194e-01 -1.757394e+00 -6.130588e-01 1.449848e+00 3.248005e-01 5.039696e-01 -1.060880e-01 8.451217e-02 2.020044e-01 4.413195e-01 4.183713e-03 -2.578583e-01 -3.867272e-02 2.174413e-02 1.487676e-02 3.132901e-03 -1.459844e-02 7.869844e-03 -1.184207e-01
<VARIANCE> 25
 7.423497e+01 3.289642e+01 2.470674e+01 8.950458e+01 4.762330e+01 5.243650e+01 3.966349e+01 4.412881e+01 3.400129e+01 3.486825e+01 2.049133e+01 2.386187e+01 1.397021e+00 1.356071e+00 1.611654e+00 1.875131e+00 1.781794e+00 2.180678e+00 2.026752e+00 2.032482e+00 1.627211e+00 2.100624e+00 1.387427e+00 1.697832e+00 9.206789e-01
<GCONST> 9.653069e+01
<TRANSP> 5
 0.000000e+00 1.000000e+00 0.000000e+00 0.000000e+00 0.000000e+00
 0.000000e+00 8.261935e-01 1.738065e-01 0.000000e+00 0.000000e+00
 0.000000e+00 0.000000e+00 6.698585e-01 3.301415e-01 0.000000e+00
 0.000000e+00 0.000000e+00 0.000000e+00 7.992283e-01 2.007717e-01
 0.000000e+00 0.000000e+00 0.000000e+00 0.000000e+00 0.000000e+00
<ENDHMM>
~h "ay"
<BEGINHMM>
<NUMSTATES> 5
<STATE> 2
<MEAN> 25
 2.470078e+00 -4.610286e+00 6.185143e-01 1.486842e+00 -9.619176e-01 -2.481980e+00 -8.506740e-01 -1.767934e+00 -3.879229e-01 3.940229e+00 1.593545e+00 -4.488456e-01 -4.755259e-01 2.967561e-01 1.674344e-01 -4.578476e-02 -2.601740e-01 -9.986451e-02 6.145215e-01 -1.270193e-01 -8.331977e-01 5.391177e-01 5.743108e-01 -3.796207e-02 -3.384600e-01
<VARIANCE> 25
 7.533371e+01 5.778061e+01 7.566441e+01 4.906562e+01 5.557120e+01 7.815617e+01 9.284608e+01 1.367398e+02 7.358189e+01 6.014960e+01 3.701199e+01 3.882632e+01 1.785779e+00 2.175508e+00 2.781270e+00 2.374434e+00 3.863845e+00 4.409921e+00 3.908028e+00 5.090352e+00 4.313756e+00 2.400393e+00 2.648003e+00 2.052544e+00 1.784554e+00
<GCONST> 1.097161e+02
<STATE> 3
<MEAN> 25
 4.426486e-01 -3.714111e+00 4.139202e-02 4.286861e-01 -1.270576e+00 -1.807598e+00 1.456910e+00 -1.402132e+00 -3.018422e+00 3.897958e+00 2.751116e+00 -1.229476e-01 -3.959398e-01 4.771173e-01 2.404450e-02 -2.206250e-01 -1.436309e-01 2.186659e-01 4.940777e-01 -1.503771e-01 -7.698888e-01 -4.692975e-02 2.570769e-01 9.288439e-02 -3.816654e-01
<VARIANCE> 25
 8.575540e+01 5.474376e+01 1.003893e+02 5.009546e+01 5.479115e+01 7.683216e+01 6.807990e+01 9.625769e+01 7.101936e+01 5.805159e+01 3.274306e+01 3.256889e+01 1.808218e+00 2.219230e+00 2.489544e+00 2.259978e+00 3.222400e+00 3.232242e+00 4.438121e+00 5.679590e+00 3.643496e+00 2.695349e+00 2.323901e+00 1.817027e+00 1.608920e+00
<GCONST> 1.082411e+02
<STATE> 4
<MEAN> 25
 -5.588840e+00 -2.700420e+00 -6.208070e+00 -3.915781e+00 -1.309867e+00 2.987798e-01 5.603049e+00 9.107603e-01 -6.198786e+00 1.223163e+00 2.415339e+00 -2.398494e-01 -2.248818e-01 4.788588e-01 2.486803e-03 -7.544256e-02 1.175229e-01 1.752697e-01 1.052609e-01 5.726086e-02 -6.232283e-02 -1.660035e-01 -1.236720e-01 -4.548254e-02 -3.851002e-01
<VARIANCE> 25
 1.027168e+02 4.938213e+01 1.372805e+02 4.153703e+01 4.302444e+01 6.116903e+01 5.893674e+01 6.084100e+01 5.585777e+01 3.155585e+01 2.504773e+01 2.441238e+01 1.532445e+00 1.958166e+00 1.856874e+00 1.895217e+00 2.497545e+00 2.791296e+00 3.486940e+00 3.665627e+00 2.437925e+00 2.365371e+00 1.771745e+00 1.784066e+00 1.565680e+00
<GCONST> 1.032759e+02
<TRANSP> 5
 0.000000e+00 1.000000e+00 0.000000e+00 0.000000e+00 0.000000e+00
 0.000000e+00 5.655412e-01 4.344588e-01 0.000000e+00 0.000000e+00
 0.000000e+00 0.000000e+00 5.494726e-01 4.505274e-01 0.000000e+00
 0.000000e+00 0.000000e+00 0.000000e+00 7.739632e-01 2.260368e-01
 0.000000e+00 0.000000e+00 0.000000e+00 0.000000e+00 0.000000e+00
<ENDHMM>
~h "eu"
<BEGINHMM>
<NUMSTATES> 5
<STATE> 2
<MEAN> 25
 2.321275e+00 1.051041e+00 -3.296537e-01 9.629381e-01 7.129420e-01 -8.729875e-01 -9.710678e-01 -1.055254e+00 1.228533e-01 7.040172e-01 -3.867156e-01 -9.245248e-01 3.716905e-01 7.242603e-03 -2.006031e-02 1.169731e-01 7.930958e-02 -1.635219e-01 -1.808565e-01 -6.644844e-02 -6.226664e-03 1.903982e-01 -1.877721e-01 -2.076940e-01 1.856527e-01
<VARIANCE> 25
 6.109174e+01 5.028744e+01 3.554711e+01 4.610230e+01 4.195521e+01 5.523016e+01 3.975348e+01 4.688402e+01 5.098696e+01 3.601756e+01 3.245583e+01 3.143785e+01 3.833218e+00 3.782975e+00 3.138321e+00 3.574085e+00 3.144021e+00 4.253795e+00 3.171893e+00 3.336753e+00 3.390691e+00 2.986464e+00 2.521188e+00 2.388794e+00 3.657677e+00
<GCONST> 1.065525e+02
<STATE> 3
<MEAN> 25
 3.136919e+00 8.653820e-01 -2.450663e-01 1.093293e+00 7.338624e-01 -1.187134e+00 -1.315307e+00 -1.157115e+00 1.419692e-02 1.035928e+00 -7.949635e-01 -1.366499e+00 3.034078e-01 -1.042961e-01 -8.803522e-03 8.029834e-03 2.369159e-02 -1.097835e-01 -1.316174e-01 -6.817698e-02 -6.475283e-02 1.238086e-01 -1.700836e-01 -1.541815e-01 2.052639e-01
<VARIANCE> 25
 5.283721e+01 5.073310e+01 3.440146e+01 4.666076e+01 4.172877e+01 5.482743e+01 3.920904e+01 4.816111e+01 5.079291e+01 3.674359e+01 3.281843e+01 3.219866e+01 3.373270e+00 3.455495e+00 2.951606e+00 3.382907e+00 2.943496e+00 4.007198e+00 3.054598e+00 3.263117e+00 3.350523e+00 2.921240e+00 2.430035e+00 2.273696e+00 3.349154e+00
<GCONST> 1.057183e+02
<STATE> 4
<MEAN> 25
 3.188108e+00 2.937986e-01 -2.237209e-01 1.486876e+00 9.345483e-01 -1.143097e+00 -1.276874e+00 -1.329709e+00 -5.298770e-01 1.697869e+00 -1.325306e+00 -1.815936e+00 1.115843e-01 -6.478322e-02 -5.545934e-03 -5.358302e-02 -4.898075e-03 8.597324e-03 -1.967141e-02 -3.526021e-02 -8.076455e-02 1.064158e-02 -6.534424e-02 -4.024217e-02 7.642850e-02
<VARIANCE> 25
 4.545289e+01 4.812170e+01 3.090702e+01 5.159653e+01 3.472778e+01 4.960156e+01 3.483760e+01 4.747440e+01 5.377243e+01 3.419812e+01 3.302158e+01 3.206473e+01 2.155809e+00 2.729400e+00 2.267638e+00 3.000077e+00 2.289983e+00 3.103566e+00 2.466869e+00 2.975813e+00 3.106438e+00 2.544889e+00 2.209687e+00 1.827097e+00 2.654779e+00
<GCONST> 1.024398e+02
<TRANSP> 5
 0.000000e+00 1.000000e+00 0.000000e+00 0.000000e+00 0.000000e+00
 0.000000e+00 4.833989e-01 5.166012e-01 0.000000e+00 0.000000e+00
 0.000000e+00 0.000000e+00 4.842674e-01 5.157326e-01 0.000000e+00
 0.000000e+00 0.000000e+00 0.000000e+00 6.912742e-01 3.087258e-01
 0.000000e+00 0.000000e+00 0.000000e+00 0.000000e+00 0.000000e+00
<ENDHMM>
~h "kh"
<BEGINHMM>
<NUMSTATES> 5
<STATE> 2
<MEAN> 25
 1.028425e+00 -4.982315e+00 4.521741e+00 7.691373e+00 -2.752004e+00 -7.541719e+00 -5.673820e+00 1.734622e+00 -6.958829e-01 5.093446e+00 -3.675553e+00 -4.416022e+00 -9.367205e-03 -8.783222e-02 3.422214e-01 2.762484e-01 5.351203e-02 -6.583418e-01 -2.702605e-01 4.900956e-01 1.320272e-01 1.271446e-01 -4.514261e-01 -2.474572e-01 5.723930e-02
<VARIANCE> 25
 6.396414e+01 3.868403e+01 5.819327e+01 1.911359e+02 7.470389e+01 7.520911e+01 4.478689e+01 1.501585e+02 6.513580e+01 2.342208e+01 4.053111e+01 4.007286e+01 2.366897e+00 3.202195e+00 2.019684e+00 4.436325e+00 3.577185e+00 5.223202e+00 2.863956e+00 4.700528e+00 4.038335e+00 2.410734e+00 1.906453e+00 1.931447e+00 4.916145e+00
<GCONST> 1.101653e+02
<STATE> 3
<MEAN> 25
 -2.870835e+00 -2.766949e+00 3.163613e+00 4.476027e+00 -1.220949e-01 -6.403005e+00 -3.851442e+00 4.617706e+00 -7.825723e-01 4.437868e+00 -3.267117e+00 -2.938538e+00 -1.074770e-01 2.460170e-01 -6.788750e-03 -4.612260e-01 5.351774e-01 1.230998e-01 8.594309e-02 2.866812e-01 6.322941e-02 -2.074943e-01 -1.136825e-01 2.143277e-01 -1.687434e-01
<VARIANCE> 25
 1.391488e+02 7.176958e+01 6.590856e+01 1.855838e+02 9.829784e+01 6.970930e+01 4.667448e+01 8.525381e+01 6.944631e+01 2.385519e+01 3.562439e+01 3.573851e+01 2.106061e+00 3.926425e+00 1.607488e+00 3.314817e+00 3.169729e+00 3.302816e+00 3.188688e+00 3.998591e+00 4.214216e+00 1.614658e+00 2.040844e+00 1.215874e+00 4.196612e+00
<GCONST> 1.091910e+02
<STATE> 4
<MEAN> 25
 -1.017093e+00 -3.512817e+00 3.424403e+00 -1.911576e+00 2.430969e-01 -3.141174e+00 -1.419324e+00 2.032315e+00 -2.471323e+00 1.187395e-01 -3.663949e+00 -3.384825e-01 2.222786e-01 4.320567e-02 4.649279e-02 2.044684e-01 -1.849391e-02 7.798761e-02 -4.058056e-02 -1.305134e-01 1.192399e-01 -1.349589e-01 -2.670965e-02 1.108877e-01 1.456434e-01
<VARIANCE> 25
 1.676245e+02 1.197058e+02 6.025375e+01 8.781509e+01 8.961661e+01 6.250673e+01 3.246654e+01 6.792206e+01 4.386783e+01 2.104546e+01 5.009821e+01 1.384563e+01 3.526891e+00 5.083364e+00 3.419436e+00 4.984467e+00 5.230952e+00 4.403788e+00 2.894287e+00 3.891623e+00 3.645623e+00 1.957216e+00 2.954888e+00 1.136993e+00 5.514080e+00
<GCONST> 1.102917e+02
<TRANSP> 5
 0.000000e+00 1.000000e+00 0.000000e+00 0.000000e+00 0.000000e+00
 0.000000e+00 7.463807e-01 2.536193e-01 0.000000e+00 0.000000e+00
 0.000000e+00 0.000000e+00 6.944917e-01 3.055083e-01 0.000000e+00
 0.000000e+00 0.000000e+00 0.000000e+00 9.413883e-01 5.861166e-02
 0.000000e+00 0.000000e+00 0.000000e+00 0.000000e+00 0.000000e+00
<ENDHMM>
~h "ng"
<BEGINHMM>
<NUMSTATES> 5
<STATE> 2
<MEAN> 25
 4.282349e+00 4.019231e-01 -8.623224e-02 -3.335168e-01 -5.522031e-01 -3.286176e-01 -6.210438e-01 -8.397399e-01 -1.322506e+00 8.071404e-01 -5.476828e-01 -2.258373e+00 -2.423822e-01 3.912077e-01 1.978132e-01 2.815493e-01 6.149695e-02 7.588411e-02 -5.769034e-02 -5.513013e-02 1.737720e-02 7.003584e-02 1.948933e-02 -1.055985e-01 -3.941078e-01
<VARIANCE> 25
 3.841281e+01 5.015168e+01 3.855823e+01 5.335688e+01 5.647129e+01 6.279159e+01 6.440643e+01 6.400850e+01 6.616623e+01 3.703486e+01 3.605983e+01 3.396662e+01 1.247644e+00 2.654826e+00 1.985821e+00 2.692671e+00 2.913984e+00 3.047224e+00 3.801680e+00 3.709014e+00 3.639441e+00 2.621454e+00 2.578184e+00 2.070897e+00 1.892195e+00
<GCONST> 1.048244e+02
<STATE> 3
<MEAN> 25
 3.632690e+00 1.087988e+00 3.398069e-01 2.173400e-01 -5.723550e-01 -3.362288e-01 -6.200543e-01 -7.701224e-01 -1.232455e+00 9.204807e-01 -4.806405e-01 -2.323786e+00 -2.955004e-01 1.977258e-01 1.581541e-01 2.066684e-01 8.085791e-02 7.858457e-03 -1.447002e-02 6.032093e-02 4.643207e-02 5.836838e-02 2.425436e-02 -1.116520e-02 -3.058526e-01
<VARIANCE> 25
 4.124068e+01 5.157307e+01 3.726629e+01 5.286153e+01 5.491212e+01 6.493349e+01 6.881753e+01 6.378642e+01 7.334625e+01 3.909981e+01 3.610215e+01 3.419816e+01 1.325624e+00 2.607206e+00 1.929765e+00 2.526339e+00 2.935050e+00 3.001307e+00 3.830073e+00 3.781773e+00 3.722082e+00 2.632003e+00 2.498306e+00 1.989433e+00 1.852915e+00
<GCONST> 1.050165e+02
<STATE> 4
<MEAN> 25
 2.600652e+00 1.135677e+00 4.339820e-01 4.074551e-01 -1.948783e-01 -5.514115e-01 -8.143312e-01 -4.691942e-01 -1.305998e+00 1.377008e+00 -7.701387e-01 -2.695446e+00 -3.089418e-01 -2.171993e-02 3.538271e-02 7.415399e-02 8.765675e-02 2.850077e-02 4.069187e-02 1.169195e-01 7.849897e-02 -2.805895e-02 3.326689e-02 1.236160e-01 -2.026965e-01
<VARIANCE> 25
 4.955780e+01 5.738540e+01 3.600859e+01 5.487544e+01 5.180954e+01 6.312251e+01 6.773971e+01 6.418072e+01 8.089645e+01 4.148742e+01 3.915127e+01 3.463503e+01 1.360165e+00 2.487731e+00 1.869683e+00 2.517814e+00 2.738062e+00 2.940169e+00 3.277043e+00 3.563976e+00 3.430479e+00 2.539609e+00 2.452951e+00 1.848048e+00 1.889117e+00
<GCONST> 1.049135e+02
<TRANSP> 5
 0.000000e+00 1.000000e+00 0.000000e+00 0.000000e+00 0.000000e+00
 0.000000e+00 4.844857e-01 5.155143e-01 0.000000e+00 0.000000e+00
 0.000000e+00 0.000000e+00 4.859405e-01 5.140595e-01 0.000000e+00
 0.000000e+00 0.000000e+00 0.000000e+00 6.461681e-01 3.538319e-01
 0.000000e+00 0.000000e+00 0.000000e+00 0.000000e+00 0.000000e+00
<ENDHMM>
~h "ny"
<BEGINHMM>
<NUMSTATES> 5
<STATE> 2
<MEAN> 25
 4.281011e+00 -2.593641e+00 2.616337e+00 1.392677e+00 -1.726731e+00 -1.187378e+00 -1.110287e+00 -2.205146e+00 -2.735151e+00 -6.985359e-01 5.826325e-01 1.226189e+00 2.454743e-01 -3.490598e-01 6.236998e-02 -4.341983e-02 -1.803159e-01 -1.367168e-01 -1.415658e-01 -1.701153e-01 -1.376552e-01 -1.417190e-01 -3.666598e-02 1.107295e-01 4.087468e-01
<VARIANCE> 25
 4.673389e+01 7.331699e+01 5.935215e+01 5.117661e+01 6.476322e+01 8.721056e+01 7.735190e+01 1.077690e+02 6.000172e+01 4.058615e+01 4.586903e+01 2.684940e+01 3.786882e+00 7.196482e+00 4.592444e+00 3.941243e+00 5.567289e+00 8.013225e+00 5.915524e+00 7.158704e+00 5.980299e+00 4.318781e+00 4.026236e+00 2.661653e+00 4.654321e+00
<GCONST> 1.155922e+02
<STATE> 3
<MEAN> 25
 4.840705e+00 -3.515610e+00 2.424206e+00 9.734764e-01 -1.874940e+00 -1.221643e+00 -1.837045e+00 -3.189653e+00 -2.917346e+00 -1.004614e+00 2.260897e-01 1.202843e+00 1.278403e-01 -2.551523e-01 -1.458628e-01 -1.450637e-01 -2.032152e-02 -3.504709e-02 -1.061511e-01 -1.230153e-01 4.464785e-02 -1.427026e-02 -1.330780e-01 -4.034153e-02 2.564231e-01
<VARIANCE> 25
 4.263723e+01 6.671748e+01 5.707036e+01 5.125757e+01 6.624105e+01 8.400258e+01 7.851671e+01 1.223431e+02 6.094777e+01 4.460954e+01 4.961948e+01 2.784080e+01 3.311378e+00 6.107920e+00 4.086084e+00 3.691655e+00 5.624265e+00 7.182411e+00 6.185666e+00 7.457106e+00 5.782745e+00 4.203790e+00 3.836235e+00 2.694516e+00 4.128036e+00
<GCONST> 1.150095e+02
<STATE> 4
<MEAN> 25
 5.527772e+00 -4.207017e+00 2.086758e+00 3.487347e-01 -1.820726e+00 -5.510309e-01 -2.488304e+00 -4.136817e+00 -2.578065e+00 -1.003646e+00 2.750151e-01 1.345210e+00 -4.748444e-02 -2.443849e-02 -2.311486e-01 -2.088949e-01 2.080235e-02 1.444275e-01 1.542613e-01 1.438224e-01 1.713630e-01 2.644800e-02 -1.660533e-01 -8.626872e-02 -2.688849e-02
<VARIANCE> 25
 4.257010e+01 6.237520e+01 5.718373e+01 5.162736e+01 6.248532e+01 8.364932e+01 8.538168e+01 1.197646e+02 6.764725e+01 4.194194e+01 5.809783e+01 2.999621e+01 2.514521e+00 4.725256e+00 3.434929e+00 3.190105e+00 4.632651e+00 5.626090e+00 5.043393e+00 5.744827e+00 4.570676e+00 3.436649e+00 3.293645e+00 2.579213e+00 3.132277e+00
<GCONST> 1.125610e+02
<TRANSP> 5
 0.000000e+00 1.000000e+00 0.000000e+00 0.000000e+00 0.000000e+00
 0.000000e+00 6.124456e-01 3.875545e-01 0.000000e+00 0.000000e+00
 0.000000e+00 0.000000e+00 6.098901e-01 3.901099e-01 0.000000e+00
 0.000000e+00 0.000000e+00 0.000000e+00 7.023960e-01 2.976040e-01
 0.000000e+00 0.000000e+00 0.000000e+00 0.000000e+00 0.000000e+00
<ENDHMM>
~h "sy"
<BEGINHMM>
<NUMSTATES> 5
<STATE> 2
<MEAN> 25
 1.229482e+00 1.061251e-01 -1.040053e+00 1.826925e+00 -4.650369e-01 2.212867e+00 3.612209e+00 -2.815285e+00 -1.350320e+00 5.537217e-01 -2.046678e+00 1.592097e+00 -3.848659e-02 2.213847e-01 -2.067089e-01 1.616465e-01 1.215592e-01 1.889164e-01 1.586750e-04 -1.849615e-01 1.242239e-01 -7.933278e-03 -2.491529e-02 1.387849e-02 -2.910720e-01
<VARIANCE> 25
 1.981897e+01 4.897238e+01 1.336906e+01 7.004226e+01 2.217431e+01 2.749041e+01 3.937120e+01 4.767070e+01 1.946036e+01 2.187040e+01 3.353613e+01 2.461884e+01 5.206537e-01 8.870634e-01 7.644411e-01 2.388419e+00 1.172222e+00 1.542093e+00 1.154473e+00 1.162423e+00 1.194758e+00 1.381661e+00 1.607082e+00 1.507452e+00 7.059326e-01
<GCONST> 8.814017e+01
<STATE> 3
<MEAN> 25
 2.260745e+00 2.275854e+00 -4.457766e+00 4.712176e+00 1.884980e+00 1.688809e+00 -2.310559e+00 -1.671326e-01 3.347958e+00 -1.244967e+00 -8.948576e-02 -1.147629e+00 -9.509136e-02 1.464435e-01 -5.754367e-03 1.508361e-01 -4.605094e-02 2.431812e-02 -1.574577e-01 1.698420e-01 3.839498e-01 -1.285316e-01 -1.645243e-01 -1.182705e-01 -1.863987e-01
<VARIANCE> 25
 1.885269e+01 4.393918e+01 1.037789e+01 5.429564e+01 1.687991e+01 2.515758e+01 4.753399e+01 3.543505e+01 2.366358e+01 2.058214e+01 2.286935e+01 1.883213e+01 3.952723e-01 1.298774e+00 9.261082e-01 2.088805e+00 1.127352e+00 2.341556e+00 2.401704e+00 2.247080e+00 1.050265e+00 1.488846e+00 1.909984e+00 1.393125e+00 6.268096e-01
<GCONST> 8.834281e+01
<STATE> 4
<MEAN> 25
 4.273532e+00 -1.492788e+00 1.748475e-01 -1.022195e+00 -1.997222e-01 -4.446995e+00 -1.749852e-01 -3.562310e-02 -1.648409e+00 1.499827e+00 -3.630299e+00 3.379440e-01 -4.296920e-02 -6.731428e-02 -1.604024e-02 -3.201185e-02 6.545734e-02 4.728153e-02 3.248642e-02 -2.935356e-02 3.255163e-02 4.992249e-02 -8.357909e-02 2.098745e-02 1.200999e-02
<VARIANCE> 25
 4.922113e+01 7.418188e+01 3.036994e+01 4.866620e+01 2.299318e+01 4.013037e+01 2.325050e+01 3.594786e+01 4.008535e+01 2.174438e+01 4.355496e+01 1.762847e+01 3.448995e+00 2.643417e+00 2.254519e+00 3.624104e+00 1.858206e+00 3.094147e+00 1.662945e+00 2.863208e+00 1.973482e+00 1.713196e+00 2.775054e+00 1.813459e+00 2.509352e+00
<GCONST> 9.979227e+01
<TRANSP> 5
 0.000000e+00 1.000000e+00 0.000000e+00 0.000000e+00 0.000000e+00
 0.000000e+00 9.740153e-01 2.598470e-02 0.000000e+00 0.000000e+00
 0.000000e+00 0.000000e+00 8.607040e-01 1.392960e-01 0.000000e+00
 0.000000e+00 0.000000e+00 0.000000e+00 9.724185e-01 2.758146e-02
 0.000000e+00 0.000000e+00 0.000000e+00 0.000000e+00 0.000000e+00
<ENDHMM>
~h "sil"
<BEGINHMM>
<NUMSTATES> 5
<STATE> 2
<MEAN> 25
 -9.057310e+00 2.625978e+00 -2.459896e+00 1.863567e+00 3.141317e+00 5.168593e+00 3.235067e+00 1.879294e+00 2.409782e+00 6.615744e-02 2.185701e+00 2.011483e+00 -1.516812e-01 7.540196e-03 -3.823503e-02 -3.171559e-02 -1.972598e-02 -2.285675e-02 -2.528783e-02 -3.203693e-02 -3.544015e-02 4.435011e-03 3.906631e-02 9.683926e-03 -1.450760e-01
<VARIANCE> 25
 2.454481e+01 2.421026e+01 3.095555e+01 4.338943e+01 3.035060e+01 2.586297e+01 3.366833e+01 3.139822e+01 3.981613e+01 2.766275e+01 2.127585e+01 1.720912e+01 4.319830e-01 5.056993e-01 7.566414e-01 9.668481e-01 1.140594e+00 1.257758e+00 1.415713e+00 1.433964e+00 1.531139e+00 1.489539e+00 1.324952e+00 1.273894e+00 2.936660e-01
<GCONST> 8.543108e+01
<STATE> 3
<MEAN> 25
 -1.020035e+01 2.195544e+00 -3.616054e+00 -1.126243e+00 2.380509e+00 2.979363e+00 2.003926e+00 1.287278e+00 1.142896e-01 3.615796e-01 9.430622e-01 7.195187e-01 -1.017017e-01 -1.554225e-03 -3.758593e-02 -1.310233e-01 -3.483679e-02 -1.299272e-01 -1.509040e-01 -3.285123e-02 -5.971785e-02 2.913026e-02 -2.670672e-02 -9.892019e-02 -7.686295e-02
<VARIANCE> 25
 6.139980e+01 3.080361e+01 4.232033e+01 5.611498e+01 3.972863e+01 3.365999e+01 4.092032e+01 3.464445e+01 4.179231e+01 2.805547e+01 2.335437e+01 2.197754e+01 1.337184e+00 1.069449e+00 1.329454e+00 2.055324e+00 1.852660e+00 1.823313e+00 1.919874e+00 1.875556e+00 2.016301e+00 1.809401e+00 1.559856e+00 1.476780e+00 1.320869e+00
<GCONST> 9.529585e+01
<STATE> 4
<MEAN> 25
 -7.918949e+00 2.426791e+00 -2.634967e+00 5.211610e-01 1.929323e+00 2.404789e+00 1.167582e+00 1.342521e+00 1.683851e+00 -1.475611e-01 1.153561e+00 8.280431e-01 -7.377528e-03 3.705446e-02 4.800739e-02 5.198225e-02 2.744602e-02 5.344946e-03 3.577411e-03 6.364185e-03 1.124840e-02 1.367955e-03 -1.765350e-02 -3.434516e-03 -2.258209e-02
<VARIANCE> 25
 7.975954e+01 2.979177e+01 3.019157e+01 4.736270e+01 2.804894e+01 2.972494e+01 2.773209e+01 2.634485e+01 3.595162e+01 2.285881e+01 2.142894e+01 1.983499e+01 1.148288e+00 9.099770e-01 9.347348e-01 1.212809e+00 1.222570e+00 1.446995e+00 1.505397e+00 1.473314e+00 1.579604e+00 1.403529e+00 1.360062e+00 1.232286e+00 9.201024e-01
<GCONST> 8.983479e+01
<TRANSP> 5
 0.000000e+00 1.000000e+00 0.000000e+00 0.000000e+00 0.000000e+00
 0.000000e+00 9.079695e-01 9.203057e-02 0.000000e+00 0.000000e+00
 0.000000e+00 0.000000e+00 7.290365e-01 2.709635e-01 0.000000e+00
 0.000000e+00 0.000000e+00 0.000000e+00 9.322999e-01 6.770002e-02
 0.000000e+00 0.000000e+00 0.000000e+00 0.000000e+00 0.000000e+00
<ENDHMM>
