~o
<STREAMINFO> 1 25
<VECSIZE> 25<NULLD><MFCC_D_N_Z_0><DIAGC>
~h "proto"
<BEGINHMM>
<NUMSTATES> 5
<STATE> 2
<MEAN> 25
 -2.014380e-08 -2.253810e-08 -2.574864e-09 -7.166829e-09 5.295662e-09 -1.192204e-09 -1.464779e-08 5.337711e-09 -3.282148e-08 7.482194e-09 -1.466757e-08 -9.398502e-09 1.333937e-03 -1.847526e-03 1.452056e-03 -2.429452e-04 1.894528e-03 5.087173e-04 4.592596e-04 2.333490e-04 1.528297e-03 -4.097107e-04 1.414394e-03 -1.051454e-03 3.114186e-03
<VARIANCE> 25
 8.918002e+01 5.486167e+01 6.063828e+01 5.872104e+01 6.082326e+01 6.673161e+01 5.227402e+01 5.314776e+01 5.346204e+01 3.712578e+01 3.743366e+01 2.891569e+01 2.680470e+00 2.916458e+00 2.632809e+00 2.837257e+00 3.183372e+00 3.710806e+00 2.999835e+00 3.042751e+00 3.133655e+00 2.544471e+00 2.346657e+00 1.969410e+00 2.698954e+00
<GCONST> 1.067861e+02
<STATE> 3
<MEAN> 25
 -2.014380e-08 -2.253810e-08 -2.574864e-09 -7.166829e-09 5.295662e-09 -1.192204e-09 -1.464779e-08 5.337711e-09 -3.282148e-08 7.482194e-09 -1.466757e-08 -9.398502e-09 1.333937e-03 -1.847526e-03 1.452056e-03 -2.429452e-04 1.894528e-03 5.087173e-04 4.592596e-04 2.333490e-04 1.528297e-03 -4.097107e-04 1.414394e-03 -1.051454e-03 3.114186e-03
<VARIANCE> 25
 8.918002e+01 5.486167e+01 6.063828e+01 5.872104e+01 6.082326e+01 6.673161e+01 5.227402e+01 5.314776e+01 5.346204e+01 3.712578e+01 3.743366e+01 2.891569e+01 2.680470e+00 2.916458e+00 2.632809e+00 2.837257e+00 3.183372e+00 3.710806e+00 2.999835e+00 3.042751e+00 3.133655e+00 2.544471e+00 2.346657e+00 1.969410e+00 2.698954e+00
<GCONST> 1.067861e+02
<STATE> 4
<MEAN> 25
 -2.014380e-08 -2.253810e-08 -2.574864e-09 -7.166829e-09 5.295662e-09 -1.192204e-09 -1.464779e-08 5.337711e-09 -3.282148e-08 7.482194e-09 -1.466757e-08 -9.398502e-09 1.333937e-03 -1.847526e-03 1.452056e-03 -2.429452e-04 1.894528e-03 5.087173e-04 4.592596e-04 2.333490e-04 1.528297e-03 -4.097107e-04 1.414394e-03 -1.051454e-03 3.114186e-03
<VARIANCE> 25
 8.918002e+01 5.486167e+01 6.063828e+01 5.872104e+01 6.082326e+01 6.673161e+01 5.227402e+01 5.314776e+01 5.346204e+01 3.712578e+01 3.743366e+01 2.891569e+01 2.680470e+00 2.916458e+00 2.632809e+00 2.837257e+00 3.183372e+00 3.710806e+00 2.999835e+00 3.042751e+00 3.133655e+00 2.544471e+00 2.346657e+00 1.969410e+00 2.698954e+00
<GCONST> 1.067861e+02
<TRANSP> 5
 0.000000e+00 1.000000e+00 0.000000e+00 0.000000e+00 0.000000e+00
 0.000000e+00 6.000000e-01 4.000000e-01 0.000000e+00 0.000000e+00
 0.000000e+00 0.000000e+00 6.000000e-01 4.000000e-01 0.000000e+00
 0.000000e+00 0.000000e+00 0.000000e+00 7.000000e-01 3.000000e-01
 0.000000e+00 0.000000e+00 0.000000e+00 0.000000e+00 0.000000e+00
<ENDHMM>
