~o
<STREAMINFO> 1 25
<VECSIZE> 25<NULLD><MFCC_D_N_Z_0><DIAGC>
~h "a"
<BEGINHMM>
<NUMSTATES> 5
<STATE> 2
<MEAN> 25
 4.173755e+00 -6.910789e+00 -3.435228e+00 -3.950669e+00 -3.021080e-01 -1.481748e+00 -4.387041e-01 3.757957e+00 2.767319e+00 4.449406e-02 -2.547960e+00 -3.234384e+00 2.384741e-01 -7.885022e-01 -4.464627e-01 -2.587866e-01 4.521783e-01 2.696864e-01 1.987294e-01 5.171686e-01 1.886696e-01 -2.533054e-01 -6.035163e-01 -3.342041e-01 4.567628e-01
<VARIANCE> 25
 3.069576e+01 4.164880e+01 4.489468e+01 4.792602e+01 6.161777e+01 6.610720e+01 5.547823e+01 5.795987e+01 5.788585e+01 5.137252e+01 5.106353e+01 4.578910e+01 1.567144e+00 3.016329e+00 2.548923e+00 3.165439e+00 3.618518e+00 3.800840e+00 3.675030e+00 4.387558e+00 3.677581e+00 3.603972e+00 3.586281e+00 3.039686e+00 2.424509e+00
<GCONST> 1.078186e+02
<STATE> 3
<MEAN> 25
 4.456704e+00 -7.517991e+00 -3.760219e+00 -3.858066e+00 3.086446e-01 -1.123685e+00 -4.401977e-01 3.777507e+00 2.779042e+00 -3.500945e-01 -3.195312e+00 -3.426559e+00 -6.432457e-02 4.838415e-01 1.669906e-02 5.176998e-01 2.491987e-01 2.301006e-01 1.371998e-01 -2.737097e-01 -1.821450e-01 -1.023182e-01 -3.992249e-02 2.852924e-01 -6.292395e-01
<VARIANCE> 25
 2.456711e+01 4.043045e+01 4.001249e+01 4.420143e+01 5.425521e+01 5.839616e+01 5.172721e+01 5.574950e+01 5.625247e+01 4.940031e+01 5.105909e+01 4.386541e+01 7.701856e-01 1.966797e+00 1.755486e+00 2.205537e+00 2.669192e+00 2.965370e+00 2.862458e+00 3.181794e+00 2.857650e+00 2.822876e+00 2.746397e+00 2.365747e+00 1.405716e+00
<GCONST> 1.023442e+02
<STATE> 4
<MEAN> 25
 2.611279e+00 -4.084906e+00 -4.083358e+00 -7.623014e-01 2.127276e+00 6.125544e-01 8.610060e-01 2.580928e+00 1.925737e+00 -7.510418e-01 -2.796759e+00 -1.443098e+00 -2.658530e-01 7.805276e-01 2.630608e-01 5.057325e-01 4.703198e-02 1.372966e-01 9.232944e-02 -3.620549e-01 -2.324960e-01 3.834235e-02 2.436748e-01 3.260858e-01 -8.113016e-01
<VARIANCE> 25
 3.149216e+01 4.309681e+01 3.385165e+01 4.733978e+01 4.646836e+01 4.967984e+01 4.243144e+01 4.510647e+01 4.496118e+01 4.447300e+01 4.473533e+01 3.718290e+01 6.947567e-01 1.352830e+00 1.380202e+00 1.775503e+00 2.042962e+00 2.140318e+00 2.170835e+00 2.459291e+00 2.341345e+00 2.208236e+00 2.160986e+00 1.862914e+00 8.295678e-01
<GCONST> 9.769145e+01
<TRANSP> 5
 0.000000e+00 1.000000e+00 0.000000e+00 0.000000e+00 0.000000e+00
 0.000000e+00 4.623982e-01 5.376018e-01 0.000000e+00 0.000000e+00
 0.000000e+00 0.000000e+00 4.524047e-01 5.475954e-01 0.000000e+00
 0.000000e+00 0.000000e+00 0.000000e+00 7.636463e-01 2.363537e-01
 0.000000e+00 0.000000e+00 0.000000e+00 0.000000e+00 0.000000e+00
<ENDHMM>
~h "b"
<BEGINHMM>
<NUMSTATES> 5
<STATE> 2
<MEAN> 25
 3.401431e+00 7.104479e+00 1.142804e+00 3.981179e+00 2.321299e+00 2.242449e+00 -7.692587e-01 -3.571088e+00 -2.676385e+00 -1.993916e+00 -7.322762e-01 -4.146189e-01 4.960835e-01 2.335681e-01 -6.133759e-02 -9.696765e-02 -1.960899e-02 -2.385940e-01 -5.425293e-01 -4.409532e-01 2.608482e-02 1.242027e-03 2.791135e-01 -8.712914e-02 3.718017e-01
<VARIANCE> 25
 2.992930e+01 3.640526e+01 2.708136e+01 3.527353e+01 3.133269e+01 3.551679e+01 3.681459e+01 3.809591e+01 3.600163e+01 3.574466e+01 3.054479e+01 2.522353e+01 2.620448e+00 4.229368e+00 2.819789e+00 4.504497e+00 3.074163e+00 3.949391e+00 3.969447e+00 3.611593e+00 3.851715e+00 4.318193e+00 3.609910e+00 2.495542e+00 3.537024e+00
<GCONST> 1.042494e+02
<STATE> 3
<MEAN> 25
 5.462315e+00 4.489016e+00 -3.530701e-01 8.956654e-01 1.063177e+00 5.020521e-01 -3.848170e+00 -4.547836e+00 -1.547448e+00 9.800924e-02 1.360032e+00 -1.035010e+00 4.345824e-01 -2.026486e+00 -6.903965e-01 -1.596970e+00 -9.670552e-01 -1.086310e+00 -1.304064e+00 4.595995e-01 1.177460e+00 1.187244e+00 8.037564e-01 -5.687273e-01 2.019408e+00
<VARIANCE> 25
 2.073358e+01 4.448649e+01 3.064238e+01 5.612936e+01 3.467576e+01 4.244481e+01 4.345342e+01 4.089892e+01 4.342732e+01 5.492036e+01 4.584097e+01 3.242430e+01 2.230932e+00 5.761050e+00 4.067976e+00 7.505036e+00 4.576931e+00 6.128309e+00 5.941326e+00 5.578945e+00 6.942150e+00 7.610343e+00 5.520359e+00 4.704250e+00 3.561529e+00
<GCONST> 1.113834e+02
<STATE> 4
<MEAN> 25
 5.897586e+00 1.814454e-01 -9.252150e-01 -1.063084e+00 -1.307821e+00 -2.188491e+00 -5.806265e+00 -1.969417e+00 1.142187e+00 1.045191e+00 1.395819e+00 -2.676075e+00 -6.411740e-02 -1.452679e+00 7.277238e-02 -6.084621e-01 -8.515561e-01 -7.821801e-01 -1.039234e-01 1.030828e+00 7.238687e-01 2.288657e-01 -9.634469e-02 -2.477691e-01 1.172199e+00
<VARIANCE> 25
 2.246657e+01 5.171924e+01 4.051750e+01 7.991100e+01 4.419897e+01 5.957493e+01 4.928006e+01 4.999448e+01 6.197790e+01 9.488719e+01 4.997364e+01 4.084381e+01 1.249734e+00 3.678824e+00 3.791494e+00 5.254407e+00 4.251755e+00 5.112661e+00 4.643305e+00 5.812222e+00 6.010409e+00 5.483887e+00 5.394662e+00 4.388216e+00 2.103030e+00
<GCONST> 1.113683e+02
<TRANSP> 5
 0.000000e+00 1.000000e+00 0.000000e+00 0.000000e+00 0.000000e+00
 0.000000e+00 5.202453e-01 4.797547e-01 0.000000e+00 0.000000e+00
 0.000000e+00 0.000000e+00 4.223065e-01 5.776935e-01 0.000000e+00
 0.000000e+00 0.000000e+00 0.000000e+00 3.886217e-01 6.113783e-01
 0.000000e+00 0.000000e+00 0.000000e+00 0.000000e+00 0.000000e+00
<ENDHMM>
~h "c"
<BEGINHMM>
<NUMSTATES> 5
<STATE> 2
<MEAN> 25
 -8.774353e+00 4.941603e+00 9.589982e-02 1.068004e+00 3.539793e+00 2.790875e-01 9.928033e-01 -5.247717e-01 7.025855e-01 -4.071846e-01 1.456841e+00 1.019831e+00 -1.837371e+00 1.225669e-01 1.833667e-01 -5.169069e-01 1.243715e-01 -3.120551e-01 4.185061e-01 1.434827e-01 3.048021e-01 -1.574594e-02 3.877683e-01 1.123432e-01 7.885724e-01
<VARIANCE> 25
 1.134188e+02 5.408407e+01 4.654878e+01 5.178738e+01 5.025131e+01 5.473474e+01 4.723103e+01 5.334740e+01 4.559575e+01 3.450507e+01 3.616257e+01 3.159608e+01 7.540511e+00 5.825678e+00 4.397033e+00 4.706199e+00 5.470567e+00 5.500095e+00 4.069505e+00 4.763689e+00 3.936434e+00 3.315307e+00 3.007546e+00 2.338985e+00 6.717497e+00
<GCONST> 1.122150e+02
<STATE> 3
<MEAN> 25
 -1.062135e+01 9.543339e-01 5.208773e+00 2.987604e-01 -8.410926e-01 -1.515319e+00 1.353537e+00 -1.851488e-01 1.923357e+00 -2.361641e+00 1.861452e+00 2.232101e+00 2.436839e+00 -1.420717e+00 7.337350e-01 1.679468e-01 -1.708533e+00 -1.313762e+00 -9.098818e-01 7.435457e-02 1.367351e-01 -4.180056e-01 -3.007702e-01 -1.812197e-01 1.692706e+00
<VARIANCE> 25
 8.075056e+01 9.969174e+01 6.869543e+01 5.949966e+01 7.260155e+01 9.462988e+01 6.266252e+01 6.217398e+01 4.472989e+01 4.763893e+01 3.882514e+01 3.353558e+01 1.077556e+01 9.113017e+00 7.870787e+00 6.183117e+00 7.575494e+00 8.486416e+00 7.028633e+00 7.286196e+00 6.021911e+00 5.710658e+00 4.205533e+00 3.473459e+00 3.876038e+00
<GCONST> 1.193401e+02
<STATE> 4
<MEAN> 25
 1.864854e+00 -2.012817e+00 4.380127e+00 7.708490e-01 -4.780495e+00 -4.753559e+00 -2.279124e+00 -1.292117e+00 1.311052e+00 -2.591345e+00 1.170006e-01 3.942229e-01 2.132869e+00 -5.524814e-01 -8.176362e-01 -3.202264e-01 -3.764236e-01 -2.979009e-01 -6.312188e-01 -8.964063e-02 -2.178844e-01 3.667255e-01 -7.432677e-02 -5.044001e-01 5.782874e-01
<VARIANCE> 25
 6.469661e+01 7.571295e+01 6.731041e+01 4.712771e+01 9.500457e+01 1.117878e+02 7.349588e+01 8.806670e+01 7.201927e+01 5.204379e+01 4.276702e+01 3.749702e+01 6.882802e+00 7.506728e+00 6.356561e+00 4.243379e+00 6.900978e+00 8.124167e+00 5.585401e+00 6.119468e+00 6.093631e+00 4.789999e+00 4.342887e+00 3.843256e+00 3.270889e+00
<GCONST> 1.183322e+02
<TRANSP> 5
 0.000000e+00 1.000000e+00 0.000000e+00 0.000000e+00 0.000000e+00
 0.000000e+00 7.799134e-01 2.200866e-01 0.000000e+00 0.000000e+00
 0.000000e+00 0.000000e+00 6.128065e-01 3.871935e-01 0.000000e+00
 0.000000e+00 0.000000e+00 0.000000e+00 6.274230e-01 3.725770e-01
 0.000000e+00 0.000000e+00 0.000000e+00 0.000000e+00 0.000000e+00
<ENDHMM>
~h "d"
<BEGINHMM>
<NUMSTATES> 5
<STATE> 2
<MEAN> 25
 2.380467e+00 4.314746e+00 3.274714e+00 5.436307e+00 4.689198e-01 -3.271403e-01 -1.139759e+00 -1.370519e+00 -9.032728e-01 -2.412509e+00 -1.296669e+00 2.484527e-01 1.003095e-01 -7.722658e-01 9.128006e-01 -3.081191e-02 -8.883837e-01 -8.713932e-01 -4.629509e-01 -5.256571e-02 -1.842397e-01 -2.805601e-01 4.979216e-01 2.157207e-01 1.097811e+00
<VARIANCE> 25
 4.167695e+01 6.629651e+01 4.180871e+01 5.557425e+01 6.572414e+01 6.206876e+01 5.350815e+01 5.357049e+01 4.992940e+01 4.469476e+01 4.721183e+01 3.593211e+01 4.171551e+00 8.197351e+00 4.415865e+00 6.361149e+00 6.904275e+00 7.172892e+00 6.461382e+00 6.557785e+00 5.867188e+00 5.631056e+00 5.363512e+00 3.843464e+00 6.320072e+00
<GCONST> 1.159270e+02
<STATE> 3
<MEAN> 25
 2.834290e+00 -7.514038e-01 6.377694e+00 2.876101e+00 -4.731964e+00 -4.920257e+00 -3.242198e+00 -7.545961e-01 -1.007284e+00 -2.215054e+00 1.013494e+00 1.073685e+00 -2.310900e-02 -1.683609e+00 7.547463e-01 -1.483894e+00 -1.729820e+00 -1.242001e+00 -7.497170e-01 6.350155e-01 1.596661e-01 6.478457e-01 1.020908e+00 -4.553438e-02 1.968142e+00
<VARIANCE> 25
 2.365167e+01 5.061024e+01 4.765929e+01 6.200721e+01 7.176450e+01 6.135785e+01 6.909873e+01 6.452916e+01 5.911834e+01 5.382919e+01 4.910633e+01 3.755832e+01 2.555381e+00 5.283467e+00 5.410851e+00 6.066580e+00 6.701964e+00 6.148099e+00 7.245673e+00 7.867455e+00 7.019651e+00 6.511224e+00 6.144217e+00 4.120390e+00 3.944458e+00
<GCONST> 1.156855e+02
<STATE> 4
<MEAN> 25
 4.168790e+00 -3.040863e+00 6.893394e+00 9.258093e-01 -7.309885e+00 -5.785598e+00 -4.657251e+00 -1.552487e-01 -1.623237e-01 -2.020508e+00 1.697299e+00 -2.588941e-01 -3.008988e-03 -2.117264e-01 -2.525429e-01 -6.692020e-01 -1.742329e-01 8.537020e-02 1.007658e-01 2.024294e-01 9.722030e-02 3.914228e-01 4.514268e-02 -3.556284e-01 3.564306e-01
<VARIANCE> 25
 2.787620e+01 5.495761e+01 5.978561e+01 7.631274e+01 7.965566e+01 7.167967e+01 8.549049e+01 9.622878e+01 7.531171e+01 8.341183e+01 5.876607e+01 4.093867e+01 1.261348e+00 2.934608e+00 4.091879e+00 4.140903e+00 4.949959e+00 4.534565e+00 4.793183e+00 5.007870e+00 4.580068e+00 4.460656e+00 4.413253e+00 3.253744e+00 2.504053e+00
<GCONST> 1.129303e+02
<TRANSP> 5
 0.000000e+00 1.000000e+00 0.000000e+00 0.000000e+00 0.000000e+00
 0.000000e+00 5.657026e-01 4.342975e-01 0.000000e+00 0.000000e+00
 0.000000e+00 0.000000e+00 3.864097e-01 6.135902e-01 0.000000e+00
 0.000000e+00 0.000000e+00 0.000000e+00 5.970859e-01 4.029142e-01
 0.000000e+00 0.000000e+00 0.000000e+00 0.000000e+00 0.000000e+00
<ENDHMM>
~h "e"
<BEGINHMM>
<NUMSTATES> 5
<STATE> 2
<MEAN> 25
 3.238026e+00 -4.738604e+00 2.120860e+00 1.514076e-01 -5.985718e+00 -7.176792e+00 9.233538e-01 3.821383e+00 -9.705313e-01 3.676615e-01 1.827847e+00 -1.905148e-01 5.243939e-01 -8.173295e-01 7.392086e-01 -2.833868e-01 -1.359427e+00 -6.722109e-01 4.966373e-01 6.573352e-01 -4.311592e-01 3.169607e-02 3.838762e-01 -1.540067e-01 9.727799e-01
<VARIANCE> 25
 3.857292e+01 4.582949e+01 6.367075e+01 4.014774e+01 7.191978e+01 6.772858e+01 5.721526e+01 6.885703e+01 5.753946e+01 4.813738e+01 4.794559e+01 3.275403e+01 2.609607e+00 3.399723e+00 3.868476e+00 3.398439e+00 4.866124e+00 4.798093e+00 4.584394e+00 4.967483e+00 4.368214e+00 3.902285e+00 3.893443e+00 2.721960e+00 2.932612e+00
<GCONST> 1.106339e+02
<STATE> 3
<MEAN> 25
 4.049634e+00 -5.719755e+00 4.143362e+00 -4.903027e-01 -8.739845e+00 -7.987000e+00 1.856037e+00 4.464986e+00 -1.805588e+00 3.219502e-01 2.384983e+00 -1.016366e+00 -6.736510e-02 3.667476e-01 4.231305e-02 2.170894e-01 1.155236e-01 3.124787e-01 3.141268e-01 -1.785185e-01 -4.671396e-02 5.200683e-02 -6.956831e-02 -1.424687e-02 -3.969132e-01
<VARIANCE> 25
 2.545076e+01 4.278508e+01 6.186093e+01 4.231578e+01 6.890726e+01 6.443414e+01 6.268499e+01 7.619327e+01 6.179961e+01 4.669056e+01 4.834824e+01 3.153854e+01 8.430901e-01 2.042995e+00 2.164070e+00 2.149523e+00 3.123061e+00 2.774274e+00 2.972139e+00 2.886526e+00 2.997696e+00 2.596190e+00 2.494292e+00 1.922160e+00 1.556321e+00
<GCONST> 1.034279e+02
<STATE> 4
<MEAN> 25
 1.486940e+00 -1.860474e+00 3.280103e+00 1.299776e+00 -4.935786e+00 -5.215963e+00 1.776591e+00 2.814419e+00 -1.587624e+00 6.301054e-01 2.101753e+00 2.615641e-01 -2.026520e-01 4.492429e-01 -1.694472e-01 2.180554e-01 5.840074e-01 4.170537e-01 -2.815598e-02 -2.525136e-01 5.731454e-02 -8.869016e-02 -1.942481e-01 6.568721e-02 -4.945262e-01
<VARIANCE> 25
 3.494201e+01 3.969984e+01 5.397786e+01 3.938954e+01 6.428261e+01 6.009137e+01 4.675515e+01 5.582267e+01 4.872203e+01 3.765815e+01 3.907639e+01 2.888990e+01 4.554822e-01 1.063400e+00 1.135762e+00 1.259732e+00 1.915095e+00 1.798205e+00 1.891438e+00 1.994179e+00 1.958398e+00 1.799730e+00 1.695968e+00 1.431142e+00 5.334995e-01
<GCONST> 9.522958e+01
<TRANSP> 5
 0.000000e+00 1.000000e+00 0.000000e+00 0.000000e+00 0.000000e+00
 0.000000e+00 5.031509e-01 4.968491e-01 0.000000e+00 0.000000e+00
 0.000000e+00 0.000000e+00 4.951254e-01 5.048747e-01 0.000000e+00
 0.000000e+00 0.000000e+00 0.000000e+00 8.456640e-01 1.543360e-01
 0.000000e+00 0.000000e+00 0.000000e+00 0.000000e+00 0.000000e+00
<ENDHMM>
~h "f"
<BEGINHMM>
<NUMSTATES> 5
<STATE> 2
<MEAN> 25
 -1.286050e+00 6.260692e-01 -1.137302e+00 2.682581e+00 2.538012e+00 -8.271873e-03 1.916328e+00 -5.916532e-01 6.543944e-01 -6.804402e-01 3.481113e-01 5.861779e-01 -1.615502e+00 2.678176e-01 -1.199983e-01 4.684068e-01 7.899776e-01 -8.238562e-02 4.967180e-01 5.720661e-02 3.348582e-01 -2.357218e-01 -5.959286e-02 4.386848e-01 -5.445387e-01
<VARIANCE> 25
 4.381413e+01 2.832060e+01 3.641430e+01 3.367013e+01 4.388115e+01 4.968542e+01 3.855209e+01 5.381659e+01 3.946103e+01 4.526302e+01 3.328676e+01 2.840020e+01 3.701386e+00 2.455354e+00 2.304321e+00 2.369886e+00 3.382644e+00 3.383640e+00 3.549189e+00 3.513940e+00 2.991641e+00 3.004807e+00 2.914770e+00 2.042817e+00 2.049216e+00
<GCONST> 1.034095e+02
<STATE> 3
<MEAN> 25
 -4.460228e+00 7.933855e-01 -1.098698e+00 3.124665e+00 3.120773e+00 -8.331608e-01 2.443833e+00 -4.961504e-01 1.163753e+00 -1.050851e+00 -4.162347e-02 1.537417e+00 -9.542381e-01 -3.770641e-02 2.763090e-02 2.112170e-01 2.063503e-01 -1.675948e-01 1.941051e-01 1.145513e-01 2.532010e-01 -8.325572e-02 -8.518746e-02 2.386210e-01 -2.592182e-01
<VARIANCE> 25
 3.427533e+01 2.445098e+01 3.353454e+01 3.318742e+01 3.516818e+01 4.729568e+01 3.593919e+01 4.778461e+01 4.165336e+01 3.525764e+01 3.214957e+01 2.303670e+01 2.462403e+00 1.432195e+00 1.726966e+00 1.888982e+00 2.423756e+00 2.719341e+00 2.274151e+00 2.742801e+00 2.424707e+00 2.508152e+00 2.114973e+00 1.912090e+00 8.602347e-01
<GCONST> 9.766841e+01
<STATE> 4
<MEAN> 25
 -6.691957e+00 5.367064e-01 -4.574813e-01 3.720562e+00 3.933197e+00 9.005187e-01 2.810787e+00 1.988399e-01 2.539364e-01 -5.752547e-01 1.810296e-01 2.523218e+00 2.848932e-01 -9.464258e-02 2.152748e-01 -1.077987e-01 -2.942812e-01 -1.983176e-01 -2.190875e-01 -3.290204e-02 -5.565981e-02 1.997393e-02 4.293121e-02 8.310231e-03 5.576961e-02
<VARIANCE> 25
 3.108098e+01 2.022352e+01 2.394601e+01 2.374249e+01 2.280243e+01 3.918147e+01 2.492212e+01 3.209261e+01 3.400675e+01 2.479889e+01 2.363665e+01 2.292468e+01 1.859547e+00 9.872760e-01 1.713820e+00 1.660393e+00 2.091738e+00 2.373749e+00 2.252310e+00 2.223483e+00 2.438890e+00 2.104815e+00 1.942364e+00 1.644969e+00 6.321148e-01
<GCONST> 9.245078e+01
<TRANSP> 5
 0.000000e+00 1.000000e+00 0.000000e+00 0.000000e+00 0.000000e+00
 0.000000e+00 4.467918e-01 5.532082e-01 0.000000e+00 0.000000e+00
 0.000000e+00 0.000000e+00 4.315347e-01 5.684653e-01 0.000000e+00
 0.000000e+00 0.000000e+00 0.000000e+00 8.149590e-01 1.850410e-01
 0.000000e+00 0.000000e+00 0.000000e+00 0.000000e+00 0.000000e+00
<ENDHMM>
~h "g"
<BEGINHMM>
<NUMSTATES> 5
<STATE> 2
<MEAN> 25
 2.780476e+00 4.022616e+00 2.998924e+00 3.159949e+00 3.621407e-01 -1.081489e+00 -1.944295e+00 -2.337025e+00 -2.126137e+00 -6.211116e-01 -6.968424e-01 -1.342764e+00 1.988562e-01 -2.101911e-01 3.154736e-01 8.910648e-02 -7.074649e-02 -9.980180e-01 -7.051316e-01 1.819813e-01 4.445998e-02 9.319874e-02 2.252182e-01 -2.168845e-01 7.259381e-01
<VARIANCE> 25
 3.668204e+01 5.210551e+01 4.366088e+01 4.844999e+01 7.175668e+01 6.463874e+01 5.401264e+01 5.698826e+01 5.342913e+01 4.874786e+01 3.901015e+01 3.194221e+01 4.082184e+00 6.170572e+00 4.426264e+00 4.796737e+00 7.648888e+00 6.944794e+00 5.836018e+00 5.401975e+00 5.406862e+00 5.237402e+00 4.146431e+00 3.394346e+00 5.020697e+00
<GCONST> 1.139331e+02
<STATE> 3
<MEAN> 25
 3.812175e+00 1.785520e+00 3.179409e+00 1.918074e+00 -1.126934e+00 -5.066123e+00 -4.642501e+00 -7.438056e-01 -1.117682e+00 1.036236e-01 4.513437e-01 -1.898797e+00 1.395671e-01 -9.913629e-01 1.834011e-02 -9.610912e-01 -7.373415e-01 -9.183252e-01 -5.226357e-01 7.660105e-01 6.158993e-01 3.821411e-01 3.151189e-01 -2.156395e-01 1.329369e+00
<VARIANCE> 25
 2.839315e+01 5.304233e+01 4.717417e+01 5.185886e+01 7.074014e+01 7.312579e+01 6.938261e+01 6.337803e+01 5.663490e+01 6.263197e+01 5.106803e+01 3.833182e+01 2.384087e+00 4.974394e+00 4.858766e+00 5.303952e+00 7.557887e+00 6.347930e+00 6.261990e+00 6.327807e+00 6.376014e+00 5.710430e+00 4.998303e+00 3.813688e+00 3.281307e+00
<GCONST> 1.147631e+02
<STATE> 4
<MEAN> 25
 4.951512e+00 -3.993027e-01 2.838607e+00 -4.233171e-01 -3.792243e+00 -6.215968e+00 -5.464272e+00 8.448530e-01 6.165462e-01 -7.055321e-01 4.563774e-01 -2.342463e+00 -1.596136e-02 -6.099597e-01 -2.103066e-01 -8.316820e-01 -3.378941e-01 2.397722e-01 3.269427e-01 3.956047e-01 3.239582e-01 1.741777e-01 -1.294163e-01 -7.764545e-02 6.137571e-01
<VARIANCE> 25
 3.614484e+01 6.330885e+01 5.169739e+01 6.456442e+01 7.059584e+01 7.264316e+01 7.338868e+01 7.939419e+01 7.912234e+01 1.076702e+02 6.474322e+01 4.334977e+01 1.217927e+00 2.837972e+00 3.758583e+00 3.399309e+00 4.076691e+00 3.904469e+00 3.854802e+00 4.552423e+00 4.553098e+00 4.171584e+00 3.929451e+00 2.907024e+00 1.717890e+00
<GCONST> 1.113392e+02
<TRANSP> 5
 0.000000e+00 1.000000e+00 0.000000e+00 0.000000e+00 0.000000e+00
 0.000000e+00 5.378987e-01 4.621014e-01 0.000000e+00 0.000000e+00
 0.000000e+00 0.000000e+00 4.514993e-01 5.485007e-01 0.000000e+00
 0.000000e+00 0.000000e+00 0.000000e+00 5.458963e-01 4.541037e-01
 0.000000e+00 0.000000e+00 0.000000e+00 0.000000e+00 0.000000e+00
<ENDHMM>
~h "h"
<BEGINHMM>
<NUMSTATES> 5
<STATE> 2
<MEAN> 25
 5.121947e-01 -2.369185e+00 1.458301e+00 -4.599741e-01 -1.210744e+00 6.537301e-01 3.198408e+00 8.218439e-01 2.427851e-01 -2.896628e-01 -7.835472e-01 2.506731e-02 -5.395106e-01 1.749081e-01 -1.655736e-01 3.695438e-01 5.807294e-01 3.649181e-01 4.203752e-01 7.439062e-02 2.088555e-02 -5.341316e-02 -2.110523e-03 2.399155e-01 -7.239865e-01
<VARIANCE> 25
 3.880458e+01 5.126500e+01 6.900759e+01 5.110653e+01 8.233012e+01 6.303208e+01 6.364648e+01 5.802465e+01 5.095249e+01 4.528013e+01 4.395599e+01 3.240337e+01 1.213160e+00 1.862775e+00 2.202030e+00 2.219557e+00 2.803126e+00 2.618748e+00 2.780314e+00 2.710932e+00 2.749508e+00 2.416852e+00 2.445033e+00 1.994488e+00 1.204494e+00
<GCONST> 1.035641e+02
<STATE> 3
<MEAN> 25
 -3.201911e-01 -2.082843e+00 5.466795e-02 7.152259e-01 8.157551e-01 1.033509e+00 3.371601e+00 8.501022e-01 -1.159315e-01 -6.454442e-01 -9.653143e-01 5.642537e-01 -4.112816e-01 2.405178e-01 -2.050864e-01 2.738158e-01 3.727612e-01 1.672010e-01 2.977822e-02 3.207896e-02 -1.676590e-02 -4.219634e-03 4.547608e-02 1.860519e-01 -6.884155e-01
<VARIANCE> 25
 3.851604e+01 5.168645e+01 5.232526e+01 4.554921e+01 6.476488e+01 5.464216e+01 5.552817e+01 5.190751e+01 4.674290e+01 4.172228e+01 4.281539e+01 3.116595e+01 7.705233e-01 1.290416e+00 1.656249e+00 1.692129e+00 2.151445e+00 2.211387e+00 2.331617e+00 2.253595e+00 2.302092e+00 2.119089e+00 1.953002e+00 1.699478e+00 6.372762e-01
<GCONST> 9.880691e+01
<STATE> 4
<MEAN> 25
 -4.471471e+00 8.308839e-01 -1.129964e+00 2.349316e+00 3.741513e+00 2.548100e+00 2.487738e+00 8.581073e-01 -8.044074e-02 1.628464e-01 -2.350228e-01 1.852192e+00 -1.034069e-01 9.756145e-02 -1.520833e-03 5.343338e-02 4.473584e-02 2.013939e-02 -2.357107e-02 -5.750084e-03 -1.299316e-03 2.260404e-02 3.590003e-02 2.449779e-02 -1.781153e-01
<VARIANCE> 25
 3.857655e+01 3.197017e+01 2.891184e+01 3.297191e+01 3.577127e+01 3.051020e+01 3.011741e+01 3.218611e+01 3.107619e+01 3.346542e+01 2.717137e+01 2.482175e+01 3.448425e-01 6.181082e-01 8.316363e-01 9.608449e-01 1.298281e+00 1.373434e+00 1.475609e+00 1.667496e+00 1.660175e+00 1.654546e+00 1.526245e+00 1.371982e+00 2.611010e-01
<GCONST> 8.737231e+01
<TRANSP> 5
 0.000000e+00 1.000000e+00 0.000000e+00 0.000000e+00 0.000000e+00
 0.000000e+00 4.921061e-01 5.078939e-01 0.000000e+00 0.000000e+00
 0.000000e+00 0.000000e+00 4.716020e-01 5.283981e-01 0.000000e+00
 0.000000e+00 0.000000e+00 0.000000e+00 9.099427e-01 9.005725e-02
 0.000000e+00 0.000000e+00 0.000000e+00 0.000000e+00 0.000000e+00
<ENDHMM>
~h "i"
<BEGINHMM>
<NUMSTATES> 5
<STATE> 2
<MEAN> 25
 2.749452e-01 9.153262e-01 1.100545e+01 8.725086e-02 -7.516221e+00 -4.479843e+00 -1.767347e+00 -3.517883e+00 -4.804007e+00 -1.273076e-01 2.391568e+00 -2.993835e-01 1.893070e-01 -2.125547e-01 2.218663e+00 -1.026295e+00 -1.845938e+00 -3.154869e-01 -6.630877e-01 -3.884772e-01 -1.161734e+00 3.630771e-01 5.511538e-01 -2.987046e-01 9.736280e-01
<VARIANCE> 25
 2.956772e+01 4.471688e+01 6.517278e+01 7.734619e+01 7.763304e+01 7.478574e+01 5.684123e+01 5.871437e+01 6.284246e+01 5.546310e+01 5.306768e+01 3.916068e+01 3.134379e+00 3.137964e+00 5.819403e+00 6.290260e+00 6.299078e+00 6.088809e+00 5.684844e+00 5.189877e+00 5.769110e+00 5.253139e+00 5.430648e+00 3.629827e+00 2.377137e+00
<GCONST> 1.144105e+02
<STATE> 3
<MEAN> 25
 5.140102e-01 1.069636e+00 1.488254e+01 -2.123322e+00 -1.105721e+01 -4.848386e+00 -3.089836e+00 -3.849283e+00 -7.088095e+00 5.657829e-01 3.555125e+00 -1.202469e+00 1.038894e-01 1.893001e-01 -3.142225e-01 9.188935e-02 2.219649e-01 2.092081e-01 1.001240e-02 9.137534e-02 2.053686e-01 6.130633e-02 -1.446964e-01 8.110283e-02 -2.985354e-01
<VARIANCE> 25
 1.937837e+01 3.512605e+01 5.588806e+01 8.099231e+01 6.467034e+01 7.011579e+01 5.193874e+01 5.580178e+01 6.224398e+01 6.166115e+01 6.613176e+01 4.262481e+01 1.066319e+00 2.041294e+00 3.293210e+00 3.355474e+00 3.770570e+00 3.605665e+00 3.369023e+00 3.593594e+00 3.592645e+00 3.138820e+00 3.044781e+00 2.345569e+00 1.562579e+00
<GCONST> 1.065946e+02
<STATE> 4
<MEAN> 25
 1.360275e-01 2.868335e+00 1.061639e+01 -4.641612e-01 -6.287050e+00 -2.484023e+00 -2.682636e+00 -3.643451e+00 -4.187565e+00 3.003446e-01 1.332337e+00 3.225020e-01 -2.912893e-02 1.441630e-01 -1.086713e+00 4.831325e-01 8.650218e-01 3.088398e-01 3.615765e-01 2.819657e-01 5.046631e-01 -1.367769e-01 -2.623812e-01 1.559164e-01 -6.186766e-01
<VARIANCE> 25
 2.151941e+01 4.497811e+01 5.278005e+01 9.532732e+01 6.351987e+01 6.786238e+01 5.672527e+01 5.541123e+01 5.820440e+01 4.924992e+01 5.051665e+01 3.607504e+01 8.403648e-01 1.594256e+00 2.144198e+00 2.429991e+00 2.792411e+00 2.779944e+00 2.806561e+00 2.915100e+00 2.911006e+00 2.639868e+00 2.550527e+00 1.949354e+00 1.040368e+00
<GCONST> 1.030131e+02
<TRANSP> 5
 0.000000e+00 1.000000e+00 0.000000e+00 0.000000e+00 0.000000e+00
 0.000000e+00 6.082479e-01 3.917521e-01 0.000000e+00 0.000000e+00
 0.000000e+00 0.000000e+00 6.135994e-01 3.864006e-01 0.000000e+00
 0.000000e+00 0.000000e+00 0.000000e+00 8.026077e-01 1.973923e-01
 0.000000e+00 0.000000e+00 0.000000e+00 0.000000e+00 0.000000e+00
<ENDHMM>
~h "j"
<BEGINHMM>
<NUMSTATES> 5
<STATE> 2
<MEAN> 25
 -2.602645e+00 6.329388e+00 3.898175e+00 3.413210e+00 6.976665e-01 -1.153265e+00 9.942511e-01 -1.705916e+00 -8.304636e-01 -3.004795e+00 -1.934520e-01 7.444177e-01 -1.169393e+00 4.912294e-01 1.045451e+00 -3.532527e-01 -3.777561e-01 -6.098393e-01 -7.324252e-02 -5.640140e-01 -1.003768e-01 -1.878948e-01 4.864217e-01 1.819718e-01 8.504688e-01
<VARIANCE> 25
 7.812719e+01 6.439467e+01 4.905539e+01 4.595874e+01 5.871600e+01 6.290329e+01 4.786295e+01 4.526147e+01 4.166555e+01 3.977977e+01 3.589029e+01 3.212736e+01 7.151362e+00 6.141148e+00 5.332565e+00 5.238250e+00 7.241528e+00 7.241177e+00 5.169034e+00 4.781335e+00 4.573875e+00 4.635288e+00 4.029898e+00 2.919114e+00 5.626201e+00
<GCONST> 1.140750e+02
<STATE> 3
<MEAN> 25
 -2.358386e+00 3.544847e+00 1.044482e+01 1.302656e+00 -5.418387e+00 -5.774185e+00 -1.614347e+00 -2.974576e+00 -2.396051e+00 -2.373765e+00 2.667501e+00 1.897299e+00 1.520341e+00 -1.935541e+00 9.948491e-01 -6.253927e-01 -2.095071e+00 -1.588280e+00 -1.224421e+00 5.288245e-01 -4.162719e-01 5.150297e-01 7.598130e-01 9.300460e-02 1.464589e+00
<VARIANCE> 25
 4.661303e+01 6.824790e+01 5.247906e+01 5.675422e+01 7.096831e+01 8.360944e+01 6.139849e+01 5.413827e+01 4.720532e+01 4.957824e+01 4.077699e+01 3.770247e+01 5.362779e+00 5.951496e+00 6.215730e+00 6.140975e+00 8.139927e+00 6.706265e+00 6.382357e+00 6.580170e+00 5.664914e+00 5.609195e+00 4.681159e+00 3.335658e+00 2.443764e+00
<GCONST> 1.158474e+02
<STATE> 4
<MEAN> 25
 2.424864e+00 -1.499874e+00 9.270939e+00 -9.392631e-02 -8.488392e+00 -8.599287e+00 -3.882012e+00 1.202011e+00 -1.939943e+00 -1.019000e+00 3.038792e+00 1.524134e+00 7.132354e-01 -8.271775e-01 -1.256694e+00 -3.125396e-01 3.874827e-01 3.811417e-01 -1.036447e-01 7.845156e-01 5.922450e-01 2.899995e-01 -3.835816e-01 -5.397747e-01 1.637932e-01
<VARIANCE> 25
 2.755246e+01 4.294573e+01 4.328700e+01 6.260984e+01 5.602808e+01 5.438737e+01 7.441595e+01 7.370879e+01 5.257262e+01 5.941794e+01 4.508176e+01 3.602188e+01 1.313297e+00 3.517643e+00 3.211176e+00 3.006319e+00 4.731929e+00 4.456624e+00 4.820704e+00 4.676090e+00 3.857279e+00 3.937402e+00 3.682971e+00 3.093591e+00 1.586581e+00
<GCONST> 1.085758e+02
<TRANSP> 5
 0.000000e+00 1.000000e+00 0.000000e+00 0.000000e+00 0.000000e+00
 0.000000e+00 7.297418e-01 2.702582e-01 0.000000e+00 0.000000e+00
 0.000000e+00 0.000000e+00 5.683005e-01 4.316995e-01 0.000000e+00
 0.000000e+00 0.000000e+00 0.000000e+00 6.898584e-01 3.101416e-01
 0.000000e+00 0.000000e+00 0.000000e+00 0.000000e+00 0.000000e+00
<ENDHMM>
~h "k"
<BEGINHMM>
<NUMSTATES> 5
<STATE> 2
<MEAN> 25
 -3.913911e+00 1.849328e+00 -2.838654e+00 2.915215e+00 3.481266e+00 3.156729e+00 1.250355e+00 8.327280e-01 1.474812e+00 1.165344e+00 1.630928e+00 1.574903e+00 -3.684438e-01 -8.457925e-01 -7.033914e-01 -2.801729e-01 5.156121e-01 -3.931357e-01 -4.068540e-02 2.266974e-01 3.786916e-01 3.240869e-01 5.683206e-03 8.217964e-02 6.597059e-01
<VARIANCE> 25
 5.026640e+01 6.365956e+01 4.898969e+01 6.455781e+01 6.620441e+01 6.734754e+01 5.270583e+01 4.986404e+01 5.047224e+01 4.494569e+01 4.691349e+01 3.514801e+01 3.793601e+00 6.612661e+00 4.814749e+00 6.067675e+00 6.697593e+00 6.794181e+00 5.750813e+00 5.254734e+00 5.394354e+00 4.656847e+00 4.314265e+00 3.596663e+00 7.103202e+00
<GCONST> 1.152378e+02
<STATE> 3
<MEAN> 25
 -1.758482e+00 -2.885512e+00 -5.123385e+00 -5.107024e-01 3.731570e+00 8.283561e-02 3.829597e-01 1.236813e+00 2.354272e+00 1.911039e+00 -1.223962e-01 7.002271e-01 1.025892e+00 -8.268698e-01 -5.920860e-02 -1.234730e+00 -6.812623e-01 -7.820722e-01 -2.271426e-01 -4.023664e-02 -1.019479e-01 -5.615453e-03 -2.509892e-01 -5.151514e-01 1.938798e+00
<VARIANCE> 25
 4.082884e+01 5.695017e+01 6.708960e+01 6.482767e+01 9.264047e+01 7.374301e+01 6.475237e+01 5.985922e+01 5.984066e+01 5.140955e+01 4.115017e+01 3.760670e+01 5.168631e+00 5.980426e+00 6.255487e+00 7.552314e+00 8.544353e+00 7.587468e+00 6.882477e+00 6.557706e+00 6.795043e+00 6.193652e+00 5.286946e+00 4.642895e+00 5.895169e+00
<GCONST> 1.185263e+02
<STATE> 4
<MEAN> 25
 1.378700e+00 -3.059318e+00 -4.520202e+00 -3.119209e+00 1.612661e+00 -6.678966e-01 1.593641e-01 5.256152e-01 9.681267e-01 1.168895e+00 -6.226074e-01 -6.842191e-01 1.150163e+00 -5.854309e-02 5.991517e-01 -8.274593e-01 -1.094006e+00 -3.003109e-01 -2.809829e-01 -2.867653e-01 -5.485984e-01 -2.819448e-01 -5.164856e-02 -5.249920e-01 1.064220e+00
<VARIANCE> 25
 4.058263e+01 5.251244e+01 6.262707e+01 6.375379e+01 7.543118e+01 6.794108e+01 5.485149e+01 5.661814e+01 5.694912e+01 4.755981e+01 4.528035e+01 4.096755e+01 3.658757e+00 4.207471e+00 4.618183e+00 5.813655e+00 5.966943e+00 5.507231e+00 5.176349e+00 5.454440e+00 5.486794e+00 4.617141e+00 4.574346e+00 3.682594e+00 3.411695e+00
<GCONST> 1.140566e+02
<TRANSP> 5
 0.000000e+00 1.000000e+00 0.000000e+00 0.000000e+00 0.000000e+00
 0.000000e+00 5.833871e-01 4.166129e-01 0.000000e+00 0.000000e+00
 0.000000e+00 0.000000e+00 4.728238e-01 5.271763e-01 0.000000e+00
 0.000000e+00 0.000000e+00 0.000000e+00 4.409256e-01 5.590744e-01
 0.000000e+00 0.000000e+00 0.000000e+00 0.000000e+00 0.000000e+00
<ENDHMM>
~h "l"
<BEGINHMM>
<NUMSTATES> 5
<STATE> 2
<MEAN> 25
 5.890922e+00 -3.040181e+00 -2.596492e+00 -3.940821e+00 -1.339095e+00 -1.477592e+00 -5.345563e+00 -3.169337e+00 3.904096e+00 3.585785e+00 -6.312324e-01 -2.849366e+00 2.567370e-01 -1.395830e-01 -1.117735e-01 -2.338326e-01 -1.408514e-02 -1.998244e-02 -6.457465e-01 -2.041207e-01 4.703212e-01 5.342802e-01 -1.437281e-01 -2.599902e-01 1.181922e-01
<VARIANCE> 25
 2.726811e+01 3.669126e+01 4.243587e+01 6.416225e+01 5.432125e+01 8.252854e+01 6.584252e+01 7.452628e+01 6.130363e+01 6.741344e+01 5.399224e+01 4.279247e+01 9.587772e-01 1.873596e+00 2.165994e+00 2.955833e+00 3.078641e+00 4.214767e+00 3.889314e+00 4.575967e+00 3.771103e+00 3.708863e+00 3.537670e+00 2.915661e+00 1.079259e+00
<GCONST> 1.066754e+02
<STATE> 3
<MEAN> 25
 5.984131e+00 -3.473852e+00 -2.779691e+00 -4.715364e+00 -1.269752e+00 -1.225896e+00 -6.192730e+00 -2.985113e+00 4.680878e+00 4.344759e+00 -9.142989e-01 -3.210485e+00 -5.094584e-02 -3.357617e-02 3.288690e-02 -3.212208e-02 3.164772e-02 3.136365e-02 7.210883e-02 3.076404e-01 -5.190021e-02 -2.562672e-01 -1.583906e-01 3.364324e-02 -1.599847e-03
<VARIANCE> 25
 2.437394e+01 3.280456e+01 4.094482e+01 6.057966e+01 5.165306e+01 7.632494e+01 6.270190e+01 7.068713e+01 6.249788e+01 6.324310e+01 5.480826e+01 4.203346e+01 4.160948e-01 1.424927e+00 1.680079e+00 2.214720e+00 2.332753e+00 3.195076e+00 3.111439e+00 3.767638e+00 2.969123e+00 3.037388e+00 3.072797e+00 2.151135e+00 6.223912e-01
<GCONST> 1.020229e+02
<STATE> 4
<MEAN> 25
 6.598378e+00 -3.255002e+00 -3.059144e+00 -3.899109e+00 -2.632135e+00 -2.269359e+00 -4.498065e+00 -1.241103e+00 3.501066e+00 6.169017e-01 -1.209440e+00 -2.344697e+00 -1.937191e-01 1.317179e-01 1.680120e-01 1.242161e-01 3.933008e-02 5.249169e-02 4.098831e-01 2.782139e-01 -4.293557e-01 -3.403329e-01 5.764745e-02 1.728236e-01 -1.782400e-01
<VARIANCE> 25
 2.612466e+01 4.109897e+01 4.714526e+01 6.352047e+01 7.539129e+01 8.890330e+01 6.026876e+01 7.919238e+01 6.378580e+01 8.906564e+01 6.116274e+01 4.217731e+01 4.021267e-01 1.223055e+00 1.447887e+00 1.827835e+00 2.247035e+00 2.618336e+00 2.428804e+00 2.758449e+00 2.630604e+00 2.689155e+00 2.537815e+00 1.792323e+00 6.166646e-01
<GCONST> 1.016373e+02
<TRANSP> 5
 0.000000e+00 1.000000e+00 0.000000e+00 0.000000e+00 0.000000e+00
 0.000000e+00 4.504665e-01 5.495334e-01 0.000000e+00 0.000000e+00
 0.000000e+00 0.000000e+00 4.371160e-01 5.628840e-01 0.000000e+00
 0.000000e+00 0.000000e+00 0.000000e+00 6.894864e-01 3.105136e-01
 0.000000e+00 0.000000e+00 0.000000e+00 0.000000e+00 0.000000e+00
<ENDHMM>
~h "m"
<BEGINHMM>
<NUMSTATES> 5
<STATE> 2
<MEAN> 25
 5.174260e+00 1.226179e+00 -5.655589e-01 1.145909e+00 7.395876e-01 2.925213e+00 -8.688642e-01 -5.544798e+00 -4.623589e+00 -1.479881e-01 1.209356e-01 -1.308829e+00 7.533897e-02 4.667207e-01 4.211376e-01 7.677314e-01 2.200176e-01 4.267166e-01 1.452091e-01 -9.452579e-01 -9.282186e-01 -3.403542e-01 -3.470678e-01 -5.232853e-02 -3.425423e-01
<VARIANCE> 25
 2.326055e+01 3.154538e+01 3.454021e+01 3.985226e+01 3.548187e+01 4.086784e+01 3.836900e+01 4.284142e+01 5.203012e+01 3.312664e+01 3.464600e+01 2.777230e+01 1.216453e+00 2.061728e+00 3.073702e+00 3.724267e+00 2.408764e+00 2.729967e+00 2.586389e+00 3.636958e+00 4.077061e+00 2.441334e+00 2.876802e+00 2.174019e+00 1.660534e+00
<GCONST> 1.008983e+02
<STATE> 3
<MEAN> 25
 5.383721e+00 1.295152e+00 -5.239323e-01 1.205648e+00 8.895254e-01 3.662828e+00 -6.809569e-01 -6.164224e+00 -5.331222e+00 -7.763396e-01 -4.971496e-01 -1.766711e+00 6.568018e-02 -2.469084e-01 -4.604555e-01 -4.481786e-01 1.505838e-01 1.422459e-01 -8.093050e-02 4.587228e-01 5.041727e-01 -5.553186e-02 -1.351889e-01 -3.168561e-01 2.531142e-01
<VARIANCE> 25
 2.175065e+01 3.111780e+01 3.596140e+01 4.061449e+01 3.632048e+01 4.455706e+01 3.816277e+01 4.303395e+01 5.719840e+01 3.392515e+01 3.583743e+01 2.862512e+01 7.845627e-01 1.896581e+00 2.844969e+00 3.630378e+00 2.293102e+00 2.463373e+00 2.391306e+00 3.471217e+00 4.268846e+00 2.318031e+00 2.681126e+00 2.225103e+00 1.272128e+00
<GCONST> 9.994677e+01
<STATE> 4
<MEAN> 25
 3.981503e+00 1.625226e+00 -1.782098e+00 4.997372e-01 1.750562e+00 2.992434e+00 -4.006590e-01 -2.953537e+00 -3.004928e+00 -1.152442e+00 -1.215121e+00 -1.800094e+00 -9.205574e-02 -2.019601e-01 -2.382218e-01 -3.524669e-01 -3.835096e-02 -1.867835e-01 -3.755447e-02 6.201810e-01 5.230308e-01 9.952343e-02 4.853033e-02 -3.836733e-02 1.119399e-01
<VARIANCE> 25
 3.110908e+01 3.525484e+01 3.599997e+01 4.618006e+01 4.209991e+01 4.270956e+01 3.818365e+01 4.115708e+01 4.608648e+01 3.497023e+01 3.361466e+01 3.191721e+01 5.417448e-01 1.271580e+00 1.646127e+00 2.165970e+00 1.986288e+00 1.960925e+00 1.916446e+00 2.587981e+00 2.719509e+00 2.059534e+00 2.287968e+00 1.815736e+00 7.027450e-01
<GCONST> 9.623445e+01
<TRANSP> 5
 0.000000e+00 1.000000e+00 0.000000e+00 0.000000e+00 0.000000e+00
 0.000000e+00 4.934484e-01 5.065516e-01 0.000000e+00 0.000000e+00
 0.000000e+00 0.000000e+00 4.649338e-01 5.350662e-01 0.000000e+00
 0.000000e+00 0.000000e+00 0.000000e+00 7.345088e-01 2.654912e-01
 0.000000e+00 0.000000e+00 0.000000e+00 0.000000e+00 0.000000e+00
<ENDHMM>
~h "n"
<BEGINHMM>
<NUMSTATES> 5
<STATE> 2
<MEAN> 25
 4.993721e+00 -1.519968e+00 2.109208e+00 2.274211e+00 -2.785129e+00 -2.667890e+00 -2.001720e+00 -1.656643e+00 -1.025214e+00 -9.225779e-01 -3.151505e+00 -1.640094e+00 1.323181e-01 1.411268e+00 3.568311e-01 1.043066e+00 9.060226e-02 3.319503e-01 -9.600898e-02 -1.341884e+00 -3.724820e-01 -2.769199e-02 -3.383926e-01 9.461442e-02 -1.121601e+00
<VARIANCE> 25
 1.624533e+01 4.071601e+01 3.079961e+01 3.456017e+01 3.978382e+01 4.138839e+01 4.387668e+01 6.258443e+01 4.723998e+01 5.073832e+01 4.225318e+01 3.333772e+01 7.517874e-01 2.139769e+00 2.315930e+00 2.545729e+00 2.841794e+00 3.165507e+00 2.968309e+00 4.813754e+00 3.361013e+00 3.342136e+00 3.001850e+00 2.436280e+00 1.218300e+00
<GCONST> 1.014801e+02
<STATE> 3
<MEAN> 25
 4.942174e+00 1.853280e+00 2.516132e+00 3.971910e+00 -2.185334e+00 -1.490556e+00 -1.822889e+00 -4.016426e+00 -1.594996e+00 -9.549263e-01 -3.477460e+00 -1.400193e+00 -1.364277e-01 7.714024e-01 5.219653e-02 3.040073e-01 3.183801e-01 3.134707e-01 1.210080e-01 -2.656217e-01 -2.005293e-01 -1.616904e-01 -4.293974e-03 5.320989e-02 -6.121067e-01
<VARIANCE> 25
 1.598678e+01 3.649115e+01 2.677313e+01 3.044700e+01 3.746141e+01 3.805685e+01 3.800240e+01 4.972509e+01 4.151387e+01 4.800908e+01 3.957239e+01 3.096672e+01 5.661917e-01 1.669683e+00 1.531185e+00 1.737468e+00 2.087192e+00 2.318447e+00 2.331127e+00 3.253236e+00 2.525836e+00 2.496535e+00 2.232100e+00 1.865674e+00 8.763027e-01
<GCONST> 9.619515e+01
<STATE> 4
<MEAN> 25
 1.660064e+00 3.656744e+00 1.954196e+00 4.858897e+00 8.965223e-01 3.476779e-01 -2.670225e-01 -2.432720e+00 -1.727217e+00 -1.748530e+00 -2.315157e+00 -1.816662e-01 -3.915083e-01 2.335213e-03 -8.459671e-02 -1.181936e-01 2.774335e-01 1.683051e-01 1.642187e-01 3.311723e-01 7.501537e-02 2.700386e-03 2.526133e-01 1.058136e-01 -2.181130e-01
<VARIANCE> 25
 2.840385e+01 3.667490e+01 2.788798e+01 3.175974e+01 3.995071e+01 3.607689e+01 3.602314e+01 4.313071e+01 4.054622e+01 4.168570e+01 3.505939e+01 2.967608e+01 6.852131e-01 1.484916e+00 1.369926e+00 1.624791e+00 1.965495e+00 2.046993e+00 2.092104e+00 2.713919e+00 2.293067e+00 2.315968e+00 2.084285e+00 1.743185e+00 7.516595e-01
<GCONST> 9.530415e+01
<TRANSP> 5
 0.000000e+00 1.000000e+00 0.000000e+00 0.000000e+00 0.000000e+00
 0.000000e+00 5.319605e-01 4.680395e-01 0.000000e+00 0.000000e+00
 0.000000e+00 0.000000e+00 4.731715e-01 5.268286e-01 0.000000e+00
 0.000000e+00 0.000000e+00 0.000000e+00 7.464702e-01 2.535298e-01
 0.000000e+00 0.000000e+00 0.000000e+00 0.000000e+00 0.000000e+00
<ENDHMM>
~h "o"
<BEGINHMM>
<NUMSTATES> 5
<STATE> 2
<MEAN> 25
 3.489150e+00 5.367474e-01 -5.214802e+00 -7.051366e+00 -2.161868e-01 3.020645e+00 -1.022502e+00 -9.479420e-01 8.776225e-01 2.090421e+00 1.685273e+00 -7.335855e-01 1.080688e+00 -1.763602e-01 -7.438352e-01 -1.659752e+00 -2.974592e-01 7.498321e-01 -2.459717e-02 -1.635650e-01 -1.644118e-01 2.577603e-01 4.621000e-01 -2.668721e-01 9.521404e-01
<VARIANCE> 25
 6.298006e+01 3.927079e+01 3.523225e+01 7.814454e+01 5.956641e+01 6.638710e+01 5.523799e+01 5.026781e+01 4.979471e+01 5.005995e+01 4.084436e+01 3.669900e+01 4.521212e+00 2.932532e+00 2.887449e+00 6.685040e+00 4.543972e+00 4.747841e+00 4.089224e+00 3.917126e+00 4.123667e+00 3.717791e+00 3.399586e+00 2.951666e+00 4.624538e+00
<GCONST> 1.109834e+02
<STATE> 3
<MEAN> 25
 6.508863e+00 -4.510914e-01 -6.893322e+00 -1.035215e+01 -7.761647e-01 5.016734e+00 -1.743341e+00 -1.966188e+00 1.925377e-01 2.422024e+00 3.272828e+00 -1.264297e+00 -8.228643e-02 1.374153e-01 -7.882690e-02 2.621136e-01 1.939805e-01 2.736719e-01 2.035050e-01 -3.119440e-02 -9.312019e-02 -7.406454e-02 -1.329314e-03 1.062365e-01 -3.864373e-01
<VARIANCE> 25
 3.059654e+01 3.409372e+01 3.496921e+01 6.470461e+01 5.574059e+01 7.029631e+01 5.328761e+01 4.991809e+01 5.241607e+01 5.327850e+01 4.557575e+01 3.728679e+01 1.072224e+00 1.879407e+00 1.667245e+00 3.565079e+00 2.664827e+00 3.162690e+00 3.103390e+00 2.703616e+00 3.341640e+00 3.176563e+00 2.688048e+00 2.479340e+00 1.773141e+00
<GCONST> 1.037270e+02
<STATE> 4
<MEAN> 25
 3.737045e+00 1.348325e+00 -6.069792e+00 -7.285567e+00 3.869312e-01 5.214581e+00 7.919116e-01 -9.566705e-01 4.877197e-01 1.588502e+00 1.752844e+00 1.434539e-01 -3.327107e-01 1.374072e-01 2.985634e-01 6.878953e-01 2.095288e-01 -1.940151e-01 8.350244e-02 3.823835e-02 1.011513e-03 -1.115016e-01 -2.174888e-01 4.340233e-02 -4.037347e-01
<VARIANCE> 25
 5.141623e+01 2.811298e+01 3.078330e+01 7.393832e+01 4.940862e+01 6.353444e+01 4.418195e+01 4.290314e+01 4.479514e+01 4.765628e+01 3.518270e+01 3.313634e+01 5.448014e-01 8.733577e-01 1.092103e+00 1.880821e+00 1.616261e+00 1.871973e+00 1.852497e+00 1.823029e+00 1.989480e+00 2.009072e+00 1.720227e+00 1.572726e+00 5.056348e-01
<GCONST> 9.527967e+01
<TRANSP> 5
 0.000000e+00 1.000000e+00 0.000000e+00 0.000000e+00 0.000000e+00
 0.000000e+00 5.718502e-01 4.281498e-01 0.000000e+00 0.000000e+00
 0.000000e+00 0.000000e+00 5.306132e-01 4.693868e-01 0.000000e+00
 0.000000e+00 0.000000e+00 0.000000e+00 8.482948e-01 1.517052e-01
 0.000000e+00 0.000000e+00 0.000000e+00 0.000000e+00 0.000000e+00
<ENDHMM>
~h "p"
<BEGINHMM>
<NUMSTATES> 5
<STATE> 2
<MEAN> 25
 -2.364054e+00 2.800679e+00 -2.978621e+00 1.961371e+00 2.589146e+00 3.277937e+00 1.691521e+00 2.401820e-01 1.840533e+00 4.700897e-01 1.186162e+00 1.062415e+00 -3.172204e-01 -5.909250e-01 -2.300047e-01 -3.062651e-01 -2.156601e-01 -1.385791e-01 7.032233e-02 -1.452742e-02 4.341937e-01 2.378507e-01 3.324290e-01 4.844788e-02 4.775657e-01
<VARIANCE> 25
 5.298745e+01 3.442587e+01 3.242255e+01 3.846427e+01 3.608043e+01 4.164985e+01 3.406169e+01 3.523792e+01 3.819603e+01 3.261647e+01 3.228261e+01 2.737855e+01 5.307094e+00 4.875548e+00 3.104973e+00 4.402319e+00 3.743645e+00 4.720751e+00 3.746888e+00 3.573326e+00 3.833668e+00 3.484450e+00 3.275027e+00 2.921644e+00 7.310395e+00
<GCONST> 1.070763e+02
<STATE> 3
<MEAN> 25
 6.226064e-01 -7.370553e-01 -4.020783e+00 -3.871083e-01 9.450722e-01 1.839735e+00 6.245943e-01 -7.047439e-01 2.141402e+00 1.264727e+00 1.384503e+00 1.425562e-01 1.819884e+00 -1.680123e+00 -5.448205e-01 -1.469759e+00 -8.381203e-01 -7.505162e-01 -7.464921e-01 -1.581810e-01 1.238208e-01 1.947986e-01 1.881190e-03 -8.797969e-01 2.863344e+00
<VARIANCE> 25
 4.160724e+01 4.412267e+01 4.181240e+01 5.757715e+01 4.189578e+01 5.378607e+01 3.771771e+01 4.040829e+01 3.990804e+01 3.544767e+01 3.377072e+01 3.144109e+01 5.965873e+00 6.830064e+00 5.784429e+00 7.517092e+00 6.154177e+00 8.137343e+00 5.634949e+00 5.651215e+00 5.942486e+00 5.707400e+00 5.497435e+00 4.881670e+00 6.281899e+00
<GCONST> 1.140257e+02
<STATE> 4
<MEAN> 25
 4.833007e+00 -3.585982e+00 -5.567952e+00 -3.034020e+00 -2.784746e-01 8.041040e-01 -7.800704e-01 -8.046719e-01 1.638605e+00 9.504043e-01 8.896948e-01 -1.971758e+00 9.600583e-01 -8.637737e-01 2.640603e-01 -6.416834e-01 -7.036682e-01 -6.598500e-01 -5.432232e-01 1.614690e-01 -2.137334e-01 -1.393317e-01 -2.221957e-01 -5.035734e-01 1.454442e+00
<VARIANCE> 25
 4.191536e+01 5.256880e+01 5.433016e+01 6.776770e+01 5.173220e+01 7.246741e+01 4.452487e+01 4.608324e+01 4.820670e+01 4.780788e+01 4.078824e+01 4.188735e+01 3.774220e+00 4.826109e+00 5.782859e+00 6.142140e+00 5.884221e+00 6.722649e+00 5.015414e+00 5.311944e+00 5.906233e+00 4.898489e+00 4.944737e+00 4.070991e+00 4.154766e+00
<GCONST> 1.141216e+02
<TRANSP> 5
 0.000000e+00 1.000000e+00 0.000000e+00 0.000000e+00 0.000000e+00
 0.000000e+00 5.685109e-01 4.314891e-01 0.000000e+00 0.000000e+00
 0.000000e+00 0.000000e+00 4.204162e-01 5.795838e-01 0.000000e+00
 0.000000e+00 0.000000e+00 0.000000e+00 3.862551e-01 6.137449e-01
 0.000000e+00 0.000000e+00 0.000000e+00 0.000000e+00 0.000000e+00
<ENDHMM>
~h "r"
<BEGINHMM>
<NUMSTATES> 5
<STATE> 2
<MEAN> 25
 4.740260e+00 -4.869612e+00 -2.477608e+00 1.028805e+00 -2.838662e+00 -3.505029e+00 -2.693048e+00 5.442992e-01 4.356162e+00 8.419930e-01 -3.776892e-01 -1.390900e+00 9.508713e-02 4.628358e-02 1.457107e-01 7.984276e-01 -2.271753e-01 -1.655601e-01 -1.780953e-01 -4.546098e-02 1.388033e-01 -2.421797e-01 3.197356e-02 2.421806e-01 -4.422833e-01
<VARIANCE> 25
 2.659260e+01 3.597232e+01 3.972356e+01 3.893744e+01 4.711893e+01 5.264948e+01 5.069170e+01 5.797662e+01 6.008147e+01 5.137408e+01 4.616628e+01 3.796029e+01 1.603191e+00 2.616332e+00 2.507710e+00 3.379229e+00 3.783779e+00 3.995852e+00 3.579536e+00 4.213666e+00 4.294699e+00 3.899811e+00 3.674756e+00 3.320535e+00 1.898367e+00
<GCONST> 1.064212e+02
<STATE> 3
<MEAN> 25
 4.611854e+00 -4.179164e+00 -1.881647e+00 2.399889e+00 -2.967873e+00 -3.615197e+00 -2.572993e+00 4.111904e-01 3.758683e+00 2.484379e-01 -2.287044e-01 -6.420027e-01 -1.629149e-01 3.512257e-01 3.398482e-01 2.633526e-01 5.058678e-02 1.657460e-01 1.359509e-01 -7.531075e-02 -4.525162e-01 -2.039926e-01 5.502830e-02 1.967395e-01 -4.479202e-01
<VARIANCE> 25
 2.541693e+01 3.802681e+01 3.988556e+01 3.487065e+01 4.868261e+01 5.203144e+01 4.774998e+01 5.629531e+01 5.670321e+01 4.885364e+01 4.129337e+01 3.338146e+01 1.413590e+00 2.403625e+00 2.402523e+00 2.675902e+00 3.365168e+00 3.609787e+00 3.180100e+00 3.855237e+00 3.837890e+00 3.452644e+00 3.375413e+00 2.994908e+00 1.574539e+00
<GCONST> 1.043863e+02
<STATE> 4
<MEAN> 25
 3.684436e+00 -2.506603e+00 -9.263850e-01 2.562332e+00 -2.139860e+00 -2.491851e+00 -1.509492e+00 3.371438e-01 2.108071e+00 -3.654033e-01 -2.031058e-01 -1.080459e-02 -3.098726e-01 4.329556e-01 3.263134e-01 -1.649348e-01 2.059728e-01 3.324661e-01 2.666020e-01 -1.232620e-01 -5.970370e-01 7.092610e-03 9.258364e-02 6.476319e-02 -3.629700e-01
<VARIANCE> 25
 2.866558e+01 4.669618e+01 4.172776e+01 3.722067e+01 5.222404e+01 5.730623e+01 4.507741e+01 5.705706e+01 5.727267e+01 5.160265e+01 4.140131e+01 3.258448e+01 1.128089e+00 1.882425e+00 2.087120e+00 2.018294e+00 2.831833e+00 2.976078e+00 2.663637e+00 3.116247e+00 3.232343e+00 2.831572e+00 2.704721e+00 2.166509e+00 1.144079e+00
<GCONST> 1.021050e+02
<TRANSP> 5
 0.000000e+00 1.000000e+00 0.000000e+00 0.000000e+00 0.000000e+00
 0.000000e+00 3.772830e-01 6.227170e-01 0.000000e+00 0.000000e+00
 0.000000e+00 0.000000e+00 3.290301e-01 6.709699e-01 0.000000e+00
 0.000000e+00 0.000000e+00 0.000000e+00 5.485259e-01 4.514740e-01
 0.000000e+00 0.000000e+00 0.000000e+00 0.000000e+00 0.000000e+00
<ENDHMM>
~h "s"
<BEGINHMM>
<NUMSTATES> 5
<STATE> 2
<MEAN> 25
 -9.050207e+00 6.516623e+00 -9.245818e-01 2.695669e+00 4.150870e+00 -4.033499e+00 3.750853e+00 1.019399e+00 1.358377e+00 -1.458498e+00 8.796083e-01 1.724082e+00 -2.766663e+00 1.408122e+00 -6.400539e-01 2.848614e-01 1.057454e+00 -1.456659e-01 9.728376e-01 2.996510e-01 3.175191e-01 -2.960416e-01 5.296077e-01 4.067689e-01 -5.236734e-02
<VARIANCE> 25
 7.473608e+01 5.575794e+01 6.010834e+01 5.833658e+01 6.714754e+01 7.361021e+01 6.280088e+01 5.740455e+01 4.705122e+01 4.567538e+01 4.397122e+01 3.445934e+01 4.648488e+00 4.466152e+00 4.140603e+00 3.931749e+00 4.330240e+00 4.372599e+00 4.340912e+00 4.325207e+00 3.787255e+00 3.907221e+00 3.455791e+00 2.810117e+00 1.242382e+00
<GCONST> 1.110175e+02
<STATE> 3
<MEAN> 25
 -1.581705e+01 7.225233e+00 -2.558280e+00 2.189998e+00 6.021419e+00 -3.290971e+00 5.232332e+00 2.459815e+00 2.103437e+00 -1.582999e+00 1.992590e+00 3.069185e+00 6.209616e-01 -6.881526e-01 2.356077e-01 -8.530142e-02 -4.450978e-01 3.284000e-02 -2.313762e-01 -3.027886e-02 6.646253e-02 -1.198357e-02 -1.166375e-01 -3.355988e-02 -1.792365e-01
<VARIANCE> 25
 5.879265e+01 5.347039e+01 5.345595e+01 6.158954e+01 5.379790e+01 6.670399e+01 5.074985e+01 5.233194e+01 4.028836e+01 4.296412e+01 3.598760e+01 3.227617e+01 4.982651e+00 2.792122e+00 2.920500e+00 2.401105e+00 2.970756e+00 3.416202e+00 3.151636e+00 3.279307e+00 2.983185e+00 2.844564e+00 2.582967e+00 2.211751e+00 1.655680e+00
<GCONST> 1.063020e+02
<STATE> 4
<MEAN> 25
 -5.851900e+00 8.508093e-01 1.707455e+00 1.407378e+00 1.196863e+00 -1.219163e+00 2.304904e+00 1.435152e-01 2.028892e+00 -1.690316e+00 5.198984e-01 2.086780e+00 2.586476e+00 -9.469120e-01 1.893151e-01 -5.006918e-01 -1.134829e+00 -1.121583e-01 -1.074985e+00 -5.448963e-01 -2.652395e-01 2.412259e-01 -4.872079e-01 -5.355535e-01 5.274755e-01
<VARIANCE> 25
 6.820393e+01 9.153524e+01 1.045826e+02 5.245216e+01 7.412101e+01 1.020976e+02 5.418346e+01 5.000315e+01 4.286995e+01 4.176142e+01 3.800290e+01 3.176595e+01 6.276917e+00 5.926914e+00 6.328218e+00 4.323195e+00 5.066936e+00 5.529877e+00 5.025671e+00 4.718059e+00 4.451471e+00 4.303212e+00 3.660200e+00 3.107080e+00 3.062460e+00
<GCONST> 1.146456e+02
<TRANSP> 5
 0.000000e+00 1.000000e+00 0.000000e+00 0.000000e+00 0.000000e+00
 0.000000e+00 7.453485e-01 2.546515e-01 0.000000e+00 0.000000e+00
 0.000000e+00 0.000000e+00 7.277433e-01 2.722566e-01 0.000000e+00
 0.000000e+00 0.000000e+00 0.000000e+00 6.685594e-01 3.314406e-01
 0.000000e+00 0.000000e+00 0.000000e+00 0.000000e+00 0.000000e+00
<ENDHMM>
~h "t"
<BEGINHMM>
<NUMSTATES> 5
<STATE> 2
<MEAN> 25
 -3.244718e+00 3.270558e+00 -8.358510e-01 3.304252e+00 1.428278e+00 1.108394e+00 1.492563e+00 3.030952e-02 1.631868e+00 -6.895398e-02 1.257668e+00 1.904479e+00 -9.464303e-01 -4.747883e-01 -4.407487e-01 -4.273629e-01 1.632047e-01 -1.650800e-02 3.287039e-01 1.674162e-01 7.057664e-01 -1.286290e-01 3.570607e-01 2.450944e-01 8.816287e-02
<VARIANCE> 25
 4.179966e+01 2.980352e+01 3.404195e+01 3.630174e+01 4.058741e+01 5.226097e+01 3.662788e+01 3.881443e+01 4.327344e+01 3.267109e+01 3.655902e+01 2.630913e+01 3.467662e+00 4.563890e+00 3.366354e+00 4.195260e+00 4.384990e+00 6.330368e+00 4.198833e+00 4.181747e+00 4.511365e+00 3.543485e+00 3.665614e+00 2.783667e+00 7.937566e+00
<GCONST> 1.080007e+02
<STATE> 3
<MEAN> 25
 -3.770286e+00 -6.061099e-01 -1.646038e+00 8.897753e-02 1.217154e+00 -1.366419e+00 1.466985e+00 4.183578e-01 3.094978e+00 -3.999320e-01 1.104747e+00 1.808712e+00 8.212880e-01 -1.398045e+00 3.006960e-02 -1.416276e+00 -4.975468e-01 -1.231756e+00 -7.301160e-01 -3.473670e-02 4.478325e-01 -3.619950e-02 -1.706548e-01 -6.184742e-01 2.809357e+00
<VARIANCE> 25
 3.698433e+01 3.928805e+01 3.651952e+01 4.043496e+01 4.737759e+01 6.670616e+01 4.418525e+01 4.330672e+01 4.284817e+01 3.738657e+01 3.835974e+01 3.087696e+01 5.692330e+00 5.065851e+00 4.979958e+00 5.702950e+00 5.963506e+00 8.586048e+00 6.767170e+00 6.313822e+00 6.457613e+00 5.470820e+00 5.716699e+00 4.610116e+00 7.223564e+00
<GCONST> 1.138094e+02
<STATE> 4
<MEAN> 25
 -5.439093e-01 -2.118596e+00 -1.440808e+00 -1.966374e+00 1.883420e-01 -3.315686e+00 -1.059190e+00 2.423029e-01 3.211232e+00 -1.853018e-01 1.615194e-01 -1.592088e-02 1.506383e+00 -4.724407e-01 2.327318e-01 -8.587364e-01 -6.198083e-01 -4.094733e-01 -1.163719e+00 -2.960497e-01 -3.919302e-01 3.356670e-01 -1.563439e-01 -8.173805e-01 1.505323e+00
<VARIANCE> 25
 4.045675e+01 4.046472e+01 4.445460e+01 4.760172e+01 4.922598e+01 6.771722e+01 5.895517e+01 5.127763e+01 4.984901e+01 4.549173e+01 4.160088e+01 3.762740e+01 4.335270e+00 4.346319e+00 5.058958e+00 4.951083e+00 5.557728e+00 7.135056e+00 6.551307e+00 6.062810e+00 6.155774e+00 5.265930e+00 5.388015e+00 4.116606e+00 4.193156e+00
<GCONST> 1.137433e+02
<TRANSP> 5
 0.000000e+00 1.000000e+00 0.000000e+00 0.000000e+00 0.000000e+00
 0.000000e+00 5.791579e-01 4.208421e-01 0.000000e+00 0.000000e+00
 0.000000e+00 0.000000e+00 4.238796e-01 5.761204e-01 0.000000e+00
 0.000000e+00 0.000000e+00 0.000000e+00 3.378015e-01 6.621985e-01
 0.000000e+00 0.000000e+00 0.000000e+00 0.000000e+00 0.000000e+00
<ENDHMM>
~h "u"
<BEGINHMM>
<NUMSTATES> 5
<STATE> 2
<MEAN> 25
 5.887339e+00 2.957182e+00 -2.222200e+00 -4.961554e+00 -9.280825e-01 1.780622e-01 -6.773666e+00 -5.146323e+00 -2.723256e+00 8.287454e-01 2.731995e+00 -3.143120e-01 8.232403e-01 4.217771e-01 -3.390800e-01 -9.595376e-01 -2.422695e-01 6.393096e-01 -7.114189e-01 -8.364164e-01 -7.068657e-01 2.843989e-01 6.670513e-01 8.574302e-02 1.848795e-01
<VARIANCE> 25
 2.631562e+01 3.539783e+01 4.032920e+01 7.165408e+01 5.255571e+01 6.011622e+01 6.534995e+01 5.657344e+01 5.748182e+01 5.759346e+01 4.784868e+01 3.765814e+01 2.308694e+00 2.698108e+00 2.986800e+00 5.076098e+00 4.579610e+00 4.971623e+00 5.310672e+00 4.856504e+00 5.274714e+00 4.809902e+00 3.884271e+00 3.275634e+00 1.883732e+00
<GCONST> 1.099613e+02
<STATE> 3
<MEAN> 25
 6.549726e+00 3.206870e+00 -2.812351e+00 -6.114795e+00 -1.302557e+00 1.647144e+00 -7.248628e+00 -6.293967e+00 -3.291794e+00 1.311555e+00 3.758586e+00 -4.766464e-03 -8.418836e-02 9.468212e-02 6.059928e-02 4.591923e-01 1.025905e-01 1.792029e-01 3.005136e-01 1.916737e-02 1.859185e-01 -9.118374e-03 -2.241317e-01 9.945941e-03 -3.596626e-01
<VARIANCE> 25
 2.221492e+01 3.312222e+01 3.772761e+01 6.825968e+01 4.952677e+01 5.585648e+01 5.849137e+01 5.642354e+01 6.112923e+01 6.355825e+01 5.097170e+01 3.810279e+01 9.256075e-01 2.206167e+00 2.057735e+00 4.190457e+00 3.386691e+00 3.661324e+00 4.291427e+00 3.803058e+00 4.483917e+00 4.168064e+00 3.532606e+00 3.156068e+00 1.494423e+00
<GCONST> 1.061847e+02
<STATE> 4
<MEAN> 25
 4.810688e+00 4.729193e+00 -2.055485e+00 -3.191555e+00 -6.538582e-01 1.728043e+00 -4.028089e+00 -4.664390e+00 -2.801239e+00 1.235963e-01 2.262985e+00 9.133952e-01 -5.587220e-01 -8.943009e-02 2.628157e-01 8.183336e-01 3.222016e-01 -8.981626e-02 5.405924e-01 4.538071e-01 4.097254e-01 -8.923504e-02 -4.181755e-01 -1.834123e-02 -4.570220e-01
<VARIANCE> 25
 2.903485e+01 3.790652e+01 3.341388e+01 7.071101e+01 4.738732e+01 5.034194e+01 5.010960e+01 4.584100e+01 5.435383e+01 5.839447e+01 4.288841e+01 3.840995e+01 8.393673e-01 1.531477e+00 1.627427e+00 2.531695e+00 2.417616e+00 2.707994e+00 2.781261e+00 2.778619e+00 2.946802e+00 2.925583e+00 2.660368e+00 2.245064e+00 8.649487e-01
<GCONST> 1.010915e+02
<TRANSP> 5
 0.000000e+00 1.000000e+00 0.000000e+00 0.000000e+00 0.000000e+00
 0.000000e+00 5.088277e-01 4.911723e-01 0.000000e+00 0.000000e+00
 0.000000e+00 0.000000e+00 4.880565e-01 5.119435e-01 0.000000e+00
 0.000000e+00 0.000000e+00 0.000000e+00 7.339172e-01 2.660828e-01
 0.000000e+00 0.000000e+00 0.000000e+00 0.000000e+00 0.000000e+00
<ENDHMM>
~h "v"
<BEGINHMM>
<NUMSTATES> 5
<STATE> 2
<MEAN> 25
 -2.701527e+00 -1.035232e+00 1.384533e+00 5.073360e+00 3.564392e+00 1.500069e+00 9.890414e-01 1.258596e+00 -1.505183e-01 -1.846617e+00 5.912629e-01 6.480314e-01 -5.480684e-01 -2.211193e-01 -5.402301e-02 1.159614e-01 9.746820e-02 3.759058e-01 4.740715e-02 -3.031064e-03 2.964709e-02 -2.179842e-01 -8.752336e-02 1.071919e-01 -2.390932e-01
<VARIANCE> 25
 3.898969e+01 2.645603e+01 2.059201e+01 2.696740e+01 2.111801e+01 4.682534e+01 1.992035e+01 3.613892e+01 3.860627e+01 2.835284e+01 2.499217e+01 1.768416e+01 1.605166e+00 1.357700e+00 8.330128e-01 1.538416e+00 2.132381e+00 2.193821e+00 2.193980e+00 2.306389e+00 2.454821e+00 2.174682e+00 1.925909e+00 1.588488e+00 3.706535e-01
<GCONST> 9.176226e+01
<STATE> 3
<MEAN> 25
 -2.508969e+00 -3.466473e+00 6.852340e-01 5.221443e+00 1.643875e+00 2.835956e+00 -5.479985e-02 -7.619302e-01 5.893363e-01 -3.057328e+00 1.117100e+00 2.271323e+00 4.691807e-01 -3.241670e-01 -3.881641e-01 -4.418492e-01 -6.025382e-01 -7.626211e-01 -4.201341e-01 -2.667147e-01 -3.802848e-02 -2.878316e-02 -2.304367e-02 -1.356073e-01 4.404033e-01
<VARIANCE> 25
 4.878586e+01 4.871006e+01 2.394587e+01 3.755282e+01 2.819446e+01 8.474799e+01 3.019874e+01 2.882833e+01 4.063858e+01 3.039086e+01 1.725398e+01 2.231257e+01 3.221141e+00 3.215984e+00 2.121859e+00 2.891709e+00 3.459431e+00 4.112219e+00 3.222043e+00 3.354697e+00 3.550545e+00 2.196003e+00 2.003527e+00 1.862705e+00 7.920363e-01
<GCONST> 1.004668e+02
<STATE> 4
<MEAN> 25
 1.976688e+00 -3.129730e+00 -4.632013e-01 3.682252e+00 1.731919e+00 9.664913e-01 -2.074358e+00 -1.798263e+00 -7.981012e-01 -2.935077e+00 1.305175e+00 1.885978e+00 2.015269e+00 -1.846697e-01 -1.857133e-01 -1.228606e+00 -9.721205e-01 -8.877699e-01 -3.870309e-01 -2.935635e-01 -3.423183e-01 5.275308e-01 2.710723e-01 -3.309478e-01 1.189688e+00
<VARIANCE> 25
 7.545273e+01 3.428918e+01 9.473866e+01 6.548351e+01 3.598291e+01 9.488237e+01 3.479414e+01 3.995923e+01 7.900034e+01 5.208666e+01 1.584407e+01 2.443827e+01 5.794765e+00 4.010093e+00 7.323058e+00 5.543579e+00 5.140879e+00 9.837419e+00 4.161777e+00 5.115084e+00 7.422613e+00 3.918895e+00 2.793989e+00 3.879076e+00 2.097433e+00
<GCONST> 1.125176e+02
<TRANSP> 5
 0.000000e+00 1.000000e+00 0.000000e+00 0.000000e+00 0.000000e+00
 0.000000e+00 7.664127e-01 2.335873e-01 0.000000e+00 0.000000e+00
 0.000000e+00 0.000000e+00 4.591853e-01 5.408146e-01 0.000000e+00
 0.000000e+00 0.000000e+00 0.000000e+00 6.210527e-01 3.789473e-01
 0.000000e+00 0.000000e+00 0.000000e+00 0.000000e+00 0.000000e+00
<ENDHMM>
~h "w"
<BEGINHMM>
<NUMSTATES> 5
<STATE> 2
<MEAN> 25
 1.530946e-01 3.602747e+00 -3.538740e+00 -3.604216e+00 4.997413e-01 3.383689e+00 8.951226e-01 -5.127656e-01 -1.493662e+00 1.423876e+00 2.316627e+00 2.029894e+00 1.081332e+00 5.146158e-01 -2.881125e-01 -1.267264e+00 -6.478047e-01 5.083156e-02 -2.928511e-01 -3.172343e-01 -4.793029e-01 7.163972e-03 3.901529e-01 1.218124e-01 6.933843e-01
<VARIANCE> 25
 1.195652e+02 4.377969e+01 2.839222e+01 8.004079e+01 5.389645e+01 4.676017e+01 4.095853e+01 3.565832e+01 3.358653e+01 3.362582e+01 2.990680e+01 3.151741e+01 4.185419e+00 2.615363e+00 1.911422e+00 4.231412e+00 3.348032e+00 3.508932e+00 2.767034e+00 2.661480e+00 2.650177e+00 2.508377e+00 2.768579e+00 2.545187e+00 3.121401e+00
<GCONST> 1.051641e+02
<STATE> 3
<MEAN> 25
 9.054845e+00 5.061382e+00 -5.438158e+00 -1.155511e+01 -4.090414e+00 3.370628e+00 -2.326390e+00 -2.539921e+00 -3.268641e+00 1.279948e+00 3.971591e+00 3.655817e-01 7.317006e-01 -1.012675e+00 -7.974015e-01 -1.225048e+00 9.009393e-02 6.684653e-01 -5.199224e-01 -3.197668e-01 3.603145e-01 5.115668e-01 3.765764e-01 -7.265118e-01 1.342510e+00
<VARIANCE> 25
 3.335563e+01 5.612871e+01 3.761585e+01 5.891305e+01 4.525166e+01 7.758035e+01 4.096341e+01 3.732195e+01 3.631727e+01 3.892787e+01 4.334780e+01 3.409433e+01 3.847119e+00 4.521175e+00 3.136348e+00 4.336395e+00 4.762460e+00 5.577935e+00 4.002171e+00 3.608640e+00 3.249428e+00 4.016464e+00 3.937434e+00 3.843634e+00 3.140515e+00
<GCONST> 1.090797e+02
<STATE> 4
<MEAN> 25
 8.921177e+00 -1.892591e+00 -7.788810e+00 -1.213445e+01 -1.120944e+00 5.241395e+00 -4.516403e+00 -2.599377e+00 1.233878e+00 2.309216e+00 2.757805e+00 -3.890043e+00 -3.413551e-01 -8.937796e-01 1.127882e-01 6.835837e-01 5.053182e-01 -4.028516e-01 7.248837e-02 3.388076e-01 6.992395e-01 -3.116534e-02 -7.228105e-01 -5.017301e-01 3.254914e-01
<VARIANCE> 25
 2.439460e+01 5.213563e+01 3.106742e+01 7.059419e+01 5.697126e+01 1.333245e+02 5.105801e+01 5.322053e+01 4.955151e+01 6.757954e+01 6.440041e+01 5.889392e+01 7.048854e-01 3.002762e+00 1.831249e+00 2.815521e+00 2.567464e+00 3.780402e+00 2.877271e+00 3.134881e+00 3.206257e+00 3.359704e+00 3.223580e+00 3.688767e+00 1.373353e+00
<GCONST> 1.060203e+02
<TRANSP> 5
 0.000000e+00 1.000000e+00 0.000000e+00 0.000000e+00 0.000000e+00
 0.000000e+00 6.892387e-01 3.107613e-01 0.000000e+00 0.000000e+00
 0.000000e+00 0.000000e+00 6.026761e-01 3.973239e-01 0.000000e+00
 0.000000e+00 0.000000e+00 0.000000e+00 8.129754e-01 1.870245e-01
 0.000000e+00 0.000000e+00 0.000000e+00 0.000000e+00 0.000000e+00
<ENDHMM>
~h "y"
<BEGINHMM>
<NUMSTATES> 5
<STATE> 2
<MEAN> 25
 6.561680e-01 -1.212971e+00 1.060626e+01 -4.446157e+00 -9.339543e+00 -4.585428e+00 -5.519115e-01 -3.393788e-01 -3.374537e+00 2.068448e+00 1.790630e+00 1.159235e-01 9.790600e-02 -3.834871e-01 9.356281e-01 -6.017252e-01 -1.180658e+00 -4.549253e-01 2.361438e-01 3.129777e-01 -3.436770e-01 2.703457e-01 3.686584e-01 4.303650e-02 7.648444e-01
<VARIANCE> 25
 2.964633e+01 4.762526e+01 6.869393e+01 7.124812e+01 6.967282e+01 5.975013e+01 5.783594e+01 6.704842e+01 5.992887e+01 5.641950e+01 5.406867e+01 3.566258e+01 2.049553e+00 3.436388e+00 6.178350e+00 4.599440e+00 5.131599e+00 4.076265e+00 4.591052e+00 5.295938e+00 4.339072e+00 4.055026e+00 3.733889e+00 2.697873e+00 2.777956e+00
<GCONST> 1.117127e+02
<STATE> 3
<MEAN> 25
 1.655466e+00 -4.755577e+00 8.537163e+00 -4.648017e+00 -1.061421e+01 -6.590925e+00 1.475538e+00 3.779056e+00 -2.438770e+00 1.334663e+00 2.341465e+00 -2.574299e-01 1.681835e-01 -5.437390e-01 -1.159055e+00 2.575966e-01 9.020827e-01 1.214419e-01 4.089142e-01 8.602472e-01 4.367541e-01 -5.019880e-01 -6.923468e-01 -1.946196e-01 4.559596e-02
<VARIANCE> 25
 2.169120e+01 3.257628e+01 4.637061e+01 4.710280e+01 4.844831e+01 4.784901e+01 5.524931e+01 7.006471e+01 4.918150e+01 4.788201e+01 4.746176e+01 2.827646e+01 4.319229e-01 1.666476e+00 2.616379e+00 1.816240e+00 2.956061e+00 2.192310e+00 2.616518e+00 3.252132e+00 3.032346e+00 2.782562e+00 2.782100e+00 2.046946e+00 6.651822e-01
<GCONST> 9.987676e+01
<STATE> 4
<MEAN> 25
 -4.340746e-02 -3.023288e+00 6.338297e-01 -6.224477e-01 -1.463543e+00 -2.123303e+00 3.078971e+00 3.808237e+00 -3.677798e-01 -6.724064e-01 -1.045632e+00 7.799105e-01 -3.884289e-03 5.105182e-02 -4.293640e-01 1.762108e-01 6.211629e-01 2.926590e-01 -7.990101e-02 -6.863255e-02 9.702067e-02 -8.233006e-02 -2.595522e-01 -6.548840e-02 -2.637183e-01
<VARIANCE> 25
 3.576399e+01 4.637958e+01 3.194970e+01 4.493325e+01 5.362108e+01 4.462220e+01 4.244738e+01 5.240213e+01 3.822799e+01 4.073811e+01 4.035252e+01 2.974488e+01 3.163397e-01 7.494864e-01 1.188315e+00 1.083585e+00 1.805925e+00 1.480905e+00 1.668913e+00 1.882281e+00 1.779569e+00 1.864819e+00 1.818772e+00 1.484536e+00 3.332013e-01
<GCONST> 9.259418e+01
<TRANSP> 5
 0.000000e+00 1.000000e+00 0.000000e+00 0.000000e+00 0.000000e+00
 0.000000e+00 7.183535e-01 2.816465e-01 0.000000e+00 0.000000e+00
 0.000000e+00 0.000000e+00 6.791570e-01 3.208430e-01 0.000000e+00
 0.000000e+00 0.000000e+00 0.000000e+00 8.439569e-01 1.560431e-01
 0.000000e+00 0.000000e+00 0.000000e+00 0.000000e+00 0.000000e+00
<ENDHMM>
~h "z"
<BEGINHMM>
<NUMSTATES> 5
<STATE> 2
<MEAN> 25
 -4.119235e+00 2.721741e+00 9.319735e+00 3.748535e+00 -2.990910e+00 6.505134e+00 -2.198578e+00 -8.140527e+00 -3.297520e+00 -1.792312e+00 3.949780e-01 8.067920e-01 -1.796038e-01 -4.678412e-01 5.185037e-01 2.506330e-01 2.570800e-02 3.191947e-01 -1.589458e-01 -2.457606e-01 2.920020e-01 -7.968444e-02 1.089421e-01 -1.248890e-02 2.741023e-01
<VARIANCE> 25
 5.994022e+01 1.783595e+02 1.121185e+02 2.351352e+02 1.155205e+02 1.710576e+02 6.022614e+01 8.462209e+01 9.865623e+01 9.940886e+01 5.904307e+01 6.888210e+01 3.717574e+00 4.682523e+00 7.234738e+00 9.332336e+00 5.905976e+00 9.191370e+00 5.387331e+00 5.159264e+00 6.853749e+00 6.079846e+00 4.460320e+00 3.890132e+00 2.866589e+00
<GCONST> 1.233580e+02
<STATE> 3
<MEAN> 25
 1.771889e+00 -7.008062e+00 1.145604e+01 7.907104e+00 7.915911e-01 8.181664e+00 -7.104066e+00 -1.043017e+01 2.904367e-02 -4.634358e+00 2.102154e+00 2.350857e+00 3.898062e-01 1.451605e-02 -7.195865e-01 -3.052408e-01 -2.119681e-01 -4.278964e-01 1.494645e-01 3.941731e-01 2.677759e-01 -2.782837e-01 1.851702e-01 1.805403e-01 3.509635e-01
<VARIANCE> 25
 2.765912e+01 4.486347e+01 1.716160e+02 9.123526e+01 6.323740e+01 1.312678e+02 7.500160e+01 5.619071e+01 6.813992e+01 6.727919e+01 7.253484e+01 5.149591e+01 1.949902e+00 2.261166e+00 9.269926e+00 2.924502e+00 2.484598e+00 8.336203e+00 3.839605e+00 4.165550e+00 3.994509e+00 5.713589e+00 3.538607e+00 2.847443e+00 1.622713e+00
<GCONST> 1.132641e+02
<STATE> 4
<MEAN> 25
 5.268095e+00 -1.822140e+00 1.929491e+00 3.745521e+00 8.706101e-01 2.129642e+00 -5.231293e+00 -3.428526e+00 1.505657e+00 -7.839011e+00 -5.779126e-01 3.924330e-01 7.246543e-02 1.803956e-01 -4.492691e-01 -1.764545e-01 1.152468e-02 -2.323828e-02 3.954506e-01 3.042218e-01 1.705507e-01 1.309502e-01 -2.948533e-01 -1.290558e-01 -2.871695e-01
<VARIANCE> 25
 3.136090e+01 6.310620e+01 9.065806e+01 1.060491e+02 8.816338e+01 8.987514e+01 3.912371e+01 4.273024e+01 3.404438e+01 8.605987e+01 1.052930e+02 4.695448e+01 4.627455e-01 1.126733e+00 2.833781e+00 2.099915e+00 1.862446e+00 2.606389e+00 1.782505e+00 2.489646e+00 2.099470e+00 3.692449e+00 1.915318e+00 1.654514e+00 5.439785e-01
<GCONST> 1.023910e+02
<TRANSP> 5
 0.000000e+00 1.000000e+00 0.000000e+00 0.000000e+00 0.000000e+00
 0.000000e+00 8.916472e-01 1.083528e-01 0.000000e+00 0.000000e+00
 0.000000e+00 0.000000e+00 8.737807e-01 1.262194e-01 0.000000e+00
 0.000000e+00 0.000000e+00 0.000000e+00 8.509257e-01 1.490743e-01
 0.000000e+00 0.000000e+00 0.000000e+00 0.000000e+00 0.000000e+00
<ENDHMM>
~h "aw"
<BEGINHMM>
<NUMSTATES> 5
<STATE> 2
<MEAN> 25
 2.389435e+00 4.503665e+00 -7.984161e-01 -9.923055e-01 -8.675253e+00 -1.242929e+01 4.187116e+00 6.757125e+00 4.765154e+00 5.153302e+00 -5.027892e+00 -4.957349e+00 -7.310829e-01 2.542519e-01 6.929905e-01 -1.041284e+00 -1.265622e+00 -1.181786e-02 3.826978e-01 -6.255980e-02 -1.345411e-01 1.091291e+00 -3.240655e-01 -2.266132e-01 5.123873e-01
<VARIANCE> 25
 6.208931e+01 4.177057e+01 4.173104e+01 5.845276e+01 7.554635e+01 1.319665e+02 4.899858e+01 1.285868e+02 3.803154e+01 6.318892e+01 2.960410e+01 3.806413e+01 1.672984e+00 1.174679e+00 4.629035e+00 2.355871e+00 6.175733e+00 6.029452e+00 3.502685e+00 3.127209e+00 4.528961e+00 4.631800e+00 2.495714e+00 2.259026e+00 2.204819e+00
<GCONST> 1.090140e+02
<STATE> 3
<MEAN> 25
 -2.775157e+00 5.090076e-01 9.850965e+00 -8.234384e+00 -1.064289e+01 3.473632e+00 2.884164e+00 -3.577299e+00 -5.651141e-01 1.016499e+01 -4.418996e+00 -3.132575e+00 3.255039e-01 3.851429e-02 2.121927e-01 9.082840e-02 3.573619e-01 4.572352e-01 -5.450290e-01 -4.797575e-01 -2.434998e-01 -4.769262e-01 2.371387e-01 1.498210e-02 -6.360832e-01
<VARIANCE> 25
 2.662513e+01 2.106877e+01 5.896159e+01 4.275933e+01 6.240166e+01 3.818460e+01 4.990864e+01 4.900638e+01 4.432128e+01 4.032816e+01 3.315706e+01 2.963170e+01 2.302136e+00 1.605686e+00 2.613813e+00 3.815867e+00 4.451516e+00 3.554683e+00 3.392333e+00 4.112465e+00 4.613927e+00 2.909929e+00 2.898103e+00 2.192331e+00 1.766066e+00
<GCONST> 1.040852e+02
<STATE> 4
<MEAN> 25
 1.441700e+00 -6.411064e-01 -1.260460e+00 -8.447260e+00 -6.108563e+00 1.098107e+01 -7.605625e-01 -5.179331e+00 2.185224e-01 9.050329e-01 3.600335e-01 2.062396e+00 1.578219e-03 1.591266e-01 -4.922279e-01 8.488268e-01 4.960032e-01 7.282305e-02 3.285313e-01 -4.393780e-01 -3.322774e-01 -8.530203e-01 5.538487e-02 6.648337e-01 -5.056288e-01
<VARIANCE> 25
 4.331066e+01 7.948794e+01 6.704257e+01 6.368802e+01 3.808050e+01 1.189631e+02 8.974655e+01 4.455354e+01 6.657164e+01 4.043040e+01 4.419209e+01 4.543272e+01 6.840249e-01 4.803266e+00 1.075136e+00 3.131377e+00 3.485559e+00 5.970484e+00 4.084369e+00 2.477880e+00 4.844068e+00 4.247124e+00 3.522389e+00 2.801941e+00 1.743816e+00
<GCONST> 1.082881e+02
<TRANSP> 5
 0.000000e+00 1.000000e+00 0.000000e+00 0.000000e+00 0.000000e+00
 0.000000e+00 8.527007e-01 1.472993e-01 0.000000e+00 0.000000e+00
 0.000000e+00 0.000000e+00 8.313748e-01 1.686253e-01 0.000000e+00
 0.000000e+00 0.000000e+00 0.000000e+00 7.271574e-01 2.728425e-01
 0.000000e+00 0.000000e+00 0.000000e+00 0.000000e+00 0.000000e+00
<ENDHMM>
~h "ay"
<BEGINHMM>
<NUMSTATES> 5
<STATE> 2
<MEAN> 25
 1.270181e+00 -9.874393e+00 3.379819e+00 -4.901826e+00 -6.000810e+00 -6.667646e+00 -3.023858e-01 9.281255e+00 3.262922e+00 -2.962447e+00 2.320821e-01 -3.345953e+00 -2.403717e-01 -7.682582e-02 1.377941e+00 9.290308e-03 -1.323719e+00 -8.461161e-01 1.647310e-01 6.203564e-01 -9.340211e-01 -2.576551e-01 1.094779e+00 6.843079e-01 1.013853e-01
<VARIANCE> 25
 1.270920e+01 3.445539e+01 5.255349e+01 2.719590e+01 4.919436e+01 4.284137e+01 4.891523e+01 4.865958e+01 5.989473e+01 5.380579e+01 6.885201e+01 2.904277e+01 3.641331e-01 1.846620e+00 2.379621e+00 1.460131e+00 2.323224e+00 2.452554e+00 2.429862e+00 3.934283e+00 2.774640e+00 2.376391e+00 3.510490e+00 1.991423e+00 6.873028e-01
<GCONST> 9.870271e+01
<STATE> 3
<MEAN> 25
 5.165881e-01 -4.591562e+00 1.014404e+01 -3.797763e+00 -1.074965e+01 -7.808486e+00 -2.147883e+00 5.309574e+00 -3.175978e+00 -1.529290e+00 5.850572e+00 1.477341e-01 1.838832e-01 9.424306e-01 -2.600726e-01 4.727532e-01 5.638602e-01 6.423809e-01 -1.707810e-01 -1.209910e+00 -6.558457e-01 4.393117e-01 -2.800114e-01 1.274332e-01 -8.106073e-01
<VARIANCE> 25
 1.297992e+01 2.911804e+01 4.800744e+01 3.150259e+01 4.373296e+01 5.029490e+01 6.160093e+01 5.409116e+01 5.002805e+01 5.673159e+01 5.676131e+01 1.811134e+01 5.556133e-01 1.335710e+00 3.339807e+00 1.610823e+00 2.974646e+00 2.335000e+00 2.679114e+00 3.943216e+00 4.730684e+00 2.761466e+00 2.952821e+00 2.187077e+00 6.553454e-01
<GCONST> 9.958939e+01
<STATE> 4
<MEAN> 25
 5.854800e-03 2.047693e+00 1.817517e+00 2.488163e+00 -2.076937e+00 -1.411330e+00 1.306507e+00 4.963781e-01 -3.298171e+00 -2.752550e-01 -7.026523e-01 3.228527e+00 -5.158553e-02 3.173746e-01 -3.637306e-01 1.929128e-01 4.419824e-01 3.804245e-01 1.215886e-01 -3.202755e-01 4.845859e-02 8.233031e-02 -1.987095e-01 9.471770e-02 -4.459525e-01
<VARIANCE> 25
 9.582853e+00 3.199850e+01 5.338733e+01 2.868707e+01 4.191155e+01 4.597588e+01 2.785279e+01 5.592439e+01 3.916931e+01 2.953015e+01 3.775923e+01 2.883973e+01 4.213573e-01 1.066182e+00 1.569206e+00 1.219813e+00 2.154054e+00 1.970746e+00 2.045205e+00 2.846532e+00 2.292223e+00 1.858292e+00 1.844406e+00 1.632466e+00 6.571086e-01
<GCONST> 9.315549e+01
<TRANSP> 5
 0.000000e+00 1.000000e+00 0.000000e+00 0.000000e+00 0.000000e+00
 0.000000e+00 7.582833e-01 2.417167e-01 0.000000e+00 0.000000e+00
 0.000000e+00 0.000000e+00 7.554523e-01 2.445477e-01 0.000000e+00
 0.000000e+00 0.000000e+00 0.000000e+00 8.567844e-01 1.432156e-01
 0.000000e+00 0.000000e+00 0.000000e+00 0.000000e+00 0.000000e+00
<ENDHMM>
~h "eu"
<BEGINHMM>
<NUMSTATES> 5
<STATE> 2
<MEAN> 25
 2.297487e+00 -9.229493e-01 -4.141555e-01 1.033327e-01 -1.166217e+00 -3.103464e+00 -2.017538e+00 -1.207735e-01 1.738001e+00 1.120095e+00 3.741264e-03 -8.075644e-01 1.043753e+00 -5.412754e-01 9.868547e-02 -2.970263e-01 -5.832765e-01 -5.600311e-01 -2.660457e-01 1.683077e-01 -2.089806e-02 1.591612e-01 -2.503806e-01 -3.784433e-01 9.074739e-01
<VARIANCE> 25
 4.390231e+01 5.086777e+01 4.608697e+01 5.022540e+01 6.390736e+01 7.204326e+01 6.015323e+01 6.137818e+01 5.778827e+01 4.999205e+01 4.423643e+01 3.560648e+01 4.379017e+00 5.254097e+00 4.249696e+00 5.246511e+00 5.723374e+00 6.649129e+00 5.671767e+00 6.337497e+00 5.815495e+00 5.057807e+00 4.432584e+00 3.628870e+00 4.968563e+00
<GCONST> 1.146083e+02
<STATE> 3
<MEAN> 25
 4.078842e+00 -2.163670e+00 -2.386722e-01 -5.754941e-01 -2.222583e+00 -4.291608e+00 -2.511831e+00 4.472846e-02 1.599794e+00 1.295214e+00 -4.050840e-01 -1.357070e+00 4.209027e-01 -1.082488e-01 8.037601e-02 1.253187e-01 -1.822469e-01 1.867653e-01 1.206705e-01 -4.098713e-02 -1.976106e-01 -6.097926e-02 -2.186555e-01 -1.208684e-01 5.248772e-02
<VARIANCE> 25
 2.876663e+01 4.636826e+01 4.467467e+01 4.845095e+01 5.644605e+01 6.256443e+01 5.760200e+01 6.572986e+01 5.751135e+01 5.222553e+01 4.571861e+01 3.459740e+01 2.365119e+00 3.830875e+00 3.168369e+00 4.274730e+00 4.374420e+00 4.891294e+00 4.679817e+00 5.349959e+00 4.800821e+00 4.281255e+00 3.878932e+00 3.109549e+00 3.090961e+00
<GCONST> 1.103401e+02
<STATE> 4
<MEAN> 25
 3.913209e+00 -1.880559e+00 4.001466e-01 -2.003458e-02 -2.394933e+00 -3.977893e+00 -1.514725e+00 5.440779e-01 6.732792e-01 8.737781e-01 -4.715326e-01 -1.243915e+00 -1.039018e-01 3.391023e-01 6.383739e-02 3.593325e-01 1.968015e-01 5.725582e-01 2.834313e-01 -2.412832e-01 -2.210414e-01 -1.729431e-01 -6.083290e-02 8.359347e-02 -4.785334e-01
<VARIANCE> 25
 2.841857e+01 4.920035e+01 4.609284e+01 4.842792e+01 5.445858e+01 6.142746e+01 5.679028e+01 6.631322e+01 6.144310e+01 5.210357e+01 4.497559e+01 3.363752e+01 1.284847e+00 2.494943e+00 2.214377e+00 2.886909e+00 2.983726e+00 3.264153e+00 3.270044e+00 3.576846e+00 3.419960e+00 3.063869e+00 2.880255e+00 2.264824e+00 1.778140e+00
<GCONST> 1.051985e+02
<TRANSP> 5
 0.000000e+00 1.000000e+00 0.000000e+00 0.000000e+00 0.000000e+00
 0.000000e+00 3.093616e-01 6.906385e-01 0.000000e+00 0.000000e+00
 0.000000e+00 0.000000e+00 2.116205e-01 7.883795e-01 0.000000e+00
 0.000000e+00 0.000000e+00 0.000000e+00 4.634489e-01 5.365511e-01
 0.000000e+00 0.000000e+00 0.000000e+00 0.000000e+00 0.000000e+00
<ENDHMM>
~h "kh"
<BEGINHMM>
<NUMSTATES> 5
<STATE> 2
<MEAN> 25
 -6.084697e+00 -7.366946e+00 -2.748796e+00 1.292597e+00 8.700619e+00 -1.262161e-01 -1.176502e+00 4.552861e+00 7.559308e-01 4.109473e+00 -1.014132e+00 -5.164949e-01 7.179594e-01 -8.106501e-01 6.680708e-02 -2.854742e-01 2.221047e-01 2.343193e-02 -2.938886e-01 -1.496459e-01 -3.569071e-01 1.254210e-02 2.032606e-01 -2.076448e-01 8.980883e-01
<VARIANCE> 25
 5.048015e+01 4.716834e+01 4.094992e+01 3.504266e+01 6.865159e+01 3.966433e+01 8.533427e+01 4.374519e+01 4.090834e+01 5.279388e+01 3.177530e+01 3.474543e+01 5.301658e+00 5.096877e+00 2.000256e+00 2.830562e+00 6.426201e+00 3.534186e+00 4.675251e+00 3.564205e+00 4.906147e+00 3.653547e+00 3.568157e+00 3.417400e+00 1.011190e+01
<GCONST> 1.104774e+02
<STATE> 3
<MEAN> 25
 1.227615e+00 -7.639615e+00 -1.341305e+00 1.024202e+00 3.104439e+00 3.505896e-01 3.514575e+00 2.326062e+00 -1.269881e+00 -1.748560e+00 -1.069621e-01 7.542175e-02 1.469962e-01 2.262038e-01 3.493523e-01 9.778783e-03 -6.593513e-01 5.430860e-01 1.315074e-01 -6.349484e-01 -4.255916e-01 -1.892264e-01 -1.654129e-02 -2.902055e-01 -3.262154e-01
<VARIANCE> 25
 1.221998e+01 4.389945e+01 2.361645e+01 2.160928e+01 4.247197e+01 4.339378e+01 4.043581e+01 6.121453e+01 2.723889e+01 2.633011e+01 3.476685e+01 3.297815e+01 2.143191e+00 2.550324e+00 1.963941e+00 2.381367e+00 3.442945e+00 4.597052e+00 2.704576e+00 4.171052e+00 2.747150e+00 2.525024e+00 2.581892e+00 1.616539e+00 2.853990e+00
<GCONST> 1.002605e+02
<STATE> 4
<MEAN> 25
 2.145913e+00 -1.058523e+01 -1.622996e+00 -8.157929e-01 2.380603e+00 5.874186e+00 2.972542e+00 -9.841735e-01 1.770566e+00 -2.052689e+00 -1.303962e-01 -9.280647e-01 -1.121610e-01 5.524554e-01 3.458848e-01 -2.433473e-01 -5.265228e-01 6.054132e-02 -2.228105e-01 -3.664856e-01 3.730060e-01 1.470060e-01 1.356546e-01 -1.021812e-01 -1.017462e-01
<VARIANCE> 25
 3.155612e+01 6.555621e+01 2.716315e+01 3.291708e+01 2.853070e+01 4.716475e+01 4.512717e+01 5.273036e+01 6.165502e+01 2.096585e+01 2.877598e+01 3.062982e+01 7.202638e-01 1.534263e+00 1.262992e+00 1.814085e+00 2.904429e+00 3.165325e+00 2.337628e+00 2.362885e+00 3.161729e+00 1.709658e+00 2.862449e+00 1.486587e+00 7.053524e-01
<GCONST> 9.694571e+01
<TRANSP> 5
 0.000000e+00 1.000000e+00 0.000000e+00 0.000000e+00 0.000000e+00
 0.000000e+00 7.296582e-01 2.703418e-01 0.000000e+00 0.000000e+00
 0.000000e+00 0.000000e+00 4.453551e-01 5.546449e-01 0.000000e+00
 0.000000e+00 0.000000e+00 0.000000e+00 6.811017e-01 3.188983e-01
 0.000000e+00 0.000000e+00 0.000000e+00 0.000000e+00 0.000000e+00
<ENDHMM>
~h "ng"
<BEGINHMM>
<NUMSTATES> 5
<STATE> 2
<MEAN> 25
 5.159652e+00 -9.641539e-01 -6.761509e-01 -1.702889e+00 -1.307149e+00 2.135703e+00 -4.201547e-02 -2.853415e+00 -2.259272e+00 7.205674e-01 -1.592785e+00 -2.704090e+00 -1.243112e-02 7.623519e-01 3.984382e-01 5.986493e-01 -2.465875e-01 2.301215e-01 3.120180e-01 -7.238796e-01 -3.683433e-01 8.082588e-04 -2.328337e-01 1.481688e-01 -6.583987e-01
<VARIANCE> 25
 1.730711e+01 3.484440e+01 3.693131e+01 3.518946e+01 4.453210e+01 4.860787e+01 4.247268e+01 4.508542e+01 4.615211e+01 4.341218e+01 3.522123e+01 3.271485e+01 4.741383e-01 1.237539e+00 1.981105e+00 1.908213e+00 2.390348e+00 2.288361e+00 2.429218e+00 2.975567e+00 2.817559e+00 2.426372e+00 2.482778e+00 1.991090e+00 6.403781e-01
<GCONST> 9.695691e+01
<STATE> 3
<MEAN> 25
 4.848699e+00 1.215796e+00 4.212356e-01 -2.645909e-01 -1.828087e+00 2.267695e+00 6.133258e-01 -3.918610e+00 -2.692857e+00 4.726654e-01 -2.100854e+00 -2.134219e+00 -1.567873e-01 5.745025e-01 2.033105e-01 3.995878e-01 6.926650e-02 -2.597237e-02 1.306515e-01 -1.208182e-01 -7.047447e-02 -1.108187e-01 -9.472433e-02 8.380564e-02 -4.702621e-01
<VARIANCE> 25
 1.709479e+01 3.242551e+01 3.282888e+01 3.276234e+01 4.143769e+01 4.464687e+01 4.047333e+01 4.433978e+01 4.414706e+01 4.082272e+01 3.090074e+01 2.922775e+01 4.433826e-01 1.166398e+00 1.423950e+00 1.575000e+00 1.960242e+00 1.903608e+00 2.034760e+00 2.485724e+00 2.307281e+00 2.039299e+00 1.948990e+00 1.684221e+00 6.264359e-01
<GCONST> 9.391903e+01
<STATE> 4
<MEAN> 25
 2.186410e+00 3.460957e+00 5.020125e-01 1.616784e+00 1.373785e-01 1.832396e+00 1.095147e+00 -2.353358e+00 -1.979742e+00 -4.897777e-01 -1.646636e+00 -8.277067e-01 -3.426946e-01 4.234196e-02 -5.378752e-02 1.337445e-01 2.999030e-01 -1.680381e-01 -1.173771e-02 3.193497e-01 1.881883e-01 -6.399167e-02 1.595988e-01 1.259419e-01 -2.042923e-01
<VARIANCE> 25
 2.784921e+01 3.359623e+01 3.012323e+01 3.845339e+01 4.138166e+01 3.712782e+01 3.813000e+01 4.199832e+01 4.272875e+01 3.663996e+01 3.016999e+01 3.189986e+01 6.483108e-01 1.235785e+00 1.414975e+00 1.635082e+00 2.064486e+00 2.010829e+00 2.066763e+00 2.517865e+00 2.347536e+00 2.146187e+00 1.947476e+00 1.690599e+00 6.669055e-01
<GCONST> 9.487772e+01
<TRANSP> 5
 0.000000e+00 1.000000e+00 0.000000e+00 0.000000e+00 0.000000e+00
 0.000000e+00 4.896554e-01 5.103447e-01 0.000000e+00 0.000000e+00
 0.000000e+00 0.000000e+00 4.878766e-01 5.121234e-01 0.000000e+00
 0.000000e+00 0.000000e+00 0.000000e+00 7.104385e-01 2.895615e-01
 0.000000e+00 0.000000e+00 0.000000e+00 0.000000e+00 0.000000e+00
<ENDHMM>
~h "ny"
<BEGINHMM>
<NUMSTATES> 5
<STATE> 2
<MEAN> 25
 2.732569e+00 5.022097e-01 8.121903e+00 -3.276846e+00 -5.380447e+00 -1.083684e+00 1.652362e-01 -1.183910e+00 -4.782998e+00 3.151299e-01 1.046451e+00 -3.774347e-01 -3.108259e-01 -1.101078e+00 8.762801e-01 -7.764579e-01 -9.792604e-01 -9.978670e-02 5.391753e-01 1.026660e+00 -4.903400e-01 -2.163225e-01 2.667401e-01 -1.397191e-01 8.520358e-01
<VARIANCE> 25
 1.938480e+01 4.703930e+01 5.127367e+01 6.760846e+01 4.809375e+01 5.309800e+01 5.063186e+01 6.677039e+01 4.555964e+01 5.316345e+01 4.120066e+01 3.817237e+01 1.364108e+00 3.591323e+00 4.046499e+00 5.271010e+00 3.830368e+00 4.600736e+00 4.168678e+00 6.069165e+00 3.698372e+00 4.253152e+00 3.395152e+00 2.691500e+00 1.599177e+00
<GCONST> 1.082240e+02
<STATE> 3
<MEAN> 25
 2.185160e+00 -4.903753e+00 7.678332e+00 -3.551231e+00 -7.653131e+00 -2.555152e+00 1.976368e+00 3.865908e+00 -4.452056e+00 -1.782561e+00 1.216108e+00 -7.040653e-01 1.056993e-01 -9.526956e-01 -8.228230e-01 4.004006e-01 3.394413e-01 -3.434361e-01 4.307796e-02 9.778793e-01 5.089486e-01 -6.827505e-01 -5.073503e-01 -3.894255e-02 3.439334e-01
<VARIANCE> 25
 2.040830e+01 3.669804e+01 4.456231e+01 4.917692e+01 5.040961e+01 5.025307e+01 5.930272e+01 7.837980e+01 4.765026e+01 5.433469e+01 3.903995e+01 3.557232e+01 5.595019e-01 2.135026e+00 2.215714e+00 2.492765e+00 2.790940e+00 2.857852e+00 2.756493e+00 3.522579e+00 3.091014e+00 2.767725e+00 2.602004e+00 1.997486e+00 7.992508e-01
<GCONST> 1.014415e+02
<STATE> 4
<MEAN> 25
 2.449304e+00 -6.168372e+00 3.832613e+00 -9.278386e-01 -3.641461e+00 -2.994198e+00 7.254413e-01 5.812936e+00 -3.225198e+00 -5.081307e+00 -1.395959e+00 -9.339857e-01 9.230091e-02 1.483710e-01 -8.059218e-01 4.414804e-01 7.906330e-01 8.439254e-02 -2.812227e-01 -3.841340e-02 4.835320e-01 -4.596178e-02 -4.622558e-01 -4.129049e-02 -4.246059e-01
<VARIANCE> 25
 1.888852e+01 4.281400e+01 3.119810e+01 5.244847e+01 5.009401e+01 4.707668e+01 5.491997e+01 6.776593e+01 5.297747e+01 5.445245e+01 4.532434e+01 3.029716e+01 4.437371e-01 1.472278e+00 1.504668e+00 1.809169e+00 2.092834e+00 1.962870e+00 2.206110e+00 2.365635e+00 2.234814e+00 2.152432e+00 1.984227e+00 1.603665e+00 7.755420e-01
<GCONST> 9.733724e+01
<TRANSP> 5
 0.000000e+00 1.000000e+00 0.000000e+00 0.000000e+00 0.000000e+00
 0.000000e+00 7.141545e-01 2.858454e-01 0.000000e+00 0.000000e+00
 0.000000e+00 0.000000e+00 5.110642e-01 4.889359e-01 0.000000e+00
 0.000000e+00 0.000000e+00 0.000000e+00 7.528011e-01 2.471989e-01
 0.000000e+00 0.000000e+00 0.000000e+00 0.000000e+00 0.000000e+00
<ENDHMM>
~h "sy"
<BEGINHMM>
<NUMSTATES> 5
<STATE> 2
<MEAN> 25
 -1.246196e+01 4.673903e+00 6.287127e+00 -1.022676e+00 1.665539e+00 -2.336117e+00 1.542151e+00 1.143327e+00 1.871379e+00 -4.026476e+00 4.979116e-01 2.737010e+00 -2.278499e+00 2.613103e-01 5.986463e-01 -1.696816e-01 -2.446283e-02 6.550612e-01 5.456759e-01 -2.930373e-01 3.203537e-01 1.960373e-02 2.087030e-01 3.566730e-01 1.402148e-01
<VARIANCE> 25
 1.008775e+02 4.088050e+01 4.903966e+01 3.110204e+01 3.123442e+01 4.642378e+01 6.428761e+01 5.738307e+01 4.331381e+01 3.377468e+01 3.410700e+01 2.811944e+01 6.404259e+00 4.439562e+00 1.877186e+00 2.770989e+00 4.106169e+00 3.300759e+00 3.475477e+00 1.595723e+00 2.544019e+00 3.599548e+00 2.794833e+00 2.296945e+00 7.564788e-01
<GCONST> 1.043590e+02
<STATE> 3
<MEAN> 25
 -1.485191e+01 -1.546352e+00 8.887605e+00 1.354015e+00 -3.648084e+00 1.773319e+00 -1.644040e+00 7.854760e-01 5.371346e+00 -3.406005e+00 1.999161e+00 5.167017e+00 2.598544e+00 -9.384134e-01 -5.778944e-01 6.451803e-01 -7.048766e-01 -1.136219e+00 -8.560426e-01 3.698623e-02 4.526908e-01 5.852665e-02 -5.687688e-01 -2.620363e-01 1.139575e-01
<VARIANCE> 25
 1.031982e+02 2.707031e+01 3.961485e+01 4.581369e+01 4.012941e+01 1.321600e+02 9.295984e+01 4.177426e+01 3.730252e+01 4.386341e+01 3.547009e+01 3.055160e+01 8.859862e+00 2.335566e+00 3.025789e+00 3.533720e+00 4.075057e+00 1.240842e+01 4.015309e+00 2.793923e+00 4.315021e+00 4.391940e+00 3.080406e+00 2.605513e+00 1.184267e+00
<GCONST> 1.095484e+02
<STATE> 4
<MEAN> 25
 -7.905849e+00 6.999952e+00 3.775988e+00 9.736818e+00 -6.016878e+00 5.677781e+00 4.814841e+00 4.841990e+00 3.524312e+00 -7.763448e-01 2.557331e+00 -7.128012e-02 5.563791e-01 1.177992e-01 -1.735359e-01 -2.210361e-01 -1.729222e-01 -1.088694e-02 -2.418509e-01 -1.660857e-01 -2.140585e-01 3.488407e-01 -4.128854e-02 -3.040816e-01 1.588081e-01
<VARIANCE> 25
 9.111949e+01 1.715265e+02 1.145214e+02 1.005715e+02 5.679387e+01 1.060859e+02 1.285331e+02 1.116099e+02 1.201502e+02 8.857654e+01 5.780708e+01 4.289249e+01 5.457488e+00 5.625891e+00 6.463677e+00 9.987764e+00 5.066641e+00 8.441106e+00 8.051071e+00 8.198452e+00 9.417060e+00 8.843487e+00 5.141433e+00 5.733572e+00 3.390923e+00
<GCONST> 1.248832e+02
<TRANSP> 5
 0.000000e+00 1.000000e+00 0.000000e+00 0.000000e+00 0.000000e+00
 0.000000e+00 8.137099e-01 1.862901e-01 0.000000e+00 0.000000e+00
 0.000000e+00 0.000000e+00 7.664806e-01 2.335194e-01 0.000000e+00
 0.000000e+00 0.000000e+00 0.000000e+00 8.884031e-01 1.115969e-01
 0.000000e+00 0.000000e+00 0.000000e+00 0.000000e+00 0.000000e+00
<ENDHMM>
~h "sil"
<BEGINHMM>
<NUMSTATES> 5
<STATE> 2
<MEAN> 25
 -5.994725e+00 1.860557e+00 -1.114595e+00 3.041014e+00 3.535878e+00 3.571934e+00 2.677506e+00 1.259263e+00 6.797072e-01 1.418594e-01 7.180290e-01 2.372792e+00 -8.813805e-02 1.891928e-02 -9.724068e-03 1.734650e-02 3.643828e-02 4.591667e-02 2.341466e-02 8.227479e-03 1.143563e-02 1.465198e-02 3.416678e-02 2.417190e-02 -9.077787e-02
<VARIANCE> 25
 3.009750e+01 2.190916e+01 2.001853e+01 2.413131e+01 2.741254e+01 2.504214e+01 2.354708e+01 2.742613e+01 2.849666e+01 3.087368e+01 2.543912e+01 2.034792e+01 2.053911e-01 3.911510e-01 5.733207e-01 7.725278e-01 1.033854e+00 1.179642e+00 1.294134e+00 1.443697e+00 1.490674e+00 1.483622e+00 1.395180e+00 1.271525e+00 1.301622e-01
<GCONST> 8.146510e+01
<STATE> 3
<MEAN> 25
 -8.701225e+00 3.173437e+00 -2.234844e+00 4.653125e+00 4.575916e+00 5.388286e+00 4.001424e+00 2.542028e+00 2.659279e+00 1.053286e+00 1.628582e+00 3.522313e+00 -2.509454e-02 -5.421656e-03 2.845710e-02 -3.535040e-02 -3.674515e-02 -6.747789e-02 -6.411591e-02 -4.439573e-02 -1.865225e-02 -8.873203e-03 -3.688612e-02 -5.907676e-02 1.045127e-02
<VARIANCE> 25
 4.790388e+01 2.852387e+01 3.020676e+01 3.693944e+01 4.004529e+01 3.445144e+01 2.850061e+01 3.512045e+01 3.874078e+01 3.651133e+01 3.014270e+01 2.253644e+01 6.790017e-01 9.577173e-01 1.082336e+00 1.364462e+00 1.837167e+00 1.700485e+00 1.796916e+00 1.919317e+00 1.882714e+00 1.898376e+00 1.710717e+00 1.504243e+00 7.172204e-01
<GCONST> 9.232134e+01
<STATE> 4
<MEAN> 25
 -4.983316e+00 1.822139e+00 -5.813854e-01 2.119808e-01 1.889291e+00 1.885761e+00 1.791014e+00 1.147718e+00 2.366161e-01 1.175065e+00 6.245201e-02 1.141370e+00 8.612017e-02 1.594773e-02 4.439032e-02 -3.497083e-02 9.283613e-03 -7.117555e-02 -3.610336e-02 -2.725699e-02 -3.917030e-02 8.611097e-04 -2.889536e-02 -4.275989e-02 1.180090e-01
<VARIANCE> 25
 6.902212e+01 4.842480e+01 5.200322e+01 6.584198e+01 6.379987e+01 5.462918e+01 4.299321e+01 4.809591e+01 4.843325e+01 4.837489e+01 3.635643e+01 3.280989e+01 1.526799e+00 1.741215e+00 1.908946e+00 2.222646e+00 2.862381e+00 2.627911e+00 2.343994e+00 2.743993e+00 2.671983e+00 2.403659e+00 2.162160e+00 1.835132e+00 1.830600e+00
<GCONST> 1.029786e+02
<TRANSP> 5
 0.000000e+00 1.000000e+00 0.000000e+00 0.000000e+00 0.000000e+00
 0.000000e+00 9.443102e-01 5.568982e-02 0.000000e+00 0.000000e+00
 0.000000e+00 0.000000e+00 6.345583e-01 3.654417e-01 0.000000e+00
 0.000000e+00 0.000000e+00 0.000000e+00 8.550283e-01 1.449717e-01
 0.000000e+00 0.000000e+00 0.000000e+00 0.000000e+00 0.000000e+00
<ENDHMM>
~h "sp"
<BEGINHMM>
<NUMSTATES> 3
<STATE> 2
<MEAN> 25
 -8.701225e+00 3.173437e+00 -2.234844e+00 4.653125e+00 4.575916e+00 5.388286e+00 4.001424e+00 2.542028e+00 2.659279e+00 1.053286e+00 1.628582e+00 3.522313e+00 -2.509454e-02 -5.421656e-03 2.845710e-02 -3.535040e-02 -3.674515e-02 -6.747789e-02 -6.411591e-02 -4.439573e-02 -1.865225e-02 -8.873203e-03 -3.688612e-02 -5.907676e-02 1.045127e-02
<VARIANCE> 25
 4.790388e+01 2.852387e+01 3.020676e+01 3.693944e+01 4.004529e+01 3.445144e+01 2.850061e+01 3.512045e+01 3.874078e+01 3.651133e+01 3.014270e+01 2.253644e+01 6.790017e-01 9.577173e-01 1.082336e+00 1.364462e+00 1.837167e+00 1.700485e+00 1.796916e+00 1.919317e+00 1.882714e+00 1.898376e+00 1.710717e+00 1.504243e+00 7.172204e-01
<GCONST> 9.232134e+01
<TRANSP> 3
 0.0 1.0 0.0
 0.0 0.9 0.1
 0.0 0.0 0.0
<ENDHMM>
