~o
<STREAMINFO> 1 25
<VECSIZE> 25<NULLD><MFCC_D_N_Z_0><DIAGC>
~s "silst"
<MEAN> 25
 -1.061331e+01 4.674257e+00 -1.953861e+00 2.083036e+00 6.636786e+00 5.349299e+00 5.248961e+00 4.218353e+00 1.577634e+00 4.279442e+00 4.545451e-01 3.233445e+00 -1.135100e-01 7.436679e-02 -6.230851e-04 1.202936e-02 7.904910e-02 1.598154e-02 1.929209e-02 5.164520e-02 1.355055e-02 2.024012e-02 2.900016e-02 -7.259651e-03 -1.268812e-01
<VARIANCE> 25
 4.670802e+01 3.231464e+01 3.591736e+01 5.000604e+01 4.056794e+01 3.377945e+01 2.427762e+01 3.528131e+01 3.655493e+01 4.743947e+01 2.864707e+01 2.648643e+01 2.062228e-01 3.987654e-01 5.426089e-01 6.966287e-01 9.552734e-01 1.071228e+00 1.160594e+00 1.341913e+00 1.349669e+00 1.355577e+00 1.223395e+00 1.143997e+00 1.240797e-01
<GCONST> 8.467386e+01
~h "@"
<BEGINHMM>
<NUMSTATES> 5
<STATE> 2
<MEAN> 25
 3.396043e+00 -8.695441e-01 -1.199635e+00 -8.115659e-01 -7.169866e-01 -3.083267e+00 -3.111097e+00 -1.223627e+00 1.754118e+00 1.281500e+00 -2.446677e-01 -1.392968e+00 1.414248e+00 -8.902065e-01 -2.337888e-01 -7.290967e-01 -6.702249e-01 -5.413623e-01 -8.731081e-01 2.621610e-01 4.605207e-01 3.835804e-01 -2.003445e-01 -6.549757e-01 1.177340e+00
<VARIANCE> 25
 3.696094e+01 4.529315e+01 4.633290e+01 4.894731e+01 5.727394e+01 7.067677e+01 5.526737e+01 5.842424e+01 5.833400e+01 5.220048e+01 4.563906e+01 3.446520e+01 4.017449e+00 4.623227e+00 4.358398e+00 4.909168e+00 5.622607e+00 6.045051e+00 5.750458e+00 6.563396e+00 6.289745e+00 5.280056e+00 4.954270e+00 3.823145e+00 3.042273e+00
<GCONST> 1.135630e+02
<STATE> 3
<MEAN> 25
 4.635000e+00 -2.599858e+00 -1.604947e+00 -1.752961e+00 -1.555137e+00 -3.664676e+00 -3.946238e+00 -7.417509e-01 2.497269e+00 1.809701e+00 -2.303553e-01 -1.938215e+00 8.202855e-01 -3.370652e-01 4.434668e-03 5.762810e-03 -3.473532e-01 1.868281e-01 -2.685860e-01 2.829006e-02 1.394991e-01 1.492434e-01 -1.947643e-01 -2.830171e-01 2.453864e-01
<VARIANCE> 25
 2.809688e+01 4.313405e+01 4.308157e+01 5.091124e+01 5.458625e+01 6.071705e+01 5.390695e+01 6.279164e+01 5.799303e+01 5.725833e+01 4.934062e+01 3.716775e+01 2.099583e+00 2.968160e+00 2.903717e+00 3.557166e+00 3.916394e+00 4.441650e+00 3.969868e+00 5.000289e+00 4.431588e+00 3.933043e+00 3.793481e+00 2.809839e+00 1.913073e+00
<GCONST> 1.084776e+02
<STATE> 4
<MEAN> 25
 5.163929e+00 -2.381724e+00 -1.625172e+00 -9.626460e-01 -1.229128e+00 -3.642497e+00 -4.003814e+00 5.272532e-02 2.694766e+00 1.355384e+00 -1.024766e+00 -2.396363e+00 -5.914686e-02 6.066166e-01 1.321262e-01 6.522622e-01 2.125438e-01 5.165196e-01 3.232107e-01 -2.361347e-01 -2.950051e-01 -1.866863e-01 -7.322554e-02 1.533083e-01 -7.904277e-01
<VARIANCE> 25
 2.415380e+01 4.541866e+01 4.518137e+01 5.477837e+01 5.465030e+01 5.619822e+01 5.114837e+01 6.666294e+01 5.839687e+01 6.211354e+01 4.967885e+01 3.846690e+01 1.038214e+00 2.105182e+00 1.888529e+00 2.639982e+00 2.809554e+00 3.190135e+00 2.997532e+00 3.309692e+00 3.349949e+00 3.172867e+00 2.921638e+00 2.275434e+00 1.625639e+00
<GCONST> 1.042971e+02
<TRANSP> 5
 0.000000e+00 1.000000e+00 0.000000e+00 0.000000e+00 0.000000e+00
 0.000000e+00 2.693299e-01 7.306701e-01 0.000000e+00 0.000000e+00
 0.000000e+00 0.000000e+00 1.603477e-02 9.839653e-01 0.000000e+00
 0.000000e+00 0.000000e+00 0.000000e+00 5.372121e-01 4.627880e-01
 0.000000e+00 0.000000e+00 0.000000e+00 0.000000e+00 0.000000e+00
<ENDHMM>
~h "a"
<BEGINHMM>
<NUMSTATES> 5
<STATE> 2
<MEAN> 25
 4.451592e+00 -5.856457e+00 -3.172459e+00 -3.402097e+00 -7.204337e-01 -1.304054e+00 -6.867057e-01 2.505395e+00 2.163923e+00 2.067395e-01 -1.850444e+00 -2.835926e+00 4.025739e-01 -1.278165e+00 -6.925117e-01 -6.830098e-01 4.297194e-01 3.310625e-01 1.146343e-01 8.476111e-01 4.303380e-01 -2.348426e-01 -6.852822e-01 -6.110379e-01 9.101267e-01
<VARIANCE> 25
 3.006504e+01 4.098424e+01 4.785116e+01 4.951012e+01 6.116102e+01 6.806590e+01 5.814478e+01 6.081069e+01 5.922806e+01 5.100981e+01 5.049709e+01 4.233786e+01 1.925590e+00 3.085463e+00 3.324112e+00 3.941855e+00 4.389724e+00 4.595344e+00 4.594749e+00 5.346441e+00 4.973508e+00 4.223155e+00 4.314144e+00 3.607483e+00 2.420884e+00
<GCONST> 1.102536e+02
<STATE> 3
<MEAN> 25
 4.953633e+00 -9.115982e+00 -4.198297e+00 -5.198290e+00 3.555315e-01 -8.703217e-01 -8.836927e-01 3.805971e+00 3.085928e+00 -3.306272e-01 -3.731532e+00 -4.198135e+00 5.003852e-03 3.474217e-01 -4.245887e-02 3.883134e-01 1.968667e-01 1.061117e-01 9.451082e-02 -1.785298e-01 -1.653833e-01 -7.147614e-02 -5.844137e-02 2.123517e-01 -4.485468e-01
<VARIANCE> 25
 2.028325e+01 3.006675e+01 4.026467e+01 3.951156e+01 5.883891e+01 6.067589e+01 5.208815e+01 5.749825e+01 6.158085e+01 5.227183e+01 5.483874e+01 4.411148e+01 4.341651e-01 1.538164e+00 1.344067e+00 1.742353e+00 2.143229e+00 2.463446e+00 2.289084e+00 2.565295e+00 2.316449e+00 2.405892e+00 2.369346e+00 1.977103e+00 9.524824e-01
<GCONST> 9.888000e+01
<STATE> 4
<MEAN> 25
 2.427762e+00 -3.003737e+00 -4.207880e+00 3.396970e-01 2.391854e+00 7.338873e-01 1.153158e+00 2.470906e+00 1.808572e+00 -8.659196e-01 -2.687077e+00 -8.845159e-01 -3.491080e-01 8.847620e-01 2.928204e-01 5.639057e-01 1.254600e-01 2.106859e-01 1.552345e-01 -3.346614e-01 -2.330047e-01 2.171608e-02 2.574259e-01 3.535588e-01 -9.376996e-01
<VARIANCE> 25
 2.682915e+01 3.163352e+01 3.364573e+01 4.185136e+01 4.447451e+01 4.757775e+01 4.019193e+01 4.218567e+01 4.144622e+01 4.254122e+01 4.133447e+01 3.321216e+01 6.457467e-01 1.259127e+00 1.365483e+00 1.740576e+00 2.096984e+00 2.173060e+00 2.200684e+00 2.507497e+00 2.429735e+00 2.277246e+00 2.217908e+00 1.910976e+00 7.427620e-01
<GCONST> 9.647417e+01
<TRANSP> 5
 0.000000e+00 1.000000e+00 0.000000e+00 0.000000e+00 0.000000e+00
 0.000000e+00 4.995831e-01 5.004168e-01 0.000000e+00 0.000000e+00
 0.000000e+00 0.000000e+00 6.745160e-01 3.254840e-01 0.000000e+00
 0.000000e+00 0.000000e+00 0.000000e+00 7.079397e-01 2.920603e-01
 0.000000e+00 0.000000e+00 0.000000e+00 0.000000e+00 0.000000e+00
<ENDHMM>
~h "b"
<BEGINHMM>
<NUMSTATES> 5
<STATE> 2
<MEAN> 25
 2.583861e+00 7.308240e+00 1.515207e+00 4.355676e+00 2.289422e+00 2.188323e+00 -3.523214e-02 -3.107468e+00 -2.658101e+00 -2.272508e+00 -1.122108e+00 -2.747290e-01 8.464216e-02 4.892165e-01 1.733739e-01 2.690817e-01 1.762427e-01 5.436574e-02 2.410148e-02 -1.870541e-01 -6.617910e-02 -2.220469e-01 -5.187165e-02 1.675355e-02 -1.409477e-01
<VARIANCE> 25
 2.939203e+01 2.681485e+01 2.418282e+01 2.864387e+01 2.860318e+01 3.067773e+01 3.338317e+01 3.442069e+01 3.304131e+01 3.082221e+01 2.764807e+01 2.575167e+01 1.394302e+00 2.181057e+00 1.711933e+00 2.363571e+00 2.052608e+00 2.561434e+00 2.543122e+00 2.567527e+00 2.499836e+00 2.579362e+00 2.308744e+00 1.832777e+00 1.530316e+00
<GCONST> 9.625278e+01
<STATE> 3
<MEAN> 25
 4.562610e+00 6.592332e+00 8.363979e-01 3.004920e+00 2.114038e+00 1.604414e+00 -1.432710e+00 -4.399369e+00 -2.915916e+00 -1.757138e+00 5.151194e-02 -6.002284e-02 6.107941e-01 -2.046503e+00 -8.154350e-01 -1.710564e+00 -9.995264e-01 -1.207170e+00 -1.571440e+00 -2.019759e-01 6.858046e-01 1.320928e+00 1.395297e+00 -1.251257e-01 2.228531e+00
<VARIANCE> 25
 2.199243e+01 3.655532e+01 2.803827e+01 4.058600e+01 3.302771e+01 3.525774e+01 3.444589e+01 3.743792e+01 3.628625e+01 3.626731e+01 3.652406e+01 2.900160e+01 2.597416e+00 4.611143e+00 4.374372e+00 6.816503e+00 4.640586e+00 5.845644e+00 5.385831e+00 5.448260e+00 5.992888e+00 7.080081e+00 4.948824e+00 3.798102e+00 2.441465e+00
<GCONST> 1.081750e+02
<STATE> 4
<MEAN> 25
 5.864899e+00 3.463406e-01 -1.513104e+00 -1.585538e+00 -8.728852e-01 -1.621969e+00 -6.197933e+00 -3.611187e+00 4.640988e-01 2.790617e+00 3.211565e+00 -1.990315e+00 1.489307e-01 -2.414628e+00 -2.213301e-01 -1.490266e+00 -1.378515e+00 -1.293681e+00 -9.464414e-01 1.207078e+00 1.414117e+00 1.057945e+00 3.454378e-01 -7.823557e-01 2.167429e+00
<VARIANCE> 25
 2.375708e+01 3.749872e+01 3.815530e+01 7.303677e+01 4.055150e+01 5.997119e+01 5.095179e+01 5.038787e+01 5.304029e+01 7.589757e+01 5.204029e+01 3.731656e+01 2.073667e+00 4.237011e+00 5.683125e+00 6.515224e+00 5.142778e+00 6.336107e+00 5.967426e+00 6.737703e+00 8.179111e+00 6.882692e+00 6.008334e+00 5.906946e+00 2.186764e+00
<GCONST> 1.135357e+02
<TRANSP> 5
 0.000000e+00 1.000000e+00 0.000000e+00 0.000000e+00 0.000000e+00
 0.000000e+00 6.804717e-01 3.195283e-01 0.000000e+00 0.000000e+00
 0.000000e+00 0.000000e+00 3.458947e-01 6.541053e-01 0.000000e+00
 0.000000e+00 0.000000e+00 0.000000e+00 2.656182e-01 7.343818e-01
 0.000000e+00 0.000000e+00 0.000000e+00 0.000000e+00 0.000000e+00
<ENDHMM>
~h "c"
<BEGINHMM>
<NUMSTATES> 5
<STATE> 2
<MEAN> 25
 -7.763398e+00 5.106016e+00 -9.244747e-02 1.376531e+00 3.300733e+00 -1.438779e-01 1.072184e+00 -7.022303e-01 7.544158e-01 -7.204897e-01 1.495669e+00 1.498845e+00 -2.139553e+00 3.404690e-01 8.846615e-03 -5.890111e-01 3.785060e-01 -1.690215e-01 4.702775e-01 1.254263e-01 3.151400e-01 2.344318e-02 4.579630e-01 1.004775e-01 5.246843e-01
<VARIANCE> 25
 8.659910e+01 4.046741e+01 4.145770e+01 4.488946e+01 4.421422e+01 5.008569e+01 4.244906e+01 4.768571e+01 4.187442e+01 3.397840e+01 3.507482e+01 2.763305e+01 5.604634e+00 4.280564e+00 3.587489e+00 3.886052e+00 4.388185e+00 5.102122e+00 3.606568e+00 4.266904e+00 3.553052e+00 3.072750e+00 2.919294e+00 2.155235e+00 6.356488e+00
<GCONST> 1.088240e+02
<STATE> 3
<MEAN> 25
 -1.324392e+01 1.950459e+00 5.079183e+00 -1.058327e+00 -5.066390e-01 -3.213237e-01 2.454808e+00 3.359390e-01 1.824121e+00 -1.701624e+00 2.368508e+00 2.218504e+00 1.715481e+00 -1.973917e+00 1.484292e+00 2.448342e-01 -2.300477e+00 -1.046163e+00 -6.971963e-01 2.951428e-01 3.778626e-01 -6.179701e-01 -2.246271e-01 1.123366e-01 1.743383e+00
<VARIANCE> 25
 6.157805e+01 9.134262e+01 6.839389e+01 5.126213e+01 7.214426e+01 8.618645e+01 5.446745e+01 5.501851e+01 4.272161e+01 4.538142e+01 3.980107e+01 3.414366e+01 1.009081e+01 7.586207e+00 5.382572e+00 5.986425e+00 5.533268e+00 7.776683e+00 6.277679e+00 5.959708e+00 5.458678e+00 5.029457e+00 3.623678e+00 3.246820e+00 3.769471e+00
<GCONST> 1.165680e+02
<STATE> 4
<MEAN> 25
 -1.096857e+00 -3.872561e+00 6.551828e+00 1.865624e+00 -4.707119e+00 -2.988935e+00 -2.696901e+00 -1.398843e+00 1.651488e+00 -4.115241e+00 2.789261e-01 1.838571e+00 3.604203e+00 -3.607787e-01 -1.153141e+00 -1.191022e-01 -4.588279e-01 -1.206339e+00 -1.229807e+00 -2.110398e-01 -2.903401e-01 3.083574e-01 -3.473061e-01 -7.466160e-01 1.090495e+00
<VARIANCE> 25
 5.073964e+01 8.883043e+01 7.194661e+01 5.040740e+01 6.610590e+01 1.226891e+02 6.208983e+01 8.044192e+01 5.150908e+01 4.660450e+01 3.474183e+01 3.116648e+01 6.047200e+00 9.676762e+00 8.089401e+00 5.404618e+00 7.844054e+00 8.545541e+00 6.198720e+00 7.617958e+00 6.383306e+00 5.906157e+00 5.063464e+00 3.706288e+00 2.447647e+00
<GCONST> 1.182082e+02
<TRANSP> 5
 0.000000e+00 1.000000e+00 0.000000e+00 0.000000e+00 0.000000e+00
 0.000000e+00 7.775187e-01 2.224813e-01 0.000000e+00 0.000000e+00
 0.000000e+00 0.000000e+00 5.635433e-01 4.364567e-01 0.000000e+00
 0.000000e+00 0.000000e+00 0.000000e+00 5.027698e-01 4.972302e-01
 0.000000e+00 0.000000e+00 0.000000e+00 0.000000e+00 0.000000e+00
<ENDHMM>
~h "d"
<BEGINHMM>
<NUMSTATES> 5
<STATE> 2
<MEAN> 25
 2.986218e+00 5.513043e+00 2.725249e+00 5.768054e+00 9.752880e-01 -1.742744e-02 -1.063004e+00 -1.202302e+00 -8.215821e-01 -2.637602e+00 -1.821376e+00 -2.629306e-01 -8.671607e-02 -1.804312e-02 5.908123e-01 3.362589e-01 -1.494540e-01 -2.548105e-01 -8.836471e-02 -1.256625e-01 -7.738878e-02 -3.103569e-01 1.289445e-01 1.038224e-01 2.447131e-01
<VARIANCE> 25
 3.987809e+01 5.339003e+01 3.795576e+01 4.680769e+01 5.934354e+01 5.593359e+01 4.904616e+01 4.824853e+01 4.627636e+01 4.125444e+01 4.407537e+01 3.359911e+01 3.322530e+00 6.406178e+00 3.380519e+00 4.798161e+00 5.183990e+00 6.070795e+00 5.020328e+00 5.119680e+00 4.706157e+00 4.460352e+00 4.125469e+00 3.255447e+00 4.897922e+00
<GCONST> 1.115946e+02
<STATE> 3
<MEAN> 25
 2.421748e+00 6.315064e-01 5.342929e+00 4.040529e+00 -2.016718e+00 -3.318531e+00 -1.866153e+00 -1.320252e+00 -8.824939e-01 -2.577755e+00 -1.436950e-01 1.263986e+00 -2.583582e-01 -2.576283e+00 1.165227e+00 -1.708575e+00 -2.314277e+00 -1.901285e+00 -9.238135e-01 4.707612e-01 2.339889e-02 7.023342e-01 1.515695e+00 4.598148e-01 2.765580e+00
<VARIANCE> 25
 2.313490e+01 4.694523e+01 4.090107e+01 4.670703e+01 5.676657e+01 5.456982e+01 5.271594e+01 4.903704e+01 4.674492e+01 3.947284e+01 3.960733e+01 3.486666e+01 3.079105e+00 4.457742e+00 5.277584e+00 5.448226e+00 5.495128e+00 5.781612e+00 7.100368e+00 8.417629e+00 7.374360e+00 6.357928e+00 5.410634e+00 3.631725e+00 2.930945e+00
<GCONST> 1.125673e+02
<STATE> 4
<MEAN> 25
 3.518645e+00 -3.632370e+00 6.774444e+00 1.720203e+00 -6.532816e+00 -6.388206e+00 -5.020959e+00 -8.602172e-01 -4.916771e-01 -1.736253e+00 2.268826e+00 1.006069e+00 1.022433e-01 -8.764293e-01 2.221149e-01 -1.293742e+00 -1.270792e+00 -5.941705e-01 -4.279676e-01 4.175742e-01 1.388500e-01 6.719931e-01 4.594866e-01 -4.289543e-01 1.208805e+00
<VARIANCE> 25
 3.149333e+01 4.409102e+01 6.143386e+01 7.785578e+01 8.135184e+01 6.846829e+01 8.340998e+01 9.432565e+01 8.203772e+01 7.611869e+01 5.717764e+01 3.862169e+01 1.570991e+00 2.652909e+00 5.579786e+00 4.291504e+00 5.670365e+00 4.942894e+00 5.615702e+00 6.251377e+00 5.980219e+00 5.252362e+00 5.429473e+00 3.802353e+00 2.133003e+00
<GCONST> 1.144177e+02
<TRANSP> 5
 0.000000e+00 1.000000e+00 0.000000e+00 0.000000e+00 0.000000e+00
 0.000000e+00 5.679588e-01 4.320412e-01 0.000000e+00 0.000000e+00
 0.000000e+00 0.000000e+00 3.348953e-01 6.651047e-01 0.000000e+00
 0.000000e+00 0.000000e+00 0.000000e+00 3.679957e-01 6.320043e-01
 0.000000e+00 0.000000e+00 0.000000e+00 0.000000e+00 0.000000e+00
<ENDHMM>
~h "e"
<BEGINHMM>
<NUMSTATES> 5
<STATE> 2
<MEAN> 25
 2.706908e+00 -3.768625e+00 1.929600e+00 2.315556e-01 -5.214252e+00 -6.420773e+00 5.692905e-01 2.551569e+00 -6.504462e-01 6.217906e-01 1.043825e+00 -1.626040e-01 8.178556e-01 -1.299909e+00 8.420497e-01 -7.048892e-01 -1.714004e+00 -1.124056e+00 4.768838e-01 1.161305e+00 -4.588208e-01 4.197619e-02 3.278004e-01 -3.643275e-01 1.605399e+00
<VARIANCE> 25
 3.982762e+01 4.643462e+01 5.711325e+01 4.551523e+01 7.060813e+01 6.722464e+01 6.402197e+01 6.669221e+01 6.260400e+01 5.071193e+01 4.811044e+01 3.281105e+01 3.565994e+00 4.055270e+00 5.114375e+00 4.665211e+00 5.869829e+00 6.560499e+00 5.832814e+00 6.496774e+00 6.236302e+00 5.403772e+00 4.867610e+00 3.398172e+00 3.730568e+00
<GCONST> 1.143536e+02
<STATE> 3
<MEAN> 25
 4.012629e+00 -6.860296e+00 3.325930e+00 -1.198081e+00 -8.618252e+00 -8.452257e+00 1.906046e+00 5.219708e+00 -1.769793e+00 8.349285e-02 2.059291e+00 -1.207366e+00 -1.349992e-02 -6.912220e-02 3.833383e-01 -8.550327e-02 -2.991433e-01 1.861158e-01 4.362902e-01 1.251070e-01 -2.900148e-01 3.811828e-02 1.076258e-01 -9.057441e-02 1.223081e-02
<VARIANCE> 25
 3.240347e+01 4.616415e+01 7.273003e+01 5.219806e+01 6.810315e+01 6.727320e+01 6.586656e+01 8.576276e+01 7.521218e+01 6.323337e+01 5.624693e+01 3.637429e+01 8.225555e-01 1.863775e+00 2.316764e+00 2.495843e+00 2.729705e+00 2.862217e+00 3.315590e+00 3.384021e+00 3.525481e+00 3.063251e+00 2.793680e+00 2.094687e+00 1.388726e+00
<GCONST> 1.057892e+02
<STATE> 4
<MEAN> 25
 2.581000e+00 -3.897628e+00 5.292182e+00 -4.995033e-01 -8.190048e+00 -6.765585e+00 2.866445e+00 3.820737e+00 -2.218217e+00 1.231940e+00 2.075394e+00 -4.811573e-01 -1.807705e-01 5.827178e-01 -2.125575e-01 3.638754e-01 6.545136e-01 5.013989e-01 6.599760e-02 -3.036190e-01 6.393380e-02 -9.557375e-02 -1.944718e-01 8.913803e-02 -6.412358e-01
<VARIANCE> 25
 2.430418e+01 3.710778e+01 5.218609e+01 4.730032e+01 5.152117e+01 5.327966e+01 5.707602e+01 5.820464e+01 5.345646e+01 4.356715e+01 4.169047e+01 2.858188e+01 4.704373e-01 1.073176e+00 1.258322e+00 1.371906e+00 1.971780e+00 1.821973e+00 2.124181e+00 1.946307e+00 1.934885e+00 1.795463e+00 1.739538e+00 1.407046e+00 6.309853e-01
<GCONST> 9.566550e+01
<TRANSP> 5
 0.000000e+00 1.000000e+00 0.000000e+00 0.000000e+00 0.000000e+00
 0.000000e+00 4.976527e-01 5.023473e-01 0.000000e+00 0.000000e+00
 0.000000e+00 0.000000e+00 5.370942e-01 4.629058e-01 0.000000e+00
 0.000000e+00 0.000000e+00 0.000000e+00 7.980332e-01 2.019668e-01
 0.000000e+00 0.000000e+00 0.000000e+00 0.000000e+00 0.000000e+00
<ENDHMM>
~h "f"
<BEGINHMM>
<NUMSTATES> 5
<STATE> 2
<MEAN> 25
 2.811001e-01 8.699943e-02 -1.715137e+00 2.573944e+00 2.605225e+00 1.190410e+00 1.919685e+00 1.877907e-01 1.187058e+00 -6.833829e-01 3.268663e-02 -3.336029e-03 -1.961616e+00 3.755335e-01 2.844725e-03 6.256300e-01 1.045231e+00 6.202063e-02 4.923961e-01 1.410744e-01 3.324292e-01 -3.289423e-01 -1.057433e-01 6.826846e-01 -8.743098e-01
<VARIANCE> 25
 3.706545e+01 3.121360e+01 3.507792e+01 3.448470e+01 4.003873e+01 5.503342e+01 3.948020e+01 5.806679e+01 3.374837e+01 4.618755e+01 3.538823e+01 3.169875e+01 2.514496e+00 3.397287e+00 2.958228e+00 2.500530e+00 4.100316e+00 4.140429e+00 4.123430e+00 4.015201e+00 3.902653e+00 3.227324e+00 3.396954e+00 2.410180e+00 1.292760e+00
<GCONST> 1.045855e+02
<STATE> 3
<MEAN> 25
 -6.335748e+00 1.405037e+00 -1.821024e+00 2.672987e+00 3.801027e+00 -1.065483e+00 3.790399e+00 -8.612865e-01 2.460712e+00 -4.266583e-01 -8.492984e-01 2.503184e+00 -1.177987e+00 -1.069693e-01 8.339053e-02 2.738959e-01 2.334441e-01 -1.165566e-01 3.233678e-01 1.772932e-01 2.609573e-01 -7.994352e-02 -1.188875e-01 2.913177e-01 -2.540593e-01
<VARIANCE> 25
 2.964893e+01 2.793891e+01 3.188338e+01 3.353455e+01 2.608622e+01 5.010543e+01 3.565673e+01 4.605263e+01 4.056074e+01 3.242192e+01 2.832618e+01 2.537461e+01 1.178565e+00 1.307194e+00 1.365594e+00 1.642140e+00 1.906845e+00 2.341796e+00 1.934966e+00 2.520559e+00 2.545197e+00 2.156305e+00 1.752630e+00 1.800683e+00 6.791458e-01
<GCONST> 9.476515e+01
<STATE> 4
<MEAN> 25
 -5.530353e+00 4.806955e-01 2.598682e-01 3.030840e+00 3.208194e+00 1.699019e+00 2.484940e+00 6.298518e-01 -5.843809e-01 -1.140415e+00 2.221147e-01 1.811114e+00 8.891018e-02 -4.497609e-02 1.282704e-01 -3.358542e-02 -1.365927e-01 -1.315472e-01 -1.547681e-01 -1.012824e-01 -6.443560e-02 3.202559e-02 2.131195e-02 -2.332272e-04 -6.514356e-02
<VARIANCE> 25
 2.608957e+01 1.868776e+01 1.992179e+01 2.029068e+01 2.129799e+01 3.141289e+01 2.224740e+01 2.658205e+01 2.947038e+01 2.322182e+01 2.184738e+01 2.270040e+01 7.450597e-01 6.806206e-01 1.038321e+00 1.191405e+00 1.439603e+00 1.965180e+00 1.742612e+00 1.788906e+00 2.056796e+00 1.778495e+00 1.631932e+00 1.487142e+00 3.185418e-01
<GCONST> 8.651170e+01
<TRANSP> 5
 0.000000e+00 1.000000e+00 0.000000e+00 0.000000e+00 0.000000e+00
 0.000000e+00 5.201303e-01 4.798697e-01 0.000000e+00 0.000000e+00
 0.000000e+00 0.000000e+00 5.612890e-01 4.387110e-01 0.000000e+00
 0.000000e+00 0.000000e+00 0.000000e+00 8.061623e-01 1.938377e-01
 0.000000e+00 0.000000e+00 0.000000e+00 0.000000e+00 0.000000e+00
<ENDHMM>
~h "g"
<BEGINHMM>
<NUMSTATES> 5
<STATE> 2
<MEAN> 25
 2.222858e+00 4.600322e+00 3.680203e+00 4.470048e+00 1.527863e+00 5.193876e-01 -1.819546e+00 -3.082781e+00 -1.796311e+00 -1.269593e+00 -1.043665e+00 -1.476175e+00 -3.841365e-02 -1.107726e-01 1.582136e-01 1.981651e-01 2.557975e-01 -5.087357e-01 -3.764274e-01 6.266803e-02 8.961965e-02 3.850888e-04 4.092355e-02 -8.041697e-02 4.023131e-01
<VARIANCE> 25
 4.311047e+01 6.583488e+01 4.945750e+01 5.998605e+01 7.010522e+01 6.175617e+01 5.705495e+01 5.696211e+01 5.159254e+01 4.707329e+01 3.496166e+01 3.112059e+01 4.471491e+00 6.818524e+00 4.690578e+00 5.257235e+00 6.688653e+00 6.874186e+00 5.691031e+00 5.476814e+00 5.005706e+00 4.812155e+00 3.591073e+00 3.198481e+00 5.059298e+00
<GCONST> 1.142741e+02
<STATE> 3
<MEAN> 25
 3.101254e+00 1.501844e+00 2.601459e+00 2.014159e+00 2.481468e-01 -4.991241e+00 -4.864040e+00 -9.119167e-01 -1.734322e+00 6.063412e-01 7.430480e-01 -1.484665e+00 2.145804e-01 -1.429768e+00 3.780131e-01 -1.384503e+00 -1.363484e+00 -1.787681e+00 -9.511373e-01 1.116621e+00 5.686580e-01 6.465370e-01 7.193197e-01 -2.097829e-01 1.953564e+00
<VARIANCE> 25
 2.626078e+01 4.746681e+01 5.119156e+01 4.984187e+01 6.695314e+01 6.433932e+01 6.556200e+01 5.639939e+01 5.197874e+01 5.440978e+01 4.911847e+01 3.689859e+01 2.638462e+00 4.280528e+00 5.327829e+00 5.277512e+00 8.065516e+00 5.953602e+00 6.239532e+00 6.479066e+00 6.657236e+00 6.404771e+00 5.294313e+00 4.342442e+00 2.518045e+00
<GCONST> 1.140959e+02
<STATE> 4
<MEAN> 25
 5.297658e+00 -7.398468e-01 3.802341e+00 -2.010819e-01 -5.425276e+00 -7.334528e+00 -5.240552e+00 1.487203e+00 9.942736e-01 -1.783478e+00 4.909398e-01 -1.897681e+00 9.382430e-02 -5.861356e-01 -1.436838e-01 -8.608409e-01 -5.924509e-01 7.881422e-02 2.082351e-01 3.058441e-01 3.485302e-01 2.446164e-01 -1.129062e-02 -1.528144e-01 6.687924e-01
<VARIANCE> 25
 3.589658e+01 5.830383e+01 5.654649e+01 6.504247e+01 7.541138e+01 8.156093e+01 7.814805e+01 8.663342e+01 8.345738e+01 1.187832e+02 6.801005e+01 4.635064e+01 1.086479e+00 2.839698e+00 3.812278e+00 3.350296e+00 4.177070e+00 4.056914e+00 4.158245e+00 4.685616e+00 4.957581e+00 4.091584e+00 4.028622e+00 2.980979e+00 1.640750e+00
<GCONST> 1.120697e+02
<TRANSP> 5
 0.000000e+00 1.000000e+00 0.000000e+00 0.000000e+00 0.000000e+00
 0.000000e+00 6.030980e-01 3.969020e-01 0.000000e+00 0.000000e+00
 0.000000e+00 0.000000e+00 4.294805e-01 5.705194e-01 0.000000e+00
 0.000000e+00 0.000000e+00 0.000000e+00 5.433704e-01 4.566296e-01
 0.000000e+00 0.000000e+00 0.000000e+00 0.000000e+00 0.000000e+00
<ENDHMM>
~h "h"
<BEGINHMM>
<NUMSTATES> 5
<STATE> 2
<MEAN> 25
 8.890130e-01 -1.543577e+00 1.238617e+00 1.087028e+00 3.287641e-02 5.116234e-01 1.625715e+00 -6.066047e-02 4.975799e-01 -2.960341e-01 -1.462655e-01 2.217996e-01 -7.007423e-01 2.568551e-01 -1.981224e-01 5.773412e-01 7.104458e-01 4.650740e-01 4.967080e-01 2.276825e-01 1.164662e-01 -1.131517e-01 1.374201e-01 3.099215e-01 -8.786588e-01
<VARIANCE> 25
 3.633726e+01 5.132843e+01 5.897216e+01 5.534700e+01 6.868721e+01 6.851282e+01 7.072739e+01 6.406632e+01 5.364795e+01 5.379311e+01 4.648783e+01 3.675756e+01 2.066706e+00 3.081288e+00 3.488523e+00 3.471889e+00 4.079028e+00 3.813977e+00 4.416396e+00 4.356764e+00 4.145351e+00 3.652286e+00 3.580055e+00 2.933068e+00 1.927590e+00
<GCONST> 1.096273e+02
<STATE> 3
<MEAN> 25
 -2.133161e+00 -2.876637e+00 -8.420778e-01 2.182478e+00 2.860016e+00 2.248229e+00 4.223681e+00 1.756763e+00 4.391049e-01 -7.036753e-01 -4.592724e-01 1.487107e+00 -4.398611e-01 3.054925e-01 -1.390048e-01 1.405605e-01 2.054986e-01 1.239782e-01 -4.523814e-02 9.479775e-03 2.732562e-02 8.057499e-02 5.067097e-02 1.147071e-01 -7.551392e-01
<VARIANCE> 25
 3.687028e+01 5.542609e+01 5.388255e+01 4.878372e+01 6.224370e+01 4.895309e+01 5.251772e+01 5.348101e+01 4.987712e+01 5.030578e+01 4.294915e+01 3.152275e+01 6.882313e-01 1.187974e+00 1.484551e+00 1.608110e+00 1.969241e+00 2.050554e+00 2.158671e+00 2.304342e+00 2.210384e+00 2.116839e+00 1.912059e+00 1.685177e+00 4.648461e-01
<GCONST> 9.806031e+01
<STATE> 4
<MEAN> 25
 -4.299875e+00 1.071030e+00 -6.603224e-01 2.840705e+00 3.221561e+00 2.465332e+00 1.770415e+00 2.424189e-01 -2.083671e-01 -4.941902e-01 -6.549378e-02 1.838083e+00 -7.727706e-02 4.817737e-02 -8.276410e-03 3.378889e-02 3.989693e-02 1.777743e-02 -1.577442e-02 -1.576210e-02 -7.412205e-03 -5.911449e-03 4.437427e-03 1.023832e-02 -1.061335e-01
<VARIANCE> 25
 3.333851e+01 2.379105e+01 2.319333e+01 2.587082e+01 2.867567e+01 2.668649e+01 2.599743e+01 2.589271e+01 2.626649e+01 2.447411e+01 2.318557e+01 2.208490e+01 2.178356e-01 4.462892e-01 6.878742e-01 8.462253e-01 1.159543e+00 1.277781e+00 1.372748e+00 1.546222e+00 1.564417e+00 1.581432e+00 1.467884e+00 1.324917e+00 1.310428e-01
<GCONST> 8.268906e+01
<TRANSP> 5
 0.000000e+00 1.000000e+00 0.000000e+00 0.000000e+00 0.000000e+00
 0.000000e+00 5.116819e-01 4.883181e-01 0.000000e+00 0.000000e+00
 0.000000e+00 0.000000e+00 6.831732e-01 3.168268e-01 0.000000e+00
 0.000000e+00 0.000000e+00 0.000000e+00 8.698149e-01 1.301851e-01
 0.000000e+00 0.000000e+00 0.000000e+00 0.000000e+00 0.000000e+00
<ENDHMM>
~h "i"
<BEGINHMM>
<NUMSTATES> 5
<STATE> 2
<MEAN> 25
 5.614266e-01 1.043946e+00 1.021965e+01 1.425135e-01 -7.185035e+00 -5.039425e+00 -1.920082e+00 -3.466094e+00 -4.526693e+00 -2.554853e-02 1.916551e+00 -3.589703e-01 3.553952e-01 -2.796103e-01 2.482673e+00 -1.155708e+00 -2.162996e+00 -5.012890e-01 -7.840585e-01 -2.986509e-01 -1.295482e+00 3.744597e-01 5.982510e-01 -3.513878e-01 1.149685e+00
<VARIANCE> 25
 3.010532e+01 4.155882e+01 6.144228e+01 7.302869e+01 7.321392e+01 6.686140e+01 5.672487e+01 5.840002e+01 5.897590e+01 5.269883e+01 4.903286e+01 3.722771e+01 3.596173e+00 3.192543e+00 5.151816e+00 6.509349e+00 6.015132e+00 6.377322e+00 6.166404e+00 5.696121e+00 5.997711e+00 5.671877e+00 5.962810e+00 3.885119e+00 2.016945e+00
<GCONST> 1.141709e+02
<STATE> 3
<MEAN> 25
 2.565777e-01 1.419340e+00 1.537857e+01 -2.272011e+00 -1.137580e+01 -4.786740e+00 -3.501361e+00 -3.964864e+00 -7.823731e+00 2.316394e-01 3.822688e+00 -1.538839e+00 3.713228e-02 9.990957e-02 3.920180e-02 -1.146724e-01 -4.089251e-02 9.160676e-02 -1.788832e-02 4.958256e-02 8.679387e-03 1.632753e-01 -5.765926e-02 1.097656e-02 -8.846520e-02
<VARIANCE> 25
 1.883050e+01 2.998741e+01 4.905680e+01 7.609354e+01 5.445836e+01 6.481674e+01 4.887326e+01 5.123339e+01 5.569002e+01 6.042692e+01 6.422327e+01 4.306919e+01 5.475990e-01 1.181620e+00 1.726151e+00 1.801035e+00 2.236613e+00 2.355009e+00 2.295219e+00 2.442508e+00 2.299239e+00 2.053805e+00 2.052012e+00 1.699075e+00 5.645269e-01
<GCONST> 9.886285e+01
<STATE> 4
<MEAN> 25
 4.031959e-01 3.485220e+00 1.029723e+01 -1.530935e-01 -5.597466e+00 -2.467910e+00 -2.771846e+00 -4.007956e+00 -3.739370e+00 4.177575e-01 5.608004e-01 5.743919e-01 -1.936744e-02 4.333219e-01 -1.368959e+00 8.314549e-01 1.236759e+00 5.171130e-01 3.748015e-01 1.955440e-01 6.095173e-01 -2.804341e-01 -2.944224e-01 2.510059e-01 -1.048475e+00
<VARIANCE> 25
 1.891059e+01 4.125998e+01 4.672067e+01 9.885883e+01 5.902376e+01 6.712701e+01 5.685097e+01 5.368888e+01 5.741492e+01 4.709124e+01 4.847781e+01 3.505820e+01 1.128352e+00 1.721050e+00 2.357095e+00 2.882104e+00 3.156893e+00 3.303522e+00 3.259833e+00 3.115988e+00 3.448511e+00 3.159456e+00 2.972587e+00 2.262503e+00 1.257103e+00
<GCONST> 1.044586e+02
<TRANSP> 5
 0.000000e+00 1.000000e+00 0.000000e+00 0.000000e+00 0.000000e+00
 0.000000e+00 5.380622e-01 4.619378e-01 0.000000e+00 0.000000e+00
 0.000000e+00 0.000000e+00 7.066034e-01 2.933966e-01 0.000000e+00
 0.000000e+00 0.000000e+00 0.000000e+00 7.225739e-01 2.774261e-01
 0.000000e+00 0.000000e+00 0.000000e+00 0.000000e+00 0.000000e+00
<ENDHMM>
~h "j"
<BEGINHMM>
<NUMSTATES> 5
<STATE> 2
<MEAN> 25
 -1.572500e+00 6.819312e+00 3.470416e+00 3.770774e+00 8.221520e-01 -1.206051e+00 1.058585e+00 -1.439647e+00 -1.176307e+00 -2.940042e+00 -4.653773e-01 3.451637e-01 -1.369080e+00 8.875675e-01 6.272743e-01 -2.703169e-01 1.929156e-01 -2.361784e-01 1.380860e-01 -5.498021e-01 8.935469e-02 -1.585133e-01 3.200279e-01 8.738443e-02 4.453177e-01
<VARIANCE> 25
 7.327707e+01 5.360493e+01 4.428278e+01 4.538971e+01 5.409689e+01 5.242442e+01 4.410699e+01 4.218187e+01 4.000535e+01 3.823038e+01 3.359150e+01 3.032691e+01 5.477072e+00 4.651850e+00 4.407643e+00 4.870975e+00 5.364535e+00 6.180586e+00 4.256190e+00 4.129775e+00 3.950219e+00 4.004354e+00 3.438639e+00 2.717159e+00 5.005182e+00
<GCONST> 1.108450e+02
<STATE> 3
<MEAN> 25
 -3.226992e+00 4.394608e+00 1.081910e+01 1.036030e+00 -4.832315e+00 -5.257567e+00 -1.342051e+00 -3.778137e+00 -2.656106e+00 -2.320817e+00 2.337255e+00 1.857728e+00 1.534857e+00 -2.179436e+00 1.499197e+00 -6.522233e-01 -2.763443e+00 -1.980479e+00 -1.345290e+00 3.982331e-01 -6.315700e-01 4.502631e-01 9.419559e-01 2.786710e-01 1.718928e+00
<VARIANCE> 25
 4.941745e+01 6.317893e+01 4.769017e+01 5.703442e+01 6.929091e+01 7.726063e+01 5.845465e+01 4.719932e+01 4.361356e+01 4.573189e+01 3.889334e+01 3.787336e+01 5.356175e+00 4.918128e+00 5.729661e+00 6.270583e+00 6.364854e+00 5.654852e+00 5.891808e+00 6.071698e+00 5.354023e+00 5.730622e+00 4.559525e+00 3.021389e+00 1.910876e+00
<GCONST> 1.140103e+02
<STATE> 4
<MEAN> 25
 2.013626e+00 -2.246509e+00 9.786538e+00 -1.064886e+00 -9.552570e+00 -9.472525e+00 -3.634729e+00 1.971985e+00 -1.744136e+00 -3.292859e-01 3.451427e+00 1.834178e+00 8.108069e-01 -1.043216e+00 -1.417702e+00 -2.345276e-01 4.568799e-01 2.698959e-01 -1.201044e-01 1.106097e+00 8.205128e-01 2.400502e-01 -5.102847e-01 -6.615607e-01 2.405164e-01
<VARIANCE> 25
 2.164167e+01 3.341546e+01 3.775566e+01 6.327317e+01 5.048305e+01 4.166684e+01 6.825748e+01 6.724011e+01 5.181664e+01 5.911846e+01 4.773089e+01 3.401614e+01 1.026587e+00 3.041338e+00 2.602013e+00 2.691519e+00 4.057545e+00 3.555872e+00 4.814260e+00 4.272618e+00 3.524302e+00 3.649913e+00 3.602567e+00 2.977486e+00 1.355307e+00
<GCONST> 1.058208e+02
<TRANSP> 5
 0.000000e+00 1.000000e+00 0.000000e+00 0.000000e+00 0.000000e+00
 0.000000e+00 7.384849e-01 2.615151e-01 0.000000e+00 0.000000e+00
 0.000000e+00 0.000000e+00 6.185458e-01 3.814543e-01 0.000000e+00
 0.000000e+00 0.000000e+00 0.000000e+00 6.323060e-01 3.676940e-01
 0.000000e+00 0.000000e+00 0.000000e+00 0.000000e+00 0.000000e+00
<ENDHMM>
~h "k"
<BEGINHMM>
<NUMSTATES> 5
<STATE> 2
<MEAN> 25
 -3.584051e+00 2.203611e+00 -2.655045e+00 2.445082e+00 2.588809e+00 3.402040e+00 1.535826e+00 6.118897e-01 1.121560e+00 7.350135e-01 1.934051e+00 1.604632e+00 -7.159290e-01 -2.285150e-01 -4.630953e-01 1.400177e-01 4.192347e-01 3.402014e-02 1.100729e-01 1.965707e-01 3.510241e-01 1.407771e-01 1.723204e-01 2.459881e-01 -3.383861e-01
<VARIANCE> 25
 4.810594e+01 5.329660e+01 4.992441e+01 6.254884e+01 6.517011e+01 6.556232e+01 5.221948e+01 4.972190e+01 5.191241e+01 4.366416e+01 4.813951e+01 3.535915e+01 2.585809e+00 3.851757e+00 3.662883e+00 4.386520e+00 4.989724e+00 5.020172e+00 4.524252e+00 4.282105e+00 4.500331e+00 3.739457e+00 3.604836e+00 2.934120e+00 4.076652e+00
<GCONST> 1.110774e+02
<STATE> 3
<MEAN> 25
 -3.171884e+00 -2.595617e+00 -4.646276e+00 1.231723e+00 4.028427e+00 4.690581e-01 5.408209e-01 1.649539e+00 2.781877e+00 1.808166e+00 2.129963e-01 1.507981e+00 7.752241e-01 -1.306876e+00 -4.614209e-01 -1.194516e+00 -1.216171e-01 -1.195419e+00 -3.374484e-01 9.695113e-02 9.016658e-02 3.102556e-01 -4.468945e-01 -3.584234e-01 2.296762e+00
<VARIANCE> 25
 3.681583e+01 6.759328e+01 6.848201e+01 6.894199e+01 9.725180e+01 7.128047e+01 6.891859e+01 6.044457e+01 6.205320e+01 5.290239e+01 4.016877e+01 3.405842e+01 4.966835e+00 8.125992e+00 6.701824e+00 7.795191e+00 9.702660e+00 7.950634e+00 7.447155e+00 6.750976e+00 6.828925e+00 6.613491e+00 5.143867e+00 4.466316e+00 6.501648e+00
<GCONST> 1.194560e+02
<STATE> 4
<MEAN> 25
 5.062603e-01 -2.255098e+00 -4.765040e+00 -2.527563e+00 2.435735e+00 -1.476777e+00 6.256554e-02 6.365011e-01 8.986071e-01 1.589249e+00 -9.663694e-01 -1.778876e-01 1.649252e+00 -4.308235e-02 7.491995e-01 -1.238738e+00 -1.450475e+00 -5.020105e-01 -3.900613e-01 -4.208927e-01 -7.439546e-01 -3.433557e-01 -1.803135e-01 -7.997260e-01 1.541466e+00
<VARIANCE> 25
 3.404411e+01 4.525980e+01 6.232397e+01 5.700665e+01 7.102364e+01 6.230401e+01 4.894294e+01 5.392256e+01 5.235904e+01 4.634761e+01 4.031559e+01 3.668583e+01 3.989377e+00 4.454081e+00 5.398951e+00 6.425430e+00 6.534283e+00 5.756836e+00 5.732374e+00 6.160748e+00 6.113073e+00 5.224288e+00 5.196281e+00 4.060662e+00 3.183047e+00
<GCONST> 1.141158e+02
<TRANSP> 5
 0.000000e+00 1.000000e+00 0.000000e+00 0.000000e+00 0.000000e+00
 0.000000e+00 6.474208e-01 3.525792e-01 0.000000e+00 0.000000e+00
 0.000000e+00 0.000000e+00 4.611631e-01 5.388370e-01 0.000000e+00
 0.000000e+00 0.000000e+00 0.000000e+00 3.358641e-01 6.641358e-01
 0.000000e+00 0.000000e+00 0.000000e+00 0.000000e+00 0.000000e+00
<ENDHMM>
~h "l"
<BEGINHMM>
<NUMSTATES> 5
<STATE> 2
<MEAN> 25
 5.799164e+00 -2.473737e+00 -1.869175e+00 -2.918660e+00 -1.585795e+00 -1.786219e+00 -4.809512e+00 -3.368241e+00 2.792711e+00 2.722982e+00 -3.024302e-01 -2.116085e+00 2.925592e-01 -2.495315e-01 -6.056242e-02 -1.257913e-01 -8.373670e-03 -9.003108e-02 -7.399227e-01 -2.965485e-01 4.868255e-01 6.073364e-01 -7.609712e-02 -2.245999e-01 1.607437e-01
<VARIANCE> 25
 2.707387e+01 3.859850e+01 4.586003e+01 6.394286e+01 5.693544e+01 8.231101e+01 6.746189e+01 7.959482e+01 6.294285e+01 6.865069e+01 5.415440e+01 4.267244e+01 1.146683e+00 2.466610e+00 2.852457e+00 4.165046e+00 4.057268e+00 5.293392e+00 4.859782e+00 5.672469e+00 4.982322e+00 4.626734e+00 4.295421e+00 3.535216e+00 1.314070e+00
<GCONST> 1.100693e+02
<STATE> 3
<MEAN> 25
 5.828097e+00 -2.904248e+00 -2.892489e+00 -5.297374e+00 -1.064784e+00 -3.981151e-01 -6.286702e+00 -3.646109e+00 4.708985e+00 5.380435e+00 -3.203273e-01 -2.792889e+00 -1.240774e-02 2.500786e-02 4.745431e-02 2.550432e-02 -3.001737e-03 -6.827477e-02 -4.335707e-02 1.697179e-01 -2.463128e-02 -7.551691e-02 -5.182236e-02 1.722935e-02 -4.828133e-02
<VARIANCE> 25
 1.930471e+01 2.952695e+01 3.574372e+01 5.747683e+01 4.477560e+01 6.840009e+01 5.444138e+01 5.571603e+01 5.382595e+01 5.243058e+01 4.881638e+01 3.756923e+01 2.520970e-01 9.026939e-01 1.229044e+00 1.614106e+00 1.659474e+00 2.294343e+00 2.138443e+00 2.536956e+00 2.213017e+00 2.147497e+00 2.115573e+00 1.689066e+00 3.226688e-01
<GCONST> 9.535799e+01
<STATE> 4
<MEAN> 25
 7.830104e+00 -2.801212e+00 -1.907770e+00 -9.884114e-01 -3.957627e+00 -5.581706e+00 -4.228021e+00 -4.415992e-01 1.967303e+00 -2.489644e+00 -1.061454e+00 -1.816345e+00 -1.640380e-01 6.297486e-02 1.519937e-01 -7.289768e-03 -2.478262e-02 6.187735e-02 3.608350e-01 2.605495e-01 -3.364587e-01 -2.324855e-01 5.514554e-02 9.613999e-02 -9.157833e-02
<VARIANCE> 25
 2.698857e+01 4.224654e+01 5.398365e+01 6.437906e+01 8.750471e+01 8.395959e+01 6.628582e+01 8.747018e+01 6.306106e+01 1.082837e+02 6.193257e+01 4.215888e+01 3.745453e-01 1.268271e+00 1.660308e+00 1.975936e+00 2.622433e+00 2.770764e+00 2.608052e+00 2.896091e+00 2.836819e+00 2.953313e+00 2.708713e+00 1.885863e+00 6.403441e-01
<GCONST> 1.031626e+02
<TRANSP> 5
 0.000000e+00 1.000000e+00 0.000000e+00 0.000000e+00 0.000000e+00
 0.000000e+00 4.080900e-01 5.919100e-01 0.000000e+00 0.000000e+00
 0.000000e+00 0.000000e+00 5.750034e-01 4.249966e-01 0.000000e+00
 0.000000e+00 0.000000e+00 0.000000e+00 5.719376e-01 4.280625e-01
 0.000000e+00 0.000000e+00 0.000000e+00 0.000000e+00 0.000000e+00
<ENDHMM>
~h "m"
<BEGINHMM>
<NUMSTATES> 5
<STATE> 2
<MEAN> 25
 5.766107e+00 7.139804e-01 -1.401083e+00 1.555708e-01 5.251147e-01 2.434270e+00 -1.347969e+00 -4.346522e+00 -3.488892e+00 1.264040e-01 3.436517e-01 -1.749899e+00 -1.512533e-01 9.497784e-01 9.173849e-01 1.474166e+00 3.201801e-01 5.562375e-01 3.727814e-01 -1.492038e+00 -1.424881e+00 -4.783193e-01 -4.660366e-01 1.418586e-01 -8.784147e-01
<VARIANCE> 25
 1.882112e+01 3.097738e+01 3.519030e+01 4.240278e+01 3.595404e+01 4.244682e+01 3.955068e+01 3.913393e+01 4.570906e+01 3.314011e+01 3.525699e+01 2.797908e+01 1.009785e+00 1.946061e+00 2.585804e+00 3.186056e+00 2.852314e+00 2.935231e+00 2.984633e+00 3.393435e+00 4.119169e+00 2.867901e+00 3.365950e+00 2.527099e+00 1.256506e+00
<GCONST> 1.005783e+02
<STATE> 3
<MEAN> 25
 4.922988e+00 1.807013e+00 9.834651e-01 2.770705e+00 8.135166e-01 3.454027e+00 -2.886054e-01 -7.047918e+00 -6.481985e+00 -1.001757e+00 -7.652278e-01 -1.369544e+00 -4.305670e-02 8.982624e-02 8.736423e-02 1.502164e-01 1.206117e-01 2.427951e-01 1.338604e-01 -1.988629e-01 -2.240058e-01 -2.317261e-01 -2.143869e-01 -1.001509e-01 -9.174767e-02
<VARIANCE> 25
 1.837016e+01 3.008547e+01 3.405677e+01 3.473242e+01 3.739388e+01 4.712700e+01 4.068440e+01 4.717514e+01 6.136396e+01 3.659226e+01 3.763870e+01 3.030603e+01 5.621696e-01 1.257721e+00 1.754264e+00 2.003848e+00 1.868642e+00 2.059953e+00 2.018879e+00 2.244852e+00 2.592523e+00 1.969567e+00 2.119748e+00 1.714054e+00 7.415754e-01
<GCONST> 9.551868e+01
<STATE> 4
<MEAN> 25
 3.834589e+00 2.427155e+00 3.396701e-01 1.796408e+00 7.422915e-01 2.356383e+00 -4.204189e-01 -4.535697e+00 -4.115865e+00 -1.116305e+00 -1.160749e+00 -1.137040e+00 4.702172e-02 -1.141117e-01 -3.423073e-01 -4.661762e-01 -1.799697e-01 -1.655084e-01 -3.457004e-02 5.195433e-01 4.746605e-01 1.498721e-01 1.654471e-01 -3.121299e-02 1.194973e-01
<VARIANCE> 25
 2.316840e+01 2.716625e+01 3.135390e+01 3.386144e+01 3.895725e+01 3.835605e+01 3.349091e+01 3.867937e+01 4.531690e+01 3.128148e+01 3.249181e+01 2.851106e+01 3.720139e-01 8.903021e-01 1.366780e+00 1.759656e+00 1.568411e+00 1.693746e+00 1.604970e+00 2.070476e+00 2.160414e+00 1.828740e+00 1.839504e+00 1.586769e+00 4.596256e-01
<GCONST> 9.154147e+01
<TRANSP> 5
 0.000000e+00 1.000000e+00 0.000000e+00 0.000000e+00 0.000000e+00
 0.000000e+00 4.779603e-01 5.220397e-01 0.000000e+00 0.000000e+00
 0.000000e+00 0.000000e+00 3.153850e-01 6.846150e-01 0.000000e+00
 0.000000e+00 0.000000e+00 0.000000e+00 6.952353e-01 3.047647e-01
 0.000000e+00 0.000000e+00 0.000000e+00 0.000000e+00 0.000000e+00
<ENDHMM>
~h "n"
<BEGINHMM>
<NUMSTATES> 5
<STATE> 2
<MEAN> 25
 4.969012e+00 -2.294999e+00 1.385552e+00 1.613038e+00 -2.319016e+00 -3.048291e+00 -1.743456e+00 -1.609312e-01 -9.880171e-01 -9.388219e-01 -2.532562e+00 -1.439777e+00 1.938828e-01 1.904966e+00 4.620146e-01 1.481788e+00 1.277526e-01 5.092186e-01 -2.950682e-01 -1.806623e+00 -3.618074e-01 4.515865e-02 -4.273944e-01 1.127449e-01 -1.609993e+00
<VARIANCE> 25
 1.704759e+01 4.020339e+01 3.548112e+01 3.524198e+01 4.248506e+01 4.365640e+01 4.554284e+01 6.377163e+01 5.311690e+01 4.801731e+01 4.274377e+01 3.518303e+01 1.093487e+00 1.919878e+00 2.876668e+00 2.667698e+00 3.762894e+00 3.986959e+00 3.824592e+00 4.836394e+00 4.263780e+00 4.065060e+00 3.794315e+00 3.127569e+00 9.338705e-01
<GCONST> 1.039307e+02
<STATE> 3
<MEAN> 25
 5.207834e+00 2.385863e+00 2.639261e+00 4.211693e+00 -2.402390e+00 -1.477923e+00 -1.779990e+00 -4.329608e+00 -1.871045e+00 -8.583729e-01 -3.711203e+00 -1.470607e+00 -1.007307e-01 9.399177e-01 1.042607e-01 3.414019e-01 2.831686e-01 2.662601e-01 9.274632e-02 -3.693001e-01 -2.257712e-01 -9.099560e-02 -4.864503e-02 5.700852e-02 -6.906769e-01
<VARIANCE> 25
 1.359364e+01 3.277227e+01 2.634215e+01 2.780598e+01 3.480096e+01 3.825384e+01 3.667668e+01 4.472755e+01 4.268781e+01 4.878976e+01 4.007413e+01 2.971542e+01 3.473716e-01 8.255838e-01 1.235824e+00 1.218325e+00 1.634290e+00 1.733408e+00 1.892513e+00 2.160952e+00 2.117289e+00 1.988822e+00 1.833224e+00 1.532118e+00 3.404312e-01
<GCONST> 9.096579e+01
<STATE> 4
<MEAN> 25
 -3.558533e-01 3.765360e+00 1.422594e+00 4.691257e+00 1.888336e+00 1.017849e+00 4.053035e-01 -1.750685e+00 -1.242721e+00 -1.109053e+00 -1.371815e+00 7.071115e-01 -3.375302e-01 -6.793285e-02 -8.048598e-02 -3.783036e-02 2.125400e-01 1.404436e-01 1.354387e-01 2.197722e-01 8.288080e-02 1.858115e-02 1.778026e-01 9.449220e-02 -1.928302e-01
<VARIANCE> 25
 2.982329e+01 2.361356e+01 2.584463e+01 2.535077e+01 3.495766e+01 3.155505e+01 3.194217e+01 3.555870e+01 3.292444e+01 3.170137e+01 3.009318e+01 2.643780e+01 5.466584e-01 8.518236e-01 1.023288e+00 1.200120e+00 1.609612e+00 1.745992e+00 1.825698e+00 2.139896e+00 1.983814e+00 2.019121e+00 1.852579e+00 1.583323e+00 4.135012e-01
<GCONST> 9.007745e+01
<TRANSP> 5
 0.000000e+00 1.000000e+00 0.000000e+00 0.000000e+00 0.000000e+00
 0.000000e+00 5.186710e-01 4.813290e-01 0.000000e+00 0.000000e+00
 0.000000e+00 0.000000e+00 6.396568e-01 3.603432e-01 0.000000e+00
 0.000000e+00 0.000000e+00 0.000000e+00 7.572033e-01 2.427967e-01
 0.000000e+00 0.000000e+00 0.000000e+00 0.000000e+00 0.000000e+00
<ENDHMM>
~h "o"
<BEGINHMM>
<NUMSTATES> 5
<STATE> 2
<MEAN> 25
 4.976232e+00 5.632596e-01 -4.683517e+00 -6.285631e+00 -1.298203e+00 1.050190e+00 -1.572840e+00 -3.136218e-01 1.203920e+00 1.222012e+00 1.031104e+00 -1.127321e+00 1.464221e+00 -4.464896e-01 -9.825387e-01 -2.019192e+00 -5.134949e-01 7.828522e-01 -2.179352e-01 -1.553982e-01 -3.082606e-02 3.961447e-01 5.589240e-01 -4.869036e-01 1.352924e+00
<VARIANCE> 25
 4.009682e+01 4.036049e+01 4.052121e+01 7.748321e+01 6.395249e+01 8.683879e+01 5.663857e+01 5.583240e+01 5.268551e+01 5.489246e+01 4.382840e+01 3.736692e+01 4.417747e+00 3.510669e+00 3.604819e+00 6.779758e+00 5.771035e+00 6.439926e+00 5.059711e+00 5.040452e+00 4.999364e+00 4.681202e+00 4.170988e+00 3.525581e+00 3.791852e+00
<GCONST> 1.134057e+02
<STATE> 3
<MEAN> 25
 7.311321e+00 -1.432511e+00 -6.962350e+00 -1.027704e+01 -1.505009e+00 4.730788e+00 -2.401809e+00 -2.010442e+00 1.459707e+00 2.242579e+00 2.889834e+00 -1.897263e+00 -4.565606e-02 2.490354e-01 -1.304390e-01 1.759354e-01 2.889476e-01 3.597712e-01 2.597453e-01 -5.340336e-02 -1.798882e-01 -6.039036e-02 -2.857988e-02 1.278629e-01 -4.297617e-01
<VARIANCE> 25
 2.321325e+01 3.412400e+01 3.645179e+01 6.902618e+01 7.140593e+01 1.002350e+02 5.669748e+01 6.202795e+01 6.934631e+01 6.875182e+01 5.464835e+01 4.287532e+01 7.757002e-01 1.882574e+00 1.612127e+00 3.644377e+00 2.780038e+00 3.605407e+00 3.192154e+00 3.138825e+00 3.694539e+00 3.367597e+00 2.968356e+00 2.595026e+00 1.599865e+00
<GCONST> 1.055136e+02
<STATE> 4
<MEAN> 25
 5.534667e+00 1.288453e+00 -6.479233e+00 -9.006878e+00 -2.831247e-01 5.122343e+00 4.932503e-01 -1.130848e+00 -2.779062e-01 1.197894e+00 1.915247e+00 -2.342130e-01 -3.378525e-01 1.529341e-01 3.230310e-01 7.078207e-01 2.168357e-01 -1.989908e-01 9.723242e-02 3.296528e-02 -5.729634e-03 -1.152871e-01 -2.141422e-01 5.921607e-02 -4.025858e-01
<VARIANCE> 25
 2.969874e+01 2.731552e+01 2.735259e+01 5.881527e+01 4.160834e+01 5.018586e+01 4.083412e+01 3.691004e+01 3.692202e+01 4.092368e+01 3.402692e+01 3.101511e+01 4.548054e-01 7.822846e-01 9.924199e-01 1.767035e+00 1.463463e+00 1.681764e+00 1.683791e+00 1.630241e+00 1.792300e+00 1.837918e+00 1.586158e+00 1.470185e+00 4.220024e-01
<GCONST> 9.188766e+01
<TRANSP> 5
 0.000000e+00 1.000000e+00 0.000000e+00 0.000000e+00 0.000000e+00
 0.000000e+00 5.318120e-01 4.681881e-01 0.000000e+00 0.000000e+00
 0.000000e+00 0.000000e+00 6.742612e-01 3.257388e-01 0.000000e+00
 0.000000e+00 0.000000e+00 0.000000e+00 7.862047e-01 2.137953e-01
 0.000000e+00 0.000000e+00 0.000000e+00 0.000000e+00 0.000000e+00
<ENDHMM>
~h "p"
<BEGINHMM>
<NUMSTATES> 5
<STATE> 2
<MEAN> 25
 -3.126656e+00 3.054417e+00 -2.590214e+00 2.082427e+00 3.059387e+00 3.543248e+00 2.122000e+00 3.354715e-01 1.171692e+00 4.585362e-01 1.351347e+00 1.673887e+00 -7.708378e-01 -1.573720e-01 5.466255e-02 1.118124e-01 3.988199e-02 -5.631641e-03 2.148494e-01 1.505881e-01 2.587378e-01 5.432586e-02 2.093361e-01 2.582831e-01 -3.862572e-01
<VARIANCE> 25
 4.461697e+01 2.405071e+01 2.802531e+01 3.234388e+01 2.857661e+01 3.111288e+01 2.892176e+01 3.100729e+01 3.607368e+01 3.000351e+01 2.955288e+01 2.560474e+01 2.267889e+00 1.997832e+00 1.698890e+00 2.178096e+00 2.151405e+00 2.666808e+00 2.271034e+00 2.437376e+00 2.663590e+00 2.308516e+00 2.188781e+00 1.902369e+00 2.875964e+00
<GCONST> 9.751620e+01
<STATE> 3
<MEAN> 25
 -2.179658e+00 9.781392e-01 -2.402072e+00 1.807865e+00 2.187728e+00 2.032667e+00 1.660342e+00 -3.554953e-01 1.636560e+00 6.733514e-01 9.553642e-01 1.353695e+00 1.782863e+00 -1.701721e+00 -3.739447e-01 -1.417647e+00 -1.058245e+00 -8.594908e-01 -7.168118e-01 -3.394648e-01 1.631117e-01 4.096452e-01 1.945104e-01 -6.910411e-01 3.045228e+00
<VARIANCE> 25
 3.299437e+01 3.636263e+01 3.094236e+01 3.743843e+01 3.475938e+01 4.249852e+01 3.337089e+01 3.649076e+01 3.616563e+01 3.071219e+01 2.956206e+01 2.459012e+01 5.896103e+00 6.345160e+00 5.704331e+00 6.818109e+00 5.502878e+00 7.327985e+00 5.356311e+00 4.965278e+00 5.416105e+00 5.196166e+00 4.925157e+00 3.972533e+00 5.178085e+00
<GCONST> 1.103119e+02
<STATE> 4
<MEAN> 25
 3.940066e+00 -2.359705e+00 -4.503892e+00 -2.689294e+00 -1.132356e+00 5.582935e-01 -1.069286e+00 -1.438212e+00 1.529572e+00 1.349911e+00 1.341233e+00 -1.361234e+00 1.834591e+00 -1.562799e+00 -3.040786e-01 -1.536883e+00 -1.143686e+00 -7.722155e-01 -9.566215e-01 -5.057360e-02 -1.150807e-02 1.296829e-01 1.997061e-02 -1.092180e+00 2.649175e+00
<VARIANCE> 25
 3.678049e+01 5.220335e+01 5.333044e+01 7.072265e+01 4.785135e+01 7.110201e+01 4.335310e+01 4.548784e+01 4.417054e+01 4.362980e+01 3.698190e+01 3.482592e+01 3.988489e+00 5.903170e+00 7.705680e+00 7.381927e+00 7.222106e+00 8.942366e+00 6.065554e+00 6.500006e+00 7.201292e+00 6.407626e+00 6.132310e+00 5.003341e+00 4.168602e+00
<GCONST> 1.159112e+02
<TRANSP> 5
 0.000000e+00 1.000000e+00 0.000000e+00 0.000000e+00 0.000000e+00
 0.000000e+00 7.525526e-01 2.474474e-01 0.000000e+00 0.000000e+00
 0.000000e+00 0.000000e+00 3.652226e-01 6.347774e-01 0.000000e+00
 0.000000e+00 0.000000e+00 0.000000e+00 2.589577e-01 7.410423e-01
 0.000000e+00 0.000000e+00 0.000000e+00 0.000000e+00 0.000000e+00
<ENDHMM>
~h "r"
<BEGINHMM>
<NUMSTATES> 5
<STATE> 2
<MEAN> 25
 4.980977e+00 -4.992283e+00 -2.253410e+00 5.139505e-01 -3.499564e+00 -3.242400e+00 -2.934192e+00 2.741274e-01 4.175452e+00 1.065391e+00 -5.163100e-02 -1.433708e+00 -8.799820e-02 3.754156e-01 2.375655e-01 1.297607e+00 6.104988e-02 -1.922833e-01 -2.345291e-01 -2.134350e-01 1.876405e-01 -4.333223e-01 4.955261e-02 4.564193e-01 -8.437662e-01
<VARIANCE> 25
 2.579019e+01 3.439501e+01 4.298672e+01 3.819160e+01 4.877005e+01 5.357866e+01 5.497192e+01 6.269083e+01 6.513668e+01 5.221331e+01 4.839996e+01 3.705423e+01 2.067259e+00 2.961955e+00 2.876083e+00 3.758769e+00 4.383435e+00 4.286824e+00 4.326255e+00 4.513996e+00 4.906985e+00 4.386176e+00 4.134492e+00 3.464020e+00 1.950422e+00
<GCONST> 1.082721e+02
<STATE> 3
<MEAN> 25
 4.289848e+00 -3.138762e+00 -1.676605e+00 3.087593e+00 -2.067005e+00 -3.465519e+00 -2.860331e+00 -4.161334e-01 3.575432e+00 3.206841e-01 -2.851313e-03 -1.017621e-01 -3.877123e-01 6.156921e-01 4.533900e-01 6.910855e-01 3.786045e-01 5.751831e-02 1.639542e-01 -1.594772e-01 -4.059208e-01 -4.457773e-01 -3.006744e-02 4.325597e-01 -7.466354e-01
<VARIANCE> 25
 2.345633e+01 3.082057e+01 4.133244e+01 3.446297e+01 4.799335e+01 4.919529e+01 4.744304e+01 5.440508e+01 5.429866e+01 4.820879e+01 3.718188e+01 3.047833e+01 1.726076e+00 2.414003e+00 2.602834e+00 2.477913e+00 3.421411e+00 3.644995e+00 3.320000e+00 4.027853e+00 3.895720e+00 3.579098e+00 3.637791e+00 3.014097e+00 1.382683e+00
<GCONST> 1.040790e+02
<STATE> 4
<MEAN> 25
 2.473490e+00 -9.388552e-01 -6.693345e-01 4.047720e+00 -6.471950e-01 -2.512969e+00 -1.599498e+00 -1.547330e-01 2.088728e+00 -7.616161e-01 -3.341623e-01 5.571457e-01 -2.315627e-01 3.769372e-01 2.499196e-01 -5.456629e-02 1.017437e-01 2.791027e-01 2.527556e-01 -4.958778e-02 -4.658446e-01 -5.437951e-02 4.273826e-02 1.895604e-02 -3.501513e-01
<VARIANCE> 25
 2.632980e+01 3.486765e+01 3.794540e+01 3.232831e+01 4.169740e+01 4.927141e+01 4.070415e+01 4.901149e+01 4.300095e+01 4.439082e+01 3.278013e+01 2.803128e+01 1.035100e+00 1.644975e+00 1.830996e+00 1.599045e+00 2.457801e+00 2.673115e+00 2.461505e+00 2.847916e+00 2.844113e+00 2.449689e+00 2.318112e+00 2.013777e+00 8.726107e-01
<GCONST> 9.826691e+01
<TRANSP> 5
 0.000000e+00 1.000000e+00 0.000000e+00 0.000000e+00 0.000000e+00
 0.000000e+00 3.663731e-01 6.336269e-01 0.000000e+00 0.000000e+00
 0.000000e+00 0.000000e+00 9.731600e-02 9.026840e-01 0.000000e+00
 0.000000e+00 0.000000e+00 0.000000e+00 5.887493e-01 4.112506e-01
 0.000000e+00 0.000000e+00 0.000000e+00 0.000000e+00 0.000000e+00
<ENDHMM>
~h "s"
<BEGINHMM>
<NUMSTATES> 5
<STATE> 2
<MEAN> 25
 -5.730160e+00 5.042188e+00 6.364911e-02 2.077697e+00 3.190053e+00 -4.627266e+00 2.623698e+00 4.802920e-01 1.077947e+00 -1.733345e+00 1.955703e-01 1.082870e+00 -3.417362e+00 1.991099e+00 -8.334179e-01 4.290662e-01 1.445861e+00 -2.959875e-01 1.269931e+00 2.835094e-01 4.111058e-01 -4.516865e-01 6.334643e-01 4.158147e-01 -4.042363e-02
<VARIANCE> 25
 6.804852e+01 5.051451e+01 5.887801e+01 5.022132e+01 7.183763e+01 6.522841e+01 6.976295e+01 6.129164e+01 4.920286e+01 4.505540e+01 4.428540e+01 3.440658e+01 3.594456e+00 3.910430e+00 4.289647e+00 4.602526e+00 4.512963e+00 4.632617e+00 4.715251e+00 4.955208e+00 4.134288e+00 4.342829e+00 3.835346e+00 3.063570e+00 1.316025e+00
<GCONST> 1.113706e+02
<STATE> 3
<MEAN> 25
 -1.492819e+01 7.367081e+00 -2.940175e+00 1.879684e+00 6.360748e+00 -3.054559e+00 5.064200e+00 1.856993e+00 1.645186e+00 -1.189087e+00 1.312924e+00 2.666361e+00 1.864840e-02 -3.609658e-01 6.049604e-02 3.035512e-02 -1.493702e-01 1.490318e-01 -2.814626e-02 6.536733e-02 4.951372e-02 4.352496e-02 -4.260573e-03 7.376306e-02 -3.357299e-01
<VARIANCE> 25
 5.312955e+01 4.149881e+01 4.067224e+01 5.635020e+01 4.485803e+01 5.504397e+01 4.260215e+01 4.598984e+01 3.725593e+01 4.057889e+01 3.186546e+01 2.967466e+01 2.718312e+00 1.593596e+00 1.807910e+00 1.618729e+00 1.948301e+00 2.300306e+00 2.257472e+00 2.329940e+00 2.211526e+00 2.122667e+00 1.937602e+00 1.710790e+00 7.630836e-01
<GCONST> 9.912158e+01
<STATE> 4
<MEAN> 25
 -6.569273e+00 4.407227e-02 3.709951e+00 2.614141e+00 1.422516e-01 1.020480e+00 2.356345e+00 2.148064e-01 2.199611e+00 -1.819078e+00 1.691131e+00 2.687032e+00 2.227714e+00 -9.355794e-01 3.445483e-01 -3.834747e-01 -1.014171e+00 -1.555047e-01 -9.475105e-01 -5.055472e-01 -1.227165e-01 5.143701e-02 -4.658951e-01 -3.753994e-01 5.317686e-01
<VARIANCE> 25
 8.468404e+01 1.295161e+02 1.391888e+02 7.208038e+01 8.360360e+01 1.311219e+02 6.926903e+01 6.996636e+01 5.268940e+01 5.075941e+01 4.822005e+01 3.744130e+01 8.574889e+00 7.272563e+00 8.325978e+00 5.422119e+00 5.898901e+00 7.097769e+00 5.917777e+00 5.559020e+00 5.337864e+00 5.135077e+00 4.355769e+00 3.744257e+00 3.419813e+00
<GCONST> 1.201445e+02
<TRANSP> 5
 0.000000e+00 1.000000e+00 0.000000e+00 0.000000e+00 0.000000e+00
 0.000000e+00 6.691813e-01 3.308187e-01 0.000000e+00 0.000000e+00
 0.000000e+00 0.000000e+00 8.061337e-01 1.938663e-01 0.000000e+00
 0.000000e+00 0.000000e+00 0.000000e+00 6.977929e-01 3.022071e-01
 0.000000e+00 0.000000e+00 0.000000e+00 0.000000e+00 0.000000e+00
<ENDHMM>
~h "t"
<BEGINHMM>
<NUMSTATES> 5
<STATE> 2
<MEAN> 25
 -3.425284e+00 3.062979e+00 -1.073047e+00 3.416027e+00 1.895746e+00 1.349133e+00 1.708192e+00 3.158458e-01 1.422372e+00 -1.718808e-01 1.023938e+00 2.300329e+00 -9.043481e-01 -1.256455e-01 -3.228883e-01 -1.054249e-01 2.524329e-01 3.098733e-01 3.654011e-01 7.806464e-02 3.710893e-01 -9.875496e-02 2.769009e-01 2.923971e-01 -5.234839e-01
<VARIANCE> 25
 3.547707e+01 2.268838e+01 2.999126e+01 2.988027e+01 3.491764e+01 4.192807e+01 3.218615e+01 3.399473e+01 3.772488e+01 3.031163e+01 3.231549e+01 2.430212e+01 2.018052e+00 2.313407e+00 2.120910e+00 2.430150e+00 2.790503e+00 3.851839e+00 2.933378e+00 2.950892e+00 3.093596e+00 2.606826e+00 2.683861e+00 2.005668e+00 3.840612e+00
<GCONST> 1.002604e+02
<STATE> 3
<MEAN> 25
 -4.891616e+00 4.938521e-01 -1.729550e+00 1.326262e+00 2.052394e+00 -3.190264e-01 2.525702e+00 1.740364e-01 2.274243e+00 -4.540813e-01 1.351269e+00 2.416584e+00 2.752703e-01 -1.687474e+00 9.705980e-02 -1.619944e+00 -5.181871e-01 -1.548032e+00 -4.458259e-01 5.936212e-03 6.276810e-01 -2.443890e-02 -4.700116e-02 -4.124653e-01 3.128280e+00
<VARIANCE> 25
 3.217635e+01 3.643093e+01 3.296317e+01 3.877744e+01 4.305546e+01 5.846176e+01 3.737502e+01 3.946081e+01 3.897305e+01 3.405677e+01 3.637186e+01 2.759048e+01 4.805598e+00 4.988168e+00 5.111680e+00 5.090324e+00 6.409981e+00 7.563406e+00 5.912062e+00 6.056509e+00 6.050158e+00 4.825131e+00 5.241220e+00 3.948556e+00 6.021124e+00
<GCONST> 1.114903e+02
<STATE> 4
<MEAN> 25
 -1.424361e+00 -2.125792e+00 -6.974295e-01 -1.931057e+00 -1.469766e-01 -3.589096e+00 -9.067558e-01 -2.420875e-01 3.181843e+00 -3.494310e-01 1.304116e-01 4.137858e-01 2.023985e+00 -7.497078e-01 3.495337e-01 -1.182526e+00 -8.933614e-01 -9.452688e-01 -1.649921e+00 -3.279046e-01 -1.698558e-01 3.470294e-01 -3.230958e-01 -1.079734e+00 2.361369e+00
<VARIANCE> 25
 3.550758e+01 4.190219e+01 4.627106e+01 4.280545e+01 5.360892e+01 7.457842e+01 5.610970e+01 5.541041e+01 4.855950e+01 4.435154e+01 4.001509e+01 3.513051e+01 4.741158e+00 5.328214e+00 6.391491e+00 6.554083e+00 6.638186e+00 7.981881e+00 7.554096e+00 7.617778e+00 7.743649e+00 6.619647e+00 6.329238e+00 4.852221e+00 4.616851e+00
<GCONST> 1.159803e+02
<TRANSP> 5
 0.000000e+00 1.000000e+00 0.000000e+00 0.000000e+00 0.000000e+00
 0.000000e+00 7.087145e-01 2.912854e-01 0.000000e+00 0.000000e+00
 0.000000e+00 0.000000e+00 3.802701e-01 6.197299e-01 0.000000e+00
 0.000000e+00 0.000000e+00 0.000000e+00 2.667238e-01 7.332761e-01
 0.000000e+00 0.000000e+00 0.000000e+00 0.000000e+00 0.000000e+00
<ENDHMM>
~h "u"
<BEGINHMM>
<NUMSTATES> 5
<STATE> 2
<MEAN> 25
 5.512928e+00 2.254764e+00 -1.163016e+00 -3.329021e+00 -1.495457e+00 -1.473896e+00 -6.936017e+00 -4.642703e+00 -1.711719e+00 6.859487e-01 2.014866e+00 -6.756904e-01 1.265535e+00 4.210729e-01 -4.232608e-01 -1.379137e+00 -4.777605e-01 6.334665e-01 -1.173758e+00 -1.059242e+00 -7.857365e-01 5.500703e-01 8.927429e-01 -1.333928e-01 4.645959e-01
<VARIANCE> 25
 2.312284e+01 3.614648e+01 3.995528e+01 6.423573e+01 5.031129e+01 6.046275e+01 6.443089e+01 5.449623e+01 5.542863e+01 5.782345e+01 4.441686e+01 3.651548e+01 2.731420e+00 3.287118e+00 3.810646e+00 5.007425e+00 5.542869e+00 6.063254e+00 5.295649e+00 5.868677e+00 5.902576e+00 5.104523e+00 4.172392e+00 3.506460e+00 1.757685e+00
<GCONST> 1.109209e+02
<STATE> 3
<MEAN> 25
 6.782175e+00 2.374389e+00 -2.464068e+00 -5.734687e+00 -1.254699e+00 1.400220e+00 -8.362726e+00 -6.708474e+00 -2.869238e+00 1.351968e+00 3.679644e+00 -5.130027e-01 5.987215e-02 3.962325e-01 -1.118322e-01 3.097496e-01 7.264197e-02 2.966010e-01 4.425112e-01 6.594662e-03 -9.518979e-02 -1.769382e-01 -2.003863e-01 1.823004e-01 -5.353510e-01
<VARIANCE> 25
 1.942248e+01 3.551682e+01 4.386280e+01 7.551656e+01 6.147832e+01 6.570714e+01 5.919111e+01 6.615964e+01 6.769916e+01 7.149757e+01 5.631550e+01 4.262533e+01 7.810879e-01 2.205629e+00 2.102031e+00 4.623835e+00 3.415169e+00 3.876802e+00 4.234506e+00 3.994054e+00 4.574565e+00 4.174490e+00 3.682652e+00 3.166731e+00 1.476401e+00
<GCONST> 1.074585e+02
<STATE> 4
<MEAN> 25
 4.737213e+00 5.466582e+00 -1.898565e+00 -3.199418e+00 -1.444244e+00 9.195317e-01 -3.304758e+00 -4.251515e+00 -3.458545e+00 -4.542395e-01 2.091995e+00 1.494174e+00 -4.589790e-01 3.607198e-02 1.961455e-01 6.148057e-01 3.197454e-01 7.747266e-02 4.663252e-01 3.298671e-01 2.358577e-01 -1.065571e-01 -2.741966e-01 5.671026e-02 -4.628170e-01
<VARIANCE> 25
 2.584558e+01 2.898367e+01 3.004601e+01 5.678209e+01 3.830498e+01 4.358852e+01 4.128038e+01 3.826458e+01 4.508533e+01 4.549120e+01 3.656826e+01 3.388619e+01 6.142505e-01 1.015701e+00 1.225728e+00 1.976933e+00 1.847273e+00 2.056442e+00 2.167329e+00 2.184959e+00 2.283360e+00 2.287357e+00 2.048994e+00 1.733944e+00 5.470936e-01
<GCONST> 9.516206e+01
<TRANSP> 5
 0.000000e+00 1.000000e+00 0.000000e+00 0.000000e+00 0.000000e+00
 0.000000e+00 3.875881e-01 6.124119e-01 0.000000e+00 0.000000e+00
 0.000000e+00 0.000000e+00 5.820448e-01 4.179552e-01 0.000000e+00
 0.000000e+00 0.000000e+00 0.000000e+00 7.545057e-01 2.454943e-01
 0.000000e+00 0.000000e+00 0.000000e+00 0.000000e+00 0.000000e+00
<ENDHMM>
~h "v"
<BEGINHMM>
<NUMSTATES> 5
<STATE> 2
<MEAN> 25
 -4.199851e+00 3.001134e-01 4.777130e-01 3.119812e+00 3.269097e+00 2.742230e+00 1.862206e+00 5.238827e-01 -8.458747e-01 -1.558190e+00 -9.851135e-02 3.720540e-01 -1.173569e-01 -1.309669e-02 -3.202093e-02 1.331229e-02 6.749161e-02 9.840222e-02 2.565745e-02 9.841809e-03 1.619287e-03 -3.501827e-02 -5.772530e-02 3.847921e-03 -6.690341e-02
<VARIANCE> 25
 1.232956e+01 1.416436e+01 1.224679e+01 1.177805e+01 1.605210e+01 2.087315e+01 2.095108e+01 2.304125e+01 2.267466e+01 2.035737e+01 2.434225e+01 1.945441e+01 3.149521e-01 4.528125e-01 6.623737e-01 7.811119e-01 1.145902e+00 1.373505e+00 1.661803e+00 1.606936e+00 1.731362e+00 1.597269e+00 1.670401e+00 1.389071e+00 1.135375e-01
<GCONST> 7.888240e+01
<STATE> 3
<MEAN> 25
 -4.462216e+00 -3.524372e+00 -4.823690e-01 4.021155e+00 1.069829e+00 3.977570e+00 4.998314e-01 8.571311e-01 1.595318e+00 -2.614187e+00 6.712562e-01 7.202404e-01 4.059177e-01 1.645811e-01 -6.021092e-01 -2.454196e-01 -1.382445e-01 -7.262346e-01 -3.959025e-01 -1.161879e-01 3.201562e-01 4.326971e-02 -1.790911e-01 -2.967452e-01 1.342513e-01
<VARIANCE> 25
 3.150295e+01 6.000379e+01 2.205613e+01 3.441552e+01 3.588733e+01 7.230740e+01 2.290780e+01 3.000174e+01 3.041055e+01 2.812331e+01 1.272024e+01 1.981268e+01 3.568326e+00 4.480046e+00 1.263646e+00 2.794030e+00 2.804060e+00 3.677223e+00 2.497504e+00 3.817868e+00 2.927956e+00 2.641164e+00 1.845831e+00 1.763512e+00 7.925439e-01
<GCONST> 9.841314e+01
<STATE> 4
<MEAN> 25
 2.939014e+00 -2.178145e-01 -1.116852e+00 3.349347e+00 3.520930e-01 -2.126500e-01 -8.800400e-01 -2.115059e+00 -2.668025e+00 -1.485640e+00 1.949446e+00 1.444815e+00 1.552252e+00 1.562980e-01 -4.667333e-01 -3.804803e-01 -2.310595e-01 -1.057830e+00 -5.146427e-01 -2.788794e-01 -3.120471e-01 2.348047e-01 1.153158e-01 -1.332315e-02 8.745474e-01
<VARIANCE> 25
 8.898906e+01 3.203338e+01 4.354960e+01 5.576670e+01 7.359297e+01 5.222699e+01 4.167932e+01 3.355758e+01 6.652824e+01 4.556770e+01 1.943268e+01 2.108103e+01 7.824357e+00 5.051845e+00 5.845665e+00 6.316481e+00 7.898319e+00 9.264904e+00 4.943233e+00 3.814656e+00 7.727438e+00 3.551987e+00 2.694349e+00 2.936231e+00 2.868994e+00
<GCONST> 1.121770e+02
<TRANSP> 5
 0.000000e+00 1.000000e+00 0.000000e+00 0.000000e+00 0.000000e+00
 0.000000e+00 9.092478e-01 9.075220e-02 0.000000e+00 0.000000e+00
 0.000000e+00 0.000000e+00 5.148148e-01 4.851852e-01 0.000000e+00
 0.000000e+00 0.000000e+00 0.000000e+00 6.439234e-01 3.560765e-01
 0.000000e+00 0.000000e+00 0.000000e+00 0.000000e+00 0.000000e+00
<ENDHMM>
~h "w"
<BEGINHMM>
<NUMSTATES> 5
<STATE> 2
<MEAN> 25
 8.339570e+00 6.990828e+00 -3.982904e+00 -7.843460e+00 -3.748574e+00 7.160416e-01 -1.877957e+00 -2.264275e+00 -3.329092e+00 -9.365805e-01 2.173067e+00 7.276952e-01 1.198032e+00 -3.684834e-01 -1.208493e+00 -1.840921e+00 -3.633773e-01 7.319752e-01 -4.289275e-01 -4.710634e-01 -3.183393e-01 2.776567e-01 1.003677e+00 -2.267812e-02 1.224255e+00
<VARIANCE> 25
 3.528087e+01 5.255853e+01 3.709908e+01 6.174523e+01 4.632098e+01 8.199989e+01 4.548214e+01 4.455708e+01 4.152996e+01 4.392085e+01 3.868942e+01 4.016595e+01 3.304166e+00 4.168999e+00 3.119924e+00 4.357687e+00 4.192592e+00 5.593550e+00 4.090737e+00 4.090529e+00 3.987178e+00 4.243058e+00 3.852367e+00 3.435603e+00 2.637550e+00
<GCONST> 1.095086e+02
<STATE> 3
<MEAN> 25
 9.453795e+00 1.630729e+00 -7.880126e+00 -1.405126e+01 -2.170172e+00 6.905609e+00 -4.091496e+00 -4.616975e+00 -2.664966e+00 3.789567e+00 7.004820e+00 -2.833712e-01 -2.017484e-01 -1.571858e+00 -3.471431e-01 -1.096782e-01 8.942034e-01 3.714027e-01 -6.167833e-01 1.491442e-01 1.344301e+00 1.277757e+00 -2.177851e-01 -1.494507e+00 8.564159e-01
<VARIANCE> 25
 1.676010e+01 2.656561e+01 2.493420e+01 4.516764e+01 4.154211e+01 5.703510e+01 4.804706e+01 4.328647e+01 4.240499e+01 5.630815e+01 4.348149e+01 4.107829e+01 4.408421e-01 2.050715e+00 1.162720e+00 2.440425e+00 2.112991e+00 3.012235e+00 2.873878e+00 2.878273e+00 3.489761e+00 3.397379e+00 3.658979e+00 3.675015e+00 7.810339e-01
<GCONST> 9.947863e+01
<STATE> 4
<MEAN> 25
 7.845325e+00 -4.377658e+00 -7.458209e+00 -1.055808e+01 1.836356e+00 5.428793e+00 -6.451846e+00 -1.750052e+00 4.437668e+00 4.583385e+00 1.405695e+00 -6.730103e+00 -4.803153e-01 -7.114421e-01 4.961607e-01 1.078267e+00 1.903178e-01 -1.018193e+00 3.752430e-01 9.512211e-01 5.541391e-01 -6.082578e-01 -1.208416e+00 -2.140801e-01 1.078706e-01
<VARIANCE> 25
 1.880773e+01 3.195868e+01 2.721744e+01 6.578610e+01 5.038140e+01 1.007050e+02 5.754764e+01 5.330511e+01 5.827650e+01 7.702106e+01 6.457964e+01 4.766322e+01 3.958012e-01 1.908739e+00 1.416370e+00 2.231587e+00 2.162163e+00 3.059348e+00 2.598357e+00 3.007440e+00 2.856550e+00 2.591337e+00 3.079780e+00 2.678369e+00 7.674109e-01
<GCONST> 1.015005e+02
<TRANSP> 5
 0.000000e+00 1.000000e+00 0.000000e+00 0.000000e+00 0.000000e+00
 0.000000e+00 6.433975e-01 3.566025e-01 0.000000e+00 0.000000e+00
 0.000000e+00 0.000000e+00 6.950495e-01 3.049504e-01 0.000000e+00
 0.000000e+00 0.000000e+00 0.000000e+00 7.076622e-01 2.923378e-01
 0.000000e+00 0.000000e+00 0.000000e+00 0.000000e+00 0.000000e+00
<ENDHMM>
~h "y"
<BEGINHMM>
<NUMSTATES> 5
<STATE> 2
<MEAN> 25
 8.274669e-01 1.468357e-01 1.064752e+01 -3.278163e+00 -7.597819e+00 -3.586850e+00 -1.959559e+00 -2.761770e+00 -3.242982e+00 1.462299e+00 1.347561e+00 2.658670e-01 1.242867e-01 -6.174473e-01 6.416228e-01 -5.766101e-01 -1.231497e+00 -5.499889e-01 2.878038e-01 3.138113e-01 -1.961969e-01 3.108394e-01 4.988597e-01 7.155874e-02 9.473018e-01
<VARIANCE> 25
 3.233114e+01 5.657223e+01 8.087344e+01 1.213659e+02 8.223296e+01 6.550014e+01 6.744746e+01 6.995954e+01 6.449235e+01 6.388555e+01 5.871995e+01 3.974377e+01 2.204946e+00 3.656879e+00 6.671643e+00 6.107150e+00 5.214147e+00 5.028221e+00 5.257136e+00 5.715132e+00 4.962726e+00 4.703301e+00 3.894403e+00 3.122400e+00 2.647026e+00
<GCONST> 1.148655e+02
<STATE> 3
<MEAN> 25
 1.732633e+00 -4.532046e+00 9.657512e+00 -5.006614e+00 -1.207969e+01 -7.494141e+00 4.199933e-01 3.192264e+00 -2.741473e+00 1.835129e+00 3.807943e+00 5.041345e-02 3.022100e-01 -1.074770e+00 -1.485995e+00 9.337084e-02 6.891975e-01 -2.740897e-01 7.607284e-01 1.600842e+00 8.138327e-01 -4.856550e-01 -7.147840e-01 -2.522351e-01 3.710719e-01
<VARIANCE> 25
 1.976401e+01 2.664470e+01 4.639279e+01 4.072667e+01 4.205893e+01 4.269388e+01 5.068610e+01 6.037324e+01 4.838933e+01 4.720840e+01 4.796134e+01 2.694379e+01 3.177096e-01 1.383277e+00 2.415647e+00 1.688130e+00 2.663054e+00 2.120569e+00 2.502510e+00 3.045247e+00 3.190182e+00 2.761825e+00 3.083262e+00 2.003018e+00 4.127222e-01
<GCONST> 9.763184e+01
<STATE> 4
<MEAN> 25
 3.815254e+00 -7.875448e+00 6.854237e-01 -3.287976e+00 -5.308037e+00 -6.091946e+00 2.567697e+00 6.638833e+00 8.136440e-01 -1.635301e+00 -1.476019e+00 -1.217198e+00 1.525248e-01 -1.215246e-01 -8.416167e-01 1.261250e-01 9.857945e-01 4.811921e-01 -1.444976e-01 -6.841002e-02 2.748905e-01 -1.772187e-01 -6.976104e-01 -2.486814e-01 -1.724161e-01
<VARIANCE> 25
 2.685172e+01 3.212296e+01 3.852787e+01 3.930247e+01 4.206936e+01 4.254656e+01 5.172686e+01 6.413956e+01 4.311940e+01 3.932577e+01 5.160509e+01 3.123065e+01 2.522650e-01 6.304531e-01 1.400607e+00 1.113374e+00 2.068431e+00 1.433106e+00 1.663643e+00 1.746883e+00 1.772522e+00 1.833247e+00 2.048878e+00 1.474894e+00 2.238711e-01
<GCONST> 9.199420e+01
<TRANSP> 5
 0.000000e+00 1.000000e+00 0.000000e+00 0.000000e+00 0.000000e+00
 0.000000e+00 7.050003e-01 2.949996e-01 0.000000e+00 0.000000e+00
 0.000000e+00 0.000000e+00 6.886293e-01 3.113707e-01 0.000000e+00
 0.000000e+00 0.000000e+00 0.000000e+00 7.248811e-01 2.751189e-01
 0.000000e+00 0.000000e+00 0.000000e+00 0.000000e+00 0.000000e+00
<ENDHMM>
~h "z"
<BEGINHMM>
<NUMSTATES> 5
<STATE> 2
<MEAN> 25
 -5.939908e+00 8.495443e-01 1.167354e+01 1.708588e+00 -4.146764e+00 8.158797e+00 -2.248243e+00 -1.086199e+01 -3.696941e+00 -6.506253e-01 -4.209247e-01 1.337232e+00 1.485065e-01 -6.523207e-01 3.636510e-01 3.991807e-01 1.209348e-01 -1.471132e-01 -2.977199e-01 -4.367157e-01 -4.724308e-02 -4.740392e-01 5.783858e-01 1.084899e-02 7.644408e-01
<VARIANCE> 25
 6.024467e+01 1.569724e+02 1.191354e+02 1.372780e+02 1.550625e+02 2.212362e+02 5.783107e+01 8.972695e+01 6.700620e+01 4.892168e+01 3.778974e+01 6.375732e+01 7.192147e+00 5.810679e+00 8.230477e+00 1.102434e+01 8.630653e+00 9.360663e+00 4.797645e+00 6.571668e+00 6.920354e+00 5.677694e+00 2.713709e+00 3.664417e+00 3.782138e+00
<GCONST> 1.230648e+02
<STATE> 3
<MEAN> 25
 1.741158e+00 -7.091907e+00 1.413623e+01 1.078759e+01 2.496448e+00 8.703026e+00 -8.115381e+00 -1.025825e+01 5.926880e-01 -5.686513e+00 2.532222e-01 -1.955188e-01 2.743491e-01 -7.946405e-02 -3.750881e-01 -4.466667e-01 -5.449460e-01 -1.171322e-01 1.459357e-01 5.702221e-02 2.719766e-01 -3.096651e-02 1.807737e-01 3.814866e-01 2.702543e-01
<VARIANCE> 25
 1.939360e+01 4.550928e+01 1.081066e+02 6.788518e+01 6.490238e+01 1.244611e+02 5.467198e+01 5.313241e+01 5.031999e+01 7.439848e+01 5.428250e+01 5.681544e+01 2.107013e+00 2.319237e+00 1.018494e+01 3.030148e+00 2.884644e+00 9.164938e+00 3.534660e+00 4.308047e+00 3.962402e+00 6.235194e+00 4.101454e+00 2.991498e+00 1.697928e+00
<GCONST> 1.121211e+02
<STATE> 4
<MEAN> 25
 7.951796e+00 -7.315662e+00 -6.102400e+00 -1.695294e+00 -8.086096e+00 -1.017766e+00 -4.384856e-01 -5.023171e+00 5.670332e-01 -3.085732e+00 7.594795e+00 4.217199e+00 3.966871e-02 2.709030e-01 -5.542923e-01 -4.746660e-01 -2.228852e-02 -2.302576e-01 4.194871e-01 5.264933e-01 1.714082e-01 4.531012e-01 -6.741770e-02 -1.946214e-01 -4.131948e-01
<VARIANCE> 25
 1.567046e+01 3.676492e+01 4.078601e+01 3.496985e+01 2.883915e+01 4.781512e+01 3.178690e+01 2.727756e+01 4.608752e+01 4.918032e+01 4.158228e+01 3.159110e+01 3.404422e-01 1.073187e+00 2.259517e+00 1.979034e+00 1.368599e+00 2.094936e+00 1.476483e+00 2.047196e+00 2.177835e+00 2.438022e+00 1.936020e+00 1.154709e+00 1.132985e+00
<GCONST> 9.371603e+01
<TRANSP> 5
 0.000000e+00 1.000000e+00 0.000000e+00 0.000000e+00 0.000000e+00
 0.000000e+00 8.218974e-01 1.781026e-01 0.000000e+00 0.000000e+00
 0.000000e+00 0.000000e+00 8.843443e-01 1.156557e-01 0.000000e+00
 0.000000e+00 0.000000e+00 0.000000e+00 8.616400e-01 1.383600e-01
 0.000000e+00 0.000000e+00 0.000000e+00 0.000000e+00 0.000000e+00
<ENDHMM>
~h "ai"
<BEGINHMM>
<NUMSTATES> 5
<STATE> 2
<MEAN> 25
 5.117977e+00 -5.926091e+00 -9.551014e-01 -8.856459e-01 -5.162103e+00 -4.231117e+00 -1.220527e+00 5.395992e+00 5.309558e+00 -3.531292e+00 -4.924022e+00 -4.382953e-01 -2.146271e-01 2.684329e-02 6.505456e-01 -9.898178e-02 -1.689034e-01 3.891879e-02 2.588165e-01 -4.131724e-01 -4.529832e-01 3.012871e-01 5.786923e-01 3.615966e-01 -6.653655e-02
<VARIANCE> 25
 1.347172e+01 2.055457e+01 2.593662e+01 6.212065e+00 1.708239e+01 1.094548e+02 1.898693e+01 1.102733e+02 1.170443e+02 1.205797e+01 4.980594e+01 1.600435e+01 2.043955e-01 9.426079e-01 1.648387e+00 4.581198e-01 1.674305e+00 1.039870e+00 9.854572e-01 1.632966e+00 2.401700e+00 1.067331e+00 1.889971e+00 2.273095e+00 4.675961e-01
<GCONST> 8.650778e+01
<STATE> 3
<MEAN> 25
 1.757973e+00 -3.043835e-01 3.010283e+00 -1.574160e+00 -3.566455e+00 2.102402e-01 -6.041484e-02 2.155371e+00 7.027658e+00 6.683318e+00 7.438207e-02 -1.041152e+00 -4.791600e-01 7.225357e-01 -3.149263e-01 2.941967e-01 5.957138e-01 3.949665e-01 1.286920e-01 -6.225730e-01 1.511996e-01 2.838951e-01 -3.031850e-01 -2.278731e-01 -7.114482e-01
<VARIANCE> 25
 2.681963e+01 1.675609e+01 5.211449e+01 1.194008e+01 1.921399e+01 2.975890e+01 2.873245e+01 1.138586e+02 5.564260e+01 1.706835e+01 1.943022e+01 7.977756e+00 3.217094e-01 1.867905e+00 1.006657e+00 1.243733e+00 2.543097e+00 1.343110e+00 2.107097e+00 1.391581e+00 1.661558e+00 1.432997e+00 1.509410e+00 5.193065e-01 8.448110e-01
<GCONST> 8.730451e+01
<STATE> 4
<MEAN> 25
 -6.031251e+00 -7.306732e+00 3.178491e+00 3.202094e+00 4.182592e+00 2.690886e+00 8.270549e+00 -1.363126e-01 -5.070204e-01 5.292979e+00 -3.194503e+00 -1.529744e+00 -3.856328e-01 -4.346478e-02 1.980616e-01 3.638519e-01 -2.148899e-01 7.276819e-02 5.108545e-01 7.002936e-01 -6.533610e-01 -2.506705e-02 1.949974e-01 4.882379e-01 -5.215022e-01
<VARIANCE> 25
 2.126587e+01 1.902749e+01 8.886135e+00 8.501042e+00 2.729053e+01 1.557031e+01 1.934003e+01 6.592287e+01 4.463581e+01 8.363735e+01 1.480892e+01 1.205448e+01 2.998758e+00 6.559525e-01 8.814660e-01 6.725834e-01 2.037334e+00 1.948661e+00 2.602664e+00 1.600091e+00 1.869113e+00 3.953507e+00 1.865794e+00 1.306757e+00 2.119969e+00
<GCONST> 8.948868e+01
<TRANSP> 5
 0.000000e+00 1.000000e+00 0.000000e+00 0.000000e+00 0.000000e+00
 0.000000e+00 9.122451e-01 8.775488e-02 0.000000e+00 0.000000e+00
 0.000000e+00 0.000000e+00 8.862476e-01 1.137524e-01 0.000000e+00
 0.000000e+00 0.000000e+00 0.000000e+00 8.974367e-01 1.025632e-01
 0.000000e+00 0.000000e+00 0.000000e+00 0.000000e+00 0.000000e+00
<ENDHMM>
~h "au"
<BEGINHMM>
<NUMSTATES> 5
<STATE> 2
<MEAN> 25
 -2.670324e+01 9.273038e+00 -5.758515e+00 -4.840787e+00 8.821129e+00 -2.753546e-01 -2.889138e-01 4.243943e+00 -1.468272e+00 5.359828e+00 1.424450e+00 -3.496437e+00 -7.993019e-02 6.501369e-02 1.188247e-01 1.220694e-01 8.385941e-02 -2.410574e-02 2.275253e-02 -2.945826e-03 1.215632e-01 2.110782e-01 8.322386e-02 -3.579269e-02 -8.908342e-02
<VARIANCE> 25
 3.039116e+01 1.950717e+01 6.953558e+00 1.050934e+01 1.611910e+01 1.371309e+01 1.212763e+01 1.386043e+01 9.682766e+00 1.197270e+01 6.921017e+00 9.165403e+00 3.019414e+00 8.716015e-01 1.076391e+00 1.711458e+00 1.364685e+00 1.248220e+00 1.294852e+00 1.384347e+00 8.745362e-01 8.270830e-01 1.017442e+00 1.206189e+00 2.334929e+00
<GCONST> 7.947293e+01
<STATE> 3
<MEAN> 25
 -6.874922e+00 4.302080e+00 -5.327194e+00 -2.412599e+00 1.377121e+00 -1.735159e+00 7.160521e+00 6.885549e+00 -3.126057e-01 4.732290e+00 5.454582e-02 -4.843087e+00 3.307605e+00 -2.096474e+00 -6.853025e-01 4.630476e-01 -1.758855e+00 -2.647281e-01 1.731005e+00 2.525589e-02 -1.216199e+00 -9.035054e-01 2.321787e-01 8.163715e-01 2.722130e+00
<VARIANCE> 25
 2.221667e+02 8.140115e+01 1.958113e+01 4.428427e+01 9.354211e+01 3.796648e+01 3.003775e+01 9.889971e+00 2.888484e+01 2.326972e+01 1.557021e+01 7.628631e+00 7.587776e+00 5.698182e+00 2.688432e+00 3.511057e+00 1.799124e+00 6.068254e+00 3.142844e+00 1.453222e+00 2.064410e+00 1.813694e+00 1.514631e+00 3.072066e+00 7.523222e+00
<GCONST> 1.024684e+02
<STATE> 4
<MEAN> 25
 -4.391686e+00 1.631419e+00 -4.830922e+00 7.791166e-01 2.345342e+00 5.916643e-01 7.159842e+00 5.008805e+00 -4.627476e+00 -8.931707e-01 2.199789e+00 3.092340e+00 7.547156e-01 -5.937679e-02 7.376871e-01 1.881332e-01 -2.921267e-01 1.380414e-01 -5.453099e-01 -2.493072e-01 3.441534e-01 -2.481409e-01 -1.241164e-01 2.600290e-01 5.577412e-01
<VARIANCE> 25
 1.196000e+02 6.422905e+01 7.354478e+01 5.766805e+01 7.043111e+01 6.698905e+01 5.579322e+01 2.696766e+01 6.415043e+01 5.611210e+01 1.772226e+01 2.139490e+01 1.146288e+01 8.672028e+00 4.831653e+00 3.764888e+00 5.604690e+00 7.573821e+00 5.504977e+00 2.388962e+00 4.560368e+00 4.432048e+00 2.081563e+00 2.755484e+00 1.084201e+01
<GCONST> 1.141095e+02
<TRANSP> 5
 0.000000e+00 1.000000e+00 0.000000e+00 0.000000e+00 0.000000e+00
 0.000000e+00 9.342422e-01 6.575784e-02 0.000000e+00 0.000000e+00
 0.000000e+00 0.000000e+00 7.433357e-01 2.566643e-01 0.000000e+00
 0.000000e+00 0.000000e+00 0.000000e+00 9.050066e-01 9.499340e-02
 0.000000e+00 0.000000e+00 0.000000e+00 0.000000e+00 0.000000e+00
<ENDHMM>
~h "aw"
<BEGINHMM>
<NUMSTATES> 5
<STATE> 2
<MEAN> 25
 5.827117e+00 -4.849393e+00 -6.580806e+00 -9.450032e+00 1.831504e+00 3.936795e+00 -7.946957e-01 1.009269e+00 1.876691e+00 1.493727e+00 -8.284820e-01 -4.660436e+00 2.631159e-01 1.310573e-01 -4.772977e-01 -7.565032e-01 1.986374e-01 7.470911e-01 -1.143164e-01 -1.743075e-01 -2.610926e-01 1.751497e-01 6.428983e-01 7.006506e-02 -4.277303e-02
<VARIANCE> 25
 1.603573e+01 3.561146e+01 2.541411e+01 4.256538e+01 5.161471e+01 5.033479e+01 4.592886e+01 4.174186e+01 4.874696e+01 5.003412e+01 5.131783e+01 3.922606e+01 3.981428e-01 1.031435e+00 1.237924e+00 1.833141e+00 2.003398e+00 2.152533e+00 2.117274e+00 2.669734e+00 2.022893e+00 2.195820e+00 2.101702e+00 1.730836e+00 4.123504e-01
<GCONST> 9.512822e+01
<STATE> 3
<MEAN> 25
 7.522728e+00 -3.940786e-01 -6.890579e+00 -1.345066e+01 -7.583194e-01 7.140549e+00 -2.881174e+00 -3.265076e+00 -1.429169e+00 3.177891e+00 3.281556e+00 6.640148e-02 6.999066e-02 9.139502e-01 1.788387e-01 3.095261e-01 -2.762233e-01 -2.448331e-01 3.617300e-02 -1.954538e-01 -5.265201e-01 -3.511809e-01 -2.192807e-02 5.224313e-01 -5.988493e-01
<VARIANCE> 25
 1.468951e+01 1.939635e+01 2.748803e+01 4.678701e+01 4.341096e+01 4.919636e+01 4.424008e+01 4.131886e+01 4.424110e+01 4.556372e+01 3.250208e+01 3.229604e+01 2.864510e-01 1.110644e+00 1.002139e+00 2.447525e+00 1.993752e+00 2.216808e+00 2.339644e+00 2.234174e+00 2.679220e+00 2.560634e+00 2.089842e+00 2.127450e+00 4.719254e-01
<GCONST> 9.405979e+01
<STATE> 4
<MEAN> 25
 5.780161e+00 5.157395e+00 -3.175962e+00 -6.730546e+00 -2.408738e+00 2.440348e+00 2.582592e-01 -1.218816e+00 -2.559756e+00 -6.871952e-01 3.523619e-01 2.214981e-01 -4.690607e-01 2.316341e-01 5.385621e-01 1.075544e+00 2.129056e-01 -2.721554e-01 8.857552e-02 1.317501e-02 1.663488e-01 -9.739913e-02 -2.233293e-01 -1.296162e-02 -5.653860e-01
<VARIANCE> 25
 2.296327e+01 2.416905e+01 1.987756e+01 4.732048e+01 3.692948e+01 3.432505e+01 3.859344e+01 3.649763e+01 4.334742e+01 4.086204e+01 2.983358e+01 2.814802e+01 4.720010e-01 8.564540e-01 1.110052e+00 1.961898e+00 1.997869e+00 1.857279e+00 2.204728e+00 2.048701e+00 2.174360e+00 2.243819e+00 1.935086e+00 1.705230e+00 4.595526e-01
<GCONST> 9.241306e+01
<TRANSP> 5
 0.000000e+00 1.000000e+00 0.000000e+00 0.000000e+00 0.000000e+00
 0.000000e+00 7.105224e-01 2.894776e-01 0.000000e+00 0.000000e+00
 0.000000e+00 0.000000e+00 7.340145e-01 2.659855e-01 0.000000e+00
 0.000000e+00 0.000000e+00 0.000000e+00 7.950423e-01 2.049577e-01
 0.000000e+00 0.000000e+00 0.000000e+00 0.000000e+00 0.000000e+00
<ENDHMM>
~h "ay"
<BEGINHMM>
<NUMSTATES> 5
<STATE> 2
<MEAN> 25
 2.803511e+00 -1.085108e+01 -3.141695e+00 -4.620706e+00 -1.115348e+00 -2.571964e+00 1.000318e+00 6.414660e+00 4.330098e+00 -2.100746e+00 -2.568904e+00 -4.471742e+00 -4.037898e-01 -2.792256e-01 1.264186e+00 2.475586e-01 -1.339226e+00 -1.250419e+00 6.874807e-01 1.258190e+00 -6.807833e-01 -5.903522e-01 4.953337e-01 6.085947e-01 2.247377e-01
<VARIANCE> 25
 2.436328e+01 2.482415e+01 4.355243e+01 3.053366e+01 4.779676e+01 5.720674e+01 5.345378e+01 5.560350e+01 6.408472e+01 3.829739e+01 4.355298e+01 3.746926e+01 4.054586e-01 1.186379e+00 1.715066e+00 1.572652e+00 2.622656e+00 2.551767e+00 2.420136e+00 3.557939e+00 2.520678e+00 2.713354e+00 3.267794e+00 2.137197e+00 3.504449e-01
<GCONST> 9.779054e+01
<STATE> 3
<MEAN> 25
 1.657669e+00 -7.204226e+00 7.512695e+00 -4.620152e+00 -1.119841e+01 -7.947613e+00 2.479370e+00 5.546927e+00 -1.394490e+00 4.534842e-01 4.024346e+00 -2.443018e-01 -2.787179e-01 1.121162e+00 1.553104e+00 -1.994164e-01 -8.454936e-01 3.122328e-02 -5.294313e-01 -1.204170e+00 -8.812709e-01 5.776035e-01 6.980068e-01 3.447843e-01 -4.579311e-01
<VARIANCE> 25
 2.226833e+01 2.075141e+01 4.429080e+01 4.172875e+01 4.340094e+01 4.324299e+01 5.731660e+01 7.120710e+01 4.768091e+01 4.475765e+01 4.958797e+01 2.554379e+01 2.784378e-01 8.280429e-01 1.552153e+00 1.489849e+00 2.232226e+00 1.779238e+00 2.544517e+00 2.679078e+00 3.375792e+00 2.421751e+00 2.689499e+00 1.824273e+00 2.320590e-01
<GCONST> 9.516667e+01
<STATE> 4
<MEAN> 25
 8.532768e-01 -2.036577e-01 9.234408e+00 -2.304343e+00 -8.654086e+00 -5.363772e+00 -1.447873e+00 7.496177e-01 -3.556458e+00 2.395031e-01 2.517487e+00 1.209441e+00 1.661634e-01 9.793479e-01 -8.960153e-01 1.036775e+00 1.009928e+00 6.964942e-01 3.551097e-03 -2.569239e-01 -1.018589e-02 -2.335408e-01 -6.043162e-01 -1.567501e-02 -1.269053e+00
<VARIANCE> 25
 1.395072e+01 3.212615e+01 4.782310e+01 5.472546e+01 4.716606e+01 4.836753e+01 4.523814e+01 6.559835e+01 4.888638e+01 4.789797e+01 4.896102e+01 3.200724e+01 7.508578e-01 1.307669e+00 2.072184e+00 2.075308e+00 2.445210e+00 2.638851e+00 3.033040e+00 3.328821e+00 3.383783e+00 2.868127e+00 2.629232e+00 2.181178e+00 8.920208e-01
<GCONST> 1.002875e+02
<TRANSP> 5
 0.000000e+00 1.000000e+00 0.000000e+00 0.000000e+00 0.000000e+00
 0.000000e+00 7.272435e-01 2.727565e-01 0.000000e+00 0.000000e+00
 0.000000e+00 0.000000e+00 7.300738e-01 2.699262e-01 0.000000e+00
 0.000000e+00 0.000000e+00 0.000000e+00 7.669466e-01 2.330534e-01
 0.000000e+00 0.000000e+00 0.000000e+00 0.000000e+00 0.000000e+00
<ENDHMM>
~h "kh"
<BEGINHMM>
<NUMSTATES> 5
<STATE> 2
<MEAN> 25
 8.224815e-01 -4.872038e+00 -2.674266e+00 3.865802e+00 5.345952e+00 3.542702e-01 3.932574e+00 2.253899e+00 1.227150e+00 -3.996826e+00 -2.748175e+00 1.548213e+00 -6.197422e-01 7.826531e-01 9.360414e-01 4.764622e-01 -3.683207e-01 4.681600e-01 6.048462e-01 2.036088e-01 -6.149011e-01 3.873190e-01 5.763544e-01 3.725653e-01 -1.050318e+00
<VARIANCE> 25
 1.298115e+01 2.821062e+01 3.463593e+01 2.655035e+01 4.366218e+01 3.710619e+01 3.234567e+01 4.340550e+01 2.531714e+01 2.994313e+01 2.110127e+01 2.988031e+01 1.020335e+00 2.008077e+00 1.817454e+00 3.132237e+00 2.623525e+00 2.938298e+00 3.812320e+00 2.630283e+00 2.061218e+00 2.612433e+00 3.959101e+00 2.573724e+00 1.878513e+00
<GCONST> 9.782829e+01
<STATE> 3
<MEAN> 25
 -3.183230e+00 -2.971286e+00 2.469285e+00 2.009513e+00 3.347589e+00 1.400258e+00 6.137774e+00 1.251730e+00 -9.359547e-01 2.179608e-01 1.319554e-01 1.018995e+00 -1.029010e+00 3.351481e-01 1.315928e+00 -5.926938e-01 -4.915087e-01 -4.092967e-01 3.291492e-01 -1.175200e+00 -3.566501e-02 1.297874e+00 7.193437e-01 3.437639e-01 1.053988e-01
<VARIANCE> 25
 2.766956e+01 3.133748e+01 4.609829e+01 2.795359e+01 5.337215e+01 4.735258e+01 4.178611e+01 4.819855e+01 3.631918e+01 2.506122e+01 2.806355e+01 1.968876e+01 1.530395e+00 2.671783e+00 3.351782e+00 2.523242e+00 3.783715e+00 4.052301e+00 2.734518e+00 2.873322e+00 3.964299e+00 2.837754e+00 2.767335e+00 2.091281e+00 1.288511e+00
<GCONST> 1.012086e+02
<STATE> 4
<MEAN> 25
 -8.229074e+00 -4.663438e+00 3.640729e+00 1.930320e+00 4.031693e+00 9.370978e-01 5.361763e+00 -1.453278e+00 2.066994e+00 2.711722e+00 1.584722e+00 2.986566e+00 6.820756e-01 2.305948e-01 1.062375e+00 -8.736596e-01 -1.249801e+00 -9.960268e-01 -9.582881e-01 -8.415760e-01 -5.570993e-01 -2.695745e-02 2.057775e-01 -9.705843e-02 8.207922e-01
<VARIANCE> 25
 7.786402e+01 5.356939e+01 3.402562e+01 1.059747e+02 6.467803e+01 7.015638e+01 4.879257e+01 4.667160e+01 5.692508e+01 3.248568e+01 2.902459e+01 2.630926e+01 5.120574e+00 3.358832e+00 4.286079e+00 3.581446e+00 5.449012e+00 5.553153e+00 4.233108e+00 4.145444e+00 4.500654e+00 3.566650e+00 4.330445e+00 3.418602e+00 3.349120e+00
<GCONST> 1.113148e+02
<TRANSP> 5
 0.000000e+00 1.000000e+00 0.000000e+00 0.000000e+00 0.000000e+00
 0.000000e+00 6.414933e-01 3.585066e-01 0.000000e+00 0.000000e+00
 0.000000e+00 0.000000e+00 5.793271e-01 4.206728e-01 0.000000e+00
 0.000000e+00 0.000000e+00 0.000000e+00 6.215370e-01 3.784630e-01
 0.000000e+00 0.000000e+00 0.000000e+00 0.000000e+00 0.000000e+00
<ENDHMM>
~h "ng"
<BEGINHMM>
<NUMSTATES> 5
<STATE> 2
<MEAN> 25
 5.216768e+00 -4.381056e-01 -9.893976e-01 -1.338462e+00 -7.704447e-01 1.746239e+00 -1.244456e-01 -2.630062e+00 -2.346990e+00 6.682514e-01 -1.273407e+00 -2.785077e+00 -5.487137e-03 1.012993e+00 6.407067e-01 9.362193e-01 -4.467301e-01 4.552291e-01 4.220192e-01 -1.199914e+00 -4.582776e-01 5.652812e-02 -2.381944e-01 3.559778e-01 -9.569530e-01
<VARIANCE> 25
 1.705058e+01 3.405033e+01 3.735769e+01 3.492931e+01 4.509111e+01 4.909071e+01 4.270304e+01 4.152793e+01 4.635123e+01 4.531861e+01 3.521803e+01 3.308996e+01 6.361396e-01 1.174936e+00 2.514528e+00 2.250063e+00 3.128057e+00 2.802589e+00 3.152699e+00 3.423867e+00 3.557073e+00 3.040999e+00 3.024454e+00 2.290729e+00 5.526665e-01
<GCONST> 9.909420e+01
<STATE> 3
<MEAN> 25
 4.920495e+00 1.745659e+00 1.453463e+00 -3.112569e-01 -2.911240e+00 2.715406e+00 7.945324e-01 -4.681840e+00 -2.759097e+00 8.752779e-01 -1.803287e+00 -1.847637e+00 -9.602435e-02 5.724672e-01 2.130596e-01 3.809566e-01 3.308610e-02 -3.037531e-03 1.026258e-01 -1.685509e-01 -9.506859e-02 -1.291099e-01 -1.229843e-01 7.808072e-02 -4.479694e-01
<VARIANCE> 25
 1.275815e+01 3.098799e+01 3.084937e+01 3.168842e+01 3.665797e+01 4.332427e+01 3.869301e+01 3.842569e+01 4.466371e+01 3.739667e+01 3.001804e+01 2.657093e+01 2.723962e-01 7.093790e-01 1.063105e+00 1.113165e+00 1.418163e+00 1.368575e+00 1.450556e+00 1.605280e+00 1.600046e+00 1.545356e+00 1.397238e+00 1.248808e+00 3.285441e-01
<GCONST> 8.797066e+01
<STATE> 4
<MEAN> 25
 -4.393753e-01 3.344670e+00 4.896090e-01 2.807154e+00 1.763226e+00 1.883262e+00 1.593651e+00 -1.286831e+00 -1.118860e+00 -7.511815e-01 -9.664924e-01 8.126739e-01 -2.577958e-01 -3.258366e-02 -5.906382e-02 9.550462e-02 2.153726e-01 -6.185651e-02 3.595958e-02 2.084688e-01 1.227330e-01 -1.026468e-02 8.852612e-02 6.855959e-02 -1.483549e-01
<VARIANCE> 25
 2.697511e+01 2.173793e+01 2.736852e+01 2.804123e+01 3.511371e+01 2.894463e+01 3.191157e+01 3.409950e+01 3.270442e+01 2.901678e+01 2.696438e+01 2.701591e+01 4.757945e-01 7.580025e-01 1.055752e+00 1.211276e+00 1.682562e+00 1.707238e+00 1.741120e+00 2.080318e+00 1.993663e+00 1.948398e+00 1.811399e+00 1.575407e+00 3.646977e-01
<GCONST> 8.929176e+01
<TRANSP> 5
 0.000000e+00 1.000000e+00 0.000000e+00 0.000000e+00 0.000000e+00
 0.000000e+00 4.022615e-01 5.977384e-01 0.000000e+00 0.000000e+00
 0.000000e+00 0.000000e+00 6.376881e-01 3.623119e-01 0.000000e+00
 0.000000e+00 0.000000e+00 0.000000e+00 7.674497e-01 2.325503e-01
 0.000000e+00 0.000000e+00 0.000000e+00 0.000000e+00 0.000000e+00
<ENDHMM>
~h "ny"
<BEGINHMM>
<NUMSTATES> 5
<STATE> 2
<MEAN> 25
 3.019321e+00 2.766434e+00 6.883629e+00 -2.915792e+00 -3.725222e+00 -9.085633e-01 -8.092888e-01 -2.888098e+00 -4.009436e+00 8.540451e-01 2.458080e-01 -6.427911e-01 -5.022044e-01 -9.877557e-01 1.241325e+00 -1.343234e+00 -1.129003e+00 1.171622e-01 5.326992e-01 7.389491e-01 -6.012924e-01 1.380316e-01 3.769958e-01 -2.494964e-01 1.015961e+00
<VARIANCE> 25
 2.170070e+01 4.560435e+01 4.971213e+01 7.271518e+01 4.902604e+01 5.110976e+01 4.821182e+01 5.597831e+01 4.626152e+01 5.304322e+01 4.361471e+01 3.755956e+01 1.835848e+00 3.893910e+00 4.224671e+00 5.583487e+00 4.227795e+00 4.905276e+00 4.703453e+00 6.033244e+00 4.103119e+00 4.624457e+00 3.669759e+00 2.835400e+00 1.811553e+00
<GCONST> 1.093555e+02
<STATE> 3
<MEAN> 25
 1.446896e+00 -4.632360e+00 9.147802e+00 -5.183977e+00 -8.227092e+00 -1.706990e+00 2.580888e+00 3.182567e+00 -5.380084e+00 -7.896334e-01 1.356070e+00 -1.467858e+00 1.194255e-01 -1.497819e+00 -8.571469e-01 5.762767e-01 8.634084e-02 -6.889005e-01 2.652366e-01 1.499558e+00 4.320087e-01 -9.105627e-01 -3.703140e-01 7.089528e-02 6.114640e-01
<VARIANCE> 25
 1.882345e+01 2.876908e+01 4.239664e+01 4.963910e+01 4.846024e+01 4.592326e+01 5.511515e+01 7.088763e+01 4.550817e+01 5.270899e+01 3.838599e+01 3.998148e+01 4.419252e-01 1.526695e+00 1.699156e+00 2.157160e+00 2.643080e+00 2.686321e+00 2.698243e+00 2.857048e+00 2.878527e+00 2.572479e+00 2.556053e+00 2.002196e+00 5.140979e-01
<GCONST> 9.886763e+01
<STATE> 4
<MEAN> 25
 2.240532e+00 -7.546879e+00 3.572500e+00 -1.782508e+00 -3.884582e+00 -3.664328e+00 6.275931e-01 7.134941e+00 -2.627356e+00 -4.855632e+00 -1.966349e+00 -6.354542e-01 1.521085e-01 -4.397581e-02 -8.689899e-01 3.660421e-01 8.213184e-01 1.177983e-03 -3.486750e-01 -3.070117e-02 4.999469e-01 -6.623489e-02 -5.504444e-01 -8.107860e-02 -2.547241e-01
<VARIANCE> 25
 1.849916e+01 3.061646e+01 3.003729e+01 4.084184e+01 4.639004e+01 4.108944e+01 5.141550e+01 5.657171e+01 5.109676e+01 5.129359e+01 4.564323e+01 2.876568e+01 3.300909e-01 9.423586e-01 1.346400e+00 1.329815e+00 1.796934e+00 1.437595e+00 1.887374e+00 1.792079e+00 1.951639e+00 1.790337e+00 1.768830e+00 1.479250e+00 4.655411e-01
<GCONST> 9.300864e+01
<TRANSP> 5
 0.000000e+00 1.000000e+00 0.000000e+00 0.000000e+00 0.000000e+00
 0.000000e+00 7.067805e-01 2.932195e-01 0.000000e+00 0.000000e+00
 0.000000e+00 0.000000e+00 6.047951e-01 3.952049e-01 0.000000e+00
 0.000000e+00 0.000000e+00 0.000000e+00 6.981268e-01 3.018732e-01
 0.000000e+00 0.000000e+00 0.000000e+00 0.000000e+00 0.000000e+00
<ENDHMM>
~h "sp"
<BEGINHMM>
<NUMSTATES> 3
<STATE> 2
~s "silst"
<TRANSP> 3
 0.000000e+00 2.292963e-01 7.707037e-01
 0.000000e+00 9.552721e-01 4.472791e-02
 0.000000e+00 0.000000e+00 0.000000e+00
<ENDHMM>
~h "sy"
<BEGINHMM>
<NUMSTATES> 5
<STATE> 2
<MEAN> 25
 -1.214956e+01 6.045221e+00 7.512778e+00 -5.054265e-01 2.372259e+00 1.352029e-01 9.040169e-01 2.352075e+00 -1.918150e-01 -2.722695e+00 2.709771e+00 2.914579e+00 -2.410561e+00 2.886991e-01 4.358262e-01 -3.015638e-01 2.501266e-01 1.153361e+00 4.892394e-01 -1.562833e-01 4.174795e-01 8.429128e-02 1.279238e-01 2.632500e-01 3.054867e-01
<VARIANCE> 25
 1.003848e+02 2.956469e+01 4.224777e+01 4.112973e+01 2.858381e+01 7.687112e+01 7.699285e+01 4.798387e+01 4.276162e+01 4.762447e+01 4.783746e+01 3.664050e+01 5.203445e+00 3.558466e+00 1.693580e+00 3.071652e+00 4.358193e+00 4.956992e+00 3.235973e+00 1.842632e+00 2.257589e+00 3.101016e+00 2.345566e+00 2.400446e+00 8.361844e-01
<GCONST> 1.053217e+02
<STATE> 3
<MEAN> 25
 -1.331632e+01 -7.558866e-01 8.652390e+00 8.859127e-01 -5.304131e+00 -3.894457e-01 1.103217e+00 1.343004e+00 2.562847e+00 -1.540742e+00 3.384351e+00 4.120203e+00 2.575220e+00 -1.381503e+00 -5.348016e-01 4.418613e-01 -1.794145e+00 -2.419627e+00 -6.133727e-01 3.576793e-01 2.787274e-01 2.888009e-02 -4.797353e-01 -1.446820e-01 7.829092e-02
<VARIANCE> 25
 1.313721e+02 3.059810e+01 3.386560e+01 3.897651e+01 5.286886e+01 1.031075e+02 4.615168e+01 4.408398e+01 5.886390e+01 3.922511e+01 4.520631e+01 2.370296e+01 6.039249e+00 1.602569e+00 2.167360e+00 2.565338e+00 5.898533e+00 7.961493e+00 2.736429e+00 2.358750e+00 3.732703e+00 3.231232e+00 2.606025e+00 2.027782e+00 1.135798e+00
<GCONST> 1.063559e+02
<STATE> 4
<MEAN> 25
 -8.758942e+00 7.682897e+00 4.366012e+00 1.022819e+01 -6.316047e+00 5.782798e+00 5.811145e+00 5.884178e+00 4.303124e+00 -2.561509e-01 2.041039e+00 2.743784e-01 6.741335e-01 9.395796e-02 -2.444290e-01 -1.468275e-01 -1.210162e-01 -1.153735e-01 -2.100476e-01 -1.620122e-01 1.445400e-01 1.850090e-01 -3.553503e-01 -3.873394e-01 2.337490e-01
<VARIANCE> 25
 8.284736e+01 1.551025e+02 1.098228e+02 9.734360e+01 5.895022e+01 1.102684e+02 1.151158e+02 1.047371e+02 1.134231e+02 7.666135e+01 5.717541e+01 4.478738e+01 6.554451e+00 6.213242e+00 6.793458e+00 9.370813e+00 5.650550e+00 8.102462e+00 8.184182e+00 8.744859e+00 1.017067e+01 8.964658e+00 5.069609e+00 5.880132e+00 3.279306e+00
<GCONST> 1.248309e+02
<TRANSP> 5
 0.000000e+00 1.000000e+00 0.000000e+00 0.000000e+00 0.000000e+00
 0.000000e+00 8.149673e-01 1.850327e-01 0.000000e+00 0.000000e+00
 0.000000e+00 0.000000e+00 7.286819e-01 2.713181e-01 0.000000e+00
 0.000000e+00 0.000000e+00 0.000000e+00 8.520026e-01 1.479975e-01
 0.000000e+00 0.000000e+00 0.000000e+00 0.000000e+00 0.000000e+00
<ENDHMM>
~h "sil"
<BEGINHMM>
<NUMSTATES> 5
<STATE> 2
<MEAN> 25
 -5.561068e+00 1.314533e+00 -1.057465e+00 3.311169e+00 2.908042e+00 3.405513e+00 2.088204e+00 5.887640e-01 7.480686e-01 -8.164053e-01 8.680085e-01 2.238178e+00 -5.250345e-02 9.871453e-03 -9.204006e-03 1.265683e-02 2.673446e-02 3.743559e-02 9.459702e-03 1.202773e-03 4.944454e-03 8.216335e-03 1.553809e-02 1.058116e-02 -5.505385e-02
<VARIANCE> 25
 2.061781e+01 1.848095e+01 1.660702e+01 2.093402e+01 2.047327e+01 2.160922e+01 2.122541e+01 2.324743e+01 2.773444e+01 2.406537e+01 2.423004e+01 1.834047e+01 1.754742e-01 3.440833e-01 5.253846e-01 7.412732e-01 9.928113e-01 1.152920e+00 1.288730e+00 1.421898e+00 1.483757e+00 1.480053e+00 1.397814e+00 1.274093e+00 1.048497e-01
<GCONST> 7.873395e+01
<STATE> 3
~s "silst"
<STATE> 4
<MEAN> 25
 -4.711236e+00 1.210740e+00 -1.066176e-01 4.696901e-01 1.293582e+00 1.996767e+00 1.634735e+00 9.501901e-01 -1.039129e-02 9.901246e-01 5.862296e-01 1.003555e+00 3.281732e-01 -9.913244e-02 8.670601e-02 -1.580954e-01 -8.996258e-02 -1.936757e-01 -7.228805e-02 -1.092924e-01 -1.063422e-01 -3.219040e-02 -6.061047e-02 -9.093298e-02 5.021972e-01
<VARIANCE> 25
 7.491284e+01 6.127173e+01 6.133900e+01 7.704956e+01 8.016897e+01 7.237034e+01 5.514311e+01 5.572171e+01 5.901929e+01 5.124275e+01 4.468475e+01 3.740765e+01 3.497972e+00 3.383032e+00 3.289597e+00 3.788242e+00 4.639085e+00 4.139115e+00 3.636326e+00 3.999887e+00 3.840281e+00 3.437393e+00 2.984706e+00 2.514557e+00 4.286719e+00
<GCONST> 1.116488e+02
<TRANSP> 5
 0.000000e+00 1.000000e+00 0.000000e+00 0.000000e+00 0.000000e+00
 0.000000e+00 9.083271e-01 3.184082e-02 5.983209e-02 0.000000e+00
 0.000000e+00 0.000000e+00 9.192726e-01 8.072741e-02 0.000000e+00
 0.000000e+00 6.491634e-02 0.000000e+00 7.565069e-01 1.785767e-01
 0.000000e+00 0.000000e+00 0.000000e+00 0.000000e+00 0.000000e+00
<ENDHMM>
~h "sip"
<BEGINHMM>
<NUMSTATES> 5
<STATE> 2
<MEAN> 25
 -7.471870e-01 1.148271e+00 1.467170e+00 1.264688e+00 1.803299e+00 1.519214e+00 1.008324e+00 -1.335827e-01 -1.549741e+00 -1.562913e+00 -6.660204e-01 -4.679152e-01 -3.116257e-02 1.962643e-02 4.507134e-02 2.172247e-02 3.733856e-02 8.428285e-02 1.613381e-02 -1.125687e-02 -4.981826e-04 -2.518646e-02 -9.166089e-02 -6.243816e-02 -6.154222e-02
<VARIANCE> 25
 1.087910e+01 2.187274e+01 3.125359e+01 1.674420e+01 2.658073e+01 2.098387e+01 1.778690e+01 2.492778e+01 2.410836e+01 2.425947e+01 2.120394e+01 1.716900e+01 1.930386e-01 4.410152e-01 6.365822e-01 7.121016e-01 9.992483e-01 1.266333e+00 1.279166e+00 1.569263e+00 1.711211e+00 1.581621e+00 1.586770e+00 1.425372e+00 1.022940e-01
<GCONST> 7.957558e+01
<STATE> 3
<MEAN> 25
 9.256533e-01 -2.615488e+00 2.179781e-01 -1.702705e-01 -1.074043e+00 -8.644045e-01 9.880750e-01 3.768353e-01 -6.957191e-01 -4.443242e-01 -7.495940e-02 -1.215940e+00 1.721690e-01 -2.908162e-01 -3.059173e-01 -2.151208e-02 4.131485e-03 -9.214137e-02 -1.822175e-01 1.596530e-01 2.806958e-01 -2.595194e-02 -2.107865e-01 -3.742199e-02 3.246478e-02
<VARIANCE> 25
 4.325188e+01 6.363072e+01 7.510400e+01 4.450805e+01 5.369208e+01 4.488268e+01 3.773082e+01 5.940128e+01 5.011885e+01 4.066608e+01 3.957442e+01 2.485624e+01 7.794883e-01 1.325236e+00 1.802858e+00 1.667881e+00 2.461104e+00 2.219828e+00 1.917473e+00 2.324572e+00 2.160791e+00 2.931398e+00 2.185676e+00 1.684290e+00 5.266078e-01
<GCONST> 9.882873e+01
<STATE> 4
<MEAN> 25
 -3.134674e-01 -2.339567e+00 -6.549842e-01 -1.047641e+00 2.071758e-01 1.075218e+00 1.869383e+00 8.000963e-01 4.186161e-01 1.727342e-01 -1.021311e+00 -7.378644e-01 2.156664e-01 -3.908340e-01 -2.947045e-01 -1.346277e-02 -2.512394e-01 -3.943802e-01 -5.303859e-02 3.809741e-01 3.197946e-01 3.481412e-02 7.598758e-03 2.794042e-02 2.095223e-01
<VARIANCE> 25
 5.153877e+01 5.317587e+01 6.367112e+01 4.822144e+01 5.024385e+01 5.622650e+01 4.023445e+01 4.591838e+01 4.350525e+01 6.349305e+01 3.075062e+01 2.026322e+01 1.539837e+00 2.886255e+00 2.812641e+00 2.401319e+00 3.385193e+00 2.841722e+00 2.676342e+00 3.221043e+00 2.765028e+00 3.341504e+00 2.852704e+00 2.307413e+00 1.163029e+00
<GCONST> 1.037975e+02
<TRANSP> 5
 0.000000e+00 1.000000e+00 0.000000e+00 0.000000e+00 0.000000e+00
 0.000000e+00 8.763045e-01 1.236955e-01 0.000000e+00 0.000000e+00
 0.000000e+00 0.000000e+00 9.262754e-02 9.073725e-01 0.000000e+00
 0.000000e+00 0.000000e+00 0.000000e+00 4.690804e-01 5.309196e-01
 0.000000e+00 0.000000e+00 0.000000e+00 0.000000e+00 0.000000e+00
<ENDHMM>
