~o
<STREAMINFO> 1 25
<VECSIZE> 25<NULLD><MFCC_D_N_Z_0><DIAGC>
~s "silst"
<MEAN> 25
 -3.220886e+00 3.962524e+00 -4.600385e+00 5.502051e+00 3.596212e+00 3.841822e+00 4.695268e+00 1.062272e+00 2.192041e+00 -1.289272e+00 -7.924169e-01 4.841077e+00 -2.247413e-02 -4.948853e-02 7.971177e-02 -2.857564e-02 7.268130e-02 -5.688536e-02 -3.019946e-02 -8.654094e-02 -2.363328e-02 4.085330e-02 -3.981477e-02 -5.626348e-02 8.543827e-02
<VARIANCE> 25
 8.618681e+00 2.471179e+01 2.153173e+01 2.082473e+01 2.634740e+01 2.642900e+01 2.576673e+01 2.890877e+01 2.779634e+01 2.630930e+01 2.409156e+01 2.411949e+01 4.603460e-01 8.738430e-01 1.007872e+00 1.315892e+00 1.680037e+00 1.686604e+00 1.790007e+00 2.119526e+00 1.915159e+00 1.872320e+00 1.805759e+00 1.591585e+00 3.886478e-01
<GCONST> 8.666685e+01
~h "a"
<BEGINHMM>
<NUMSTATES> 5
<STATE> 2
<MEAN> 25
 1.908141e+00 -8.478827e+00 -2.296968e+00 -6.077240e+00 1.422814e+00 -3.248584e-01 -2.424049e+00 4.699835e+00 3.340880e+00 7.581082e-01 -1.344991e+00 -5.529352e+00 1.492733e-01 -8.712952e-01 -2.665613e-01 -4.166540e-01 3.722730e-01 3.468503e-01 1.470423e-01 7.245142e-01 1.331107e-01 -2.288477e-01 -5.770409e-01 -5.655858e-01 5.893719e-01
<VARIANCE> 25
 8.430152e+00 3.082552e+01 3.565060e+01 4.078645e+01 3.810913e+01 6.037545e+01 4.542762e+01 5.051460e+01 4.428986e+01 4.464429e+01 3.513745e+01 4.080564e+01 9.510698e-01 2.906312e+00 2.277759e+00 3.222860e+00 3.110612e+00 3.853092e+00 3.406720e+00 4.939066e+00 3.234340e+00 3.460916e+00 3.132861e+00 3.205344e+00 2.361409e+00
<GCONST> 1.030244e+02
<STATE> 3
<MEAN> 25
 2.116476e+00 -8.621641e+00 -2.405261e+00 -5.887486e+00 1.663474e+00 -3.878824e-01 -2.097742e+00 4.979217e+00 3.082531e+00 7.580791e-01 -1.838415e+00 -5.499833e+00 9.011351e-02 7.272656e-01 1.943965e-02 8.310481e-01 2.605274e-02 8.772206e-02 3.395407e-01 -3.538808e-01 -3.569410e-01 -1.139887e-02 -1.607018e-01 4.748804e-01 -7.962132e-01
<VARIANCE> 25
 7.161074e+00 3.002602e+01 3.169175e+01 3.727427e+01 3.416693e+01 5.439832e+01 4.206644e+01 4.952700e+01 4.348647e+01 4.369030e+01 3.439523e+01 3.763361e+01 5.504967e-01 1.883976e+00 1.648297e+00 2.200863e+00 2.228795e+00 3.242105e+00 2.710359e+00 3.564651e+00 2.541199e+00 2.796126e+00 2.511272e+00 2.391396e+00 1.547142e+00
<GCONST> 9.803757e+01
<STATE> 4
<MEAN> 25
 2.048960e+00 -3.963801e+00 -3.788519e+00 -1.312856e+00 1.948696e+00 7.575713e-01 2.165941e-01 2.919125e+00 2.193076e+00 3.604770e-01 -2.752625e+00 -2.600136e+00 -2.198248e-02 1.011335e+00 5.591938e-02 9.201732e-01 -1.508066e-01 1.298160e-01 3.448619e-01 -5.659485e-01 -2.921086e-01 -1.826472e-02 -5.741130e-03 5.227410e-01 -1.027182e+00
<VARIANCE> 25
 8.567233e+00 3.940017e+01 3.285963e+01 4.382051e+01 3.109575e+01 4.307854e+01 3.793527e+01 4.244437e+01 3.720327e+01 3.747256e+01 3.234427e+01 3.539037e+01 5.268457e-01 1.268514e+00 1.423851e+00 1.782378e+00 1.912542e+00 2.232036e+00 2.217701e+00 2.764476e+00 2.337760e+00 2.275179e+00 2.060581e+00 1.886430e+00 9.609821e-01
<GCONST> 9.469015e+01
<TRANSP> 5
 0.000000e+00 1.000000e+00 0.000000e+00 0.000000e+00 0.000000e+00
 0.000000e+00 4.290267e-01 5.709733e-01 0.000000e+00 0.000000e+00
 0.000000e+00 0.000000e+00 4.331661e-01 5.668339e-01 0.000000e+00
 0.000000e+00 0.000000e+00 0.000000e+00 7.007010e-01 2.992990e-01
 0.000000e+00 0.000000e+00 0.000000e+00 0.000000e+00 0.000000e+00
<ENDHMM>
~h "b"
<BEGINHMM>
<NUMSTATES> 5
<STATE> 2
<MEAN> 25
 4.612959e+00 7.683282e+00 -1.149371e-01 5.092725e+00 1.438878e+00 2.837631e+00 9.621545e-01 -4.717966e+00 -4.278447e+00 -1.570973e+00 -5.774236e-01 1.250772e+00 3.889346e-01 -3.301373e-01 -4.141958e-01 -1.154871e+00 9.524871e-03 -2.956940e-01 -1.040832e+00 -6.262386e-01 4.474750e-02 5.407905e-01 8.688902e-01 2.179760e-01 7.597849e-01
<VARIANCE> 25
 8.181322e+00 2.262590e+01 1.745226e+01 2.989821e+01 2.475329e+01 2.809568e+01 3.266934e+01 3.034156e+01 2.705595e+01 2.591423e+01 2.672759e+01 2.395902e+01 8.179678e-01 3.069937e+00 1.815619e+00 6.114579e+00 2.912396e+00 3.179138e+00 4.871092e+00 3.493937e+00 4.088250e+00 4.152383e+00 4.016351e+00 2.490153e+00 2.417665e+00
<GCONST> 9.828851e+01
<STATE> 3
<MEAN> 25
 5.493412e+00 2.893240e+00 -1.408532e+00 -2.634991e+00 5.770172e-01 2.144880e+00 -5.163815e+00 -7.140963e+00 -2.746636e+00 2.826938e+00 4.423221e+00 6.487209e-01 -1.772098e-01 -2.516294e+00 -2.056420e-03 -2.695168e+00 -6.831455e-01 -7.630945e-01 -2.419952e+00 5.932745e-01 1.727660e+00 1.998661e+00 1.312040e+00 -1.417829e+00 2.304665e+00
<VARIANCE> 25
 7.980353e+00 3.236297e+01 1.772796e+01 7.655482e+01 3.126733e+01 4.010651e+01 4.697480e+01 3.578634e+01 4.551896e+01 5.563670e+01 4.935175e+01 3.281576e+01 8.638288e-01 4.623580e+00 2.444440e+00 7.570995e+00 3.714737e+00 5.682010e+00 5.235613e+00 5.351394e+00 6.895285e+00 6.828811e+00 6.028310e+00 5.625416e+00 2.509347e+00
<GCONST> 1.074834e+02
<STATE> 4
<MEAN> 25
 4.517375e+00 -1.686646e+00 -2.445419e-01 -4.992042e+00 -4.039747e-01 -3.182707e-01 -8.716004e+00 -2.577776e+00 1.473643e+00 5.867159e+00 2.868545e+00 -3.694049e+00 -5.910696e-01 -1.381953e+00 6.345488e-01 -2.727936e-01 -6.006033e-01 -9.696704e-01 -4.165178e-01 1.594127e+00 1.144268e+00 -1.993447e-01 -5.289364e-01 -7.709904e-01 1.032276e+00
<VARIANCE> 25
 6.978150e+00 4.291098e+01 2.635453e+01 8.925569e+01 3.425977e+01 5.753470e+01 5.373008e+01 4.433756e+01 5.796872e+01 7.014373e+01 5.491380e+01 4.686929e+01 7.641873e-01 3.428021e+00 3.075588e+00 6.248773e+00 3.620202e+00 4.702094e+00 4.985128e+00 6.047415e+00 6.331405e+00 5.727818e+00 6.093302e+00 4.927771e+00 2.311449e+00
<GCONST> 1.089281e+02
<TRANSP> 5
 0.000000e+00 1.000000e+00 0.000000e+00 0.000000e+00 0.000000e+00
 0.000000e+00 5.822675e-01 4.177325e-01 0.000000e+00 0.000000e+00
 0.000000e+00 0.000000e+00 3.830576e-01 6.169424e-01 0.000000e+00
 0.000000e+00 0.000000e+00 0.000000e+00 3.693185e-01 6.306815e-01
 0.000000e+00 0.000000e+00 0.000000e+00 0.000000e+00 0.000000e+00
<ENDHMM>
~h "c"
<BEGINHMM>
<NUMSTATES> 5
<STATE> 2
<MEAN> 25
 -5.828335e+00 5.347224e+00 -1.610870e+00 7.285315e-01 5.188333e+00 -2.027590e+00 3.007798e+00 -4.354708e-01 1.505795e+00 -4.264652e-01 -1.097487e+00 3.614520e+00 -2.884978e+00 3.027768e-01 8.847805e-01 -1.511828e+00 1.145169e+00 -1.288952e+00 6.076672e-01 -2.916627e-01 4.334271e-01 -4.856869e-01 6.007376e-01 3.467893e-01 1.700020e+00
<VARIANCE> 25
 3.979920e+01 2.101285e+01 2.905584e+01 3.642638e+01 3.631189e+01 5.157020e+01 2.922386e+01 3.350773e+01 2.979160e+01 2.523958e+01 2.644071e+01 2.354807e+01 3.503803e+00 2.507051e+00 2.739139e+00 3.283192e+00 3.474336e+00 3.764626e+00 2.724791e+00 3.501908e+00 2.817689e+00 2.419744e+00 2.831527e+00 2.055415e+00 2.262830e+00
<GCONST> 1.008125e+02
<STATE> 3
<MEAN> 25
 -1.298777e+01 4.649750e+00 3.580267e+00 -3.400262e+00 5.483865e+00 -6.875224e+00 2.951953e+00 -5.842869e-01 3.356633e+00 -3.095299e+00 8.287641e-01 4.755944e+00 1.542226e+00 -1.836004e+00 1.198497e+00 -3.545544e-02 -1.818393e+00 -1.219432e+00 -1.660333e+00 5.112793e-01 7.282106e-01 -2.686190e-01 2.417032e-01 -3.818929e-03 1.841145e+00
<VARIANCE> 25
 2.519820e+01 2.533413e+01 2.464891e+01 2.838394e+01 3.958764e+01 4.213699e+01 3.692390e+01 2.976948e+01 3.439803e+01 2.029353e+01 2.828640e+01 2.722379e+01 7.395566e+00 3.767982e+00 3.667275e+00 3.438813e+00 4.592105e+00 3.928427e+00 4.666791e+00 4.239960e+00 3.886560e+00 3.336401e+00 2.416650e+00 2.287814e+00 2.353501e+00
<GCONST> 1.034409e+02
<STATE> 4
<MEAN> 25
 -2.176275e+00 -2.774014e+00 3.897117e+00 -2.439718e+00 -9.927534e-01 -8.456867e+00 -4.729393e+00 7.992181e-01 5.275715e+00 -1.910406e+00 6.932360e-01 2.673623e+00 3.454531e+00 -2.127288e+00 -6.152577e-01 -2.842927e-01 -1.498588e+00 8.892704e-01 -1.772336e+00 1.298091e-01 -3.995822e-01 9.607209e-01 6.141981e-01 -1.200924e+00 9.309839e-01
<VARIANCE> 25
 1.905350e+01 3.251016e+01 3.350570e+01 2.378724e+01 2.920429e+01 3.080049e+01 5.093799e+01 5.393280e+01 3.779121e+01 2.578083e+01 2.108468e+01 2.285593e+01 2.927190e+00 4.584968e+00 3.356061e+00 3.463176e+00 4.470014e+00 3.419423e+00 4.243587e+00 6.363490e+00 5.236254e+00 3.514658e+00 3.812333e+00 3.492666e+00 1.901660e+00
<GCONST> 1.040531e+02
<TRANSP> 5
 0.000000e+00 1.000000e+00 0.000000e+00 0.000000e+00 0.000000e+00
 0.000000e+00 7.014158e-01 2.985842e-01 0.000000e+00 0.000000e+00
 0.000000e+00 0.000000e+00 5.299761e-01 4.700239e-01 0.000000e+00
 0.000000e+00 0.000000e+00 0.000000e+00 4.834132e-01 5.165868e-01
 0.000000e+00 0.000000e+00 0.000000e+00 0.000000e+00 0.000000e+00
<ENDHMM>
~h "d"
<BEGINHMM>
<NUMSTATES> 5
<STATE> 2
<MEAN> 25
 3.200222e+00 4.525339e+00 1.890408e+00 7.582706e+00 -4.388218e-01 -1.685566e+00 -7.047319e-02 -1.880338e-01 -2.711752e-02 -1.563208e+00 -3.721481e+00 1.669807e+00 -1.576168e-01 -1.166277e+00 8.998005e-01 -5.670128e-01 -6.324143e-01 -1.045200e+00 -9.789612e-01 3.612141e-01 1.630684e-01 -3.401399e-01 8.500165e-01 4.351493e-01 1.169101e+00
<VARIANCE> 25
 1.001231e+01 3.706013e+01 3.112367e+01 2.910020e+01 4.021642e+01 3.641118e+01 3.733185e+01 4.605085e+01 3.239492e+01 2.787676e+01 3.523119e+01 2.866599e+01 1.169876e+00 4.257058e+00 3.207108e+00 3.904157e+00 4.338125e+00 4.532855e+00 5.691748e+00 6.161467e+00 4.446623e+00 3.368998e+00 4.449064e+00 2.803107e+00 3.210652e+00
<GCONST> 1.041999e+02
<STATE> 3
<MEAN> 25
 2.218046e+00 -1.136976e+00 5.567218e+00 3.600420e+00 -3.150832e+00 -5.437164e+00 -4.995508e+00 1.330511e+00 6.672050e-01 -2.355953e+00 5.693312e-01 2.713704e+00 -6.928126e-01 -2.192725e+00 1.553782e+00 -2.505878e+00 -1.557903e+00 -1.589291e+00 -2.032649e+00 1.126364e+00 1.157657e-01 3.721576e-01 2.081166e+00 -4.442855e-01 2.573584e+00
<VARIANCE> 25
 8.663472e+00 3.646201e+01 3.791492e+01 4.091076e+01 4.379518e+01 4.765591e+01 6.976321e+01 6.351902e+01 4.707738e+01 3.379542e+01 3.532212e+01 3.093727e+01 1.175129e+00 3.371154e+00 5.109234e+00 4.016643e+00 4.152748e+00 4.705497e+00 5.393196e+00 9.923187e+00 6.012185e+00 5.208119e+00 5.693254e+00 3.846663e+00 2.297090e+00
<GCONST> 1.081704e+02
<STATE> 4
<MEAN> 25
 1.043847e+00 -3.618239e+00 7.896004e+00 -1.011739e+00 -6.139777e+00 -6.986711e+00 -7.341369e+00 4.082789e+00 2.350129e-01 -3.578383e-01 3.777964e+00 1.486850e-01 -5.028149e-01 -6.192464e-01 5.124837e-01 -1.657057e+00 -5.191290e-01 -2.379792e-01 -5.228469e-01 3.796521e-01 -2.068701e-01 6.079528e-01 8.223736e-01 -1.059754e+00 1.205135e+00
<VARIANCE> 25
 8.446359e+00 3.025611e+01 4.747484e+01 3.957043e+01 3.431621e+01 4.481879e+01 6.670895e+01 8.689740e+01 6.145261e+01 4.465022e+01 4.222252e+01 3.365073e+01 1.016441e+00 2.514976e+00 5.876207e+00 4.149819e+00 4.756179e+00 4.452921e+00 5.372895e+00 6.804716e+00 4.967597e+00 4.839207e+00 6.220235e+00 3.475095e+00 2.822515e+00
<GCONST> 1.082833e+02
<TRANSP> 5
 0.000000e+00 1.000000e+00 0.000000e+00 0.000000e+00 0.000000e+00
 0.000000e+00 4.807863e-01 5.192137e-01 0.000000e+00 0.000000e+00
 0.000000e+00 0.000000e+00 3.031721e-01 6.968279e-01 0.000000e+00
 0.000000e+00 0.000000e+00 0.000000e+00 3.471705e-01 6.528295e-01
 0.000000e+00 0.000000e+00 0.000000e+00 0.000000e+00 0.000000e+00
<ENDHMM>
~h "e"
<BEGINHMM>
<NUMSTATES> 5
<STATE> 2
<MEAN> 25
 -7.335040e-01 -5.414568e+00 4.654138e+00 -6.146852e-01 -3.694177e+00 -7.937688e+00 9.794893e-01 5.110919e+00 -3.941688e-01 -5.522907e-01 1.380259e+00 -2.196420e-01 2.701907e-01 -1.340961e+00 1.667889e+00 -1.062614e+00 -1.582149e+00 -1.065476e+00 -2.661145e-01 1.294270e+00 -3.736778e-01 4.503387e-02 8.663300e-01 -4.143020e-01 1.631125e+00
<VARIANCE> 25
 1.597234e+01 3.508061e+01 5.216574e+01 3.242011e+01 4.293317e+01 5.389645e+01 6.854781e+01 5.573613e+01 4.675861e+01 4.386801e+01 3.939290e+01 3.296329e+01 1.690314e+00 2.559002e+00 4.255285e+00 2.426174e+00 4.279819e+00 4.109606e+00 5.356603e+00 4.361156e+00 4.361165e+00 4.325991e+00 4.174907e+00 2.674954e+00 2.613414e+00
<GCONST> 1.066271e+02
<STATE> 3
<MEAN> 25
 1.915848e-02 -8.075492e+00 6.794892e+00 -2.443944e+00 -6.007210e+00 -9.699812e+00 -8.511531e-01 7.474996e+00 -3.946252e-01 -6.891671e-01 2.545594e+00 -1.444702e+00 9.691473e-02 3.956607e-01 -2.509250e-02 3.846967e-01 5.889848e-02 4.019303e-01 2.504799e-01 -1.781088e-01 -1.355228e-01 8.220665e-03 -2.349165e-01 1.374696e-01 -4.176137e-01
<VARIANCE> 25
 9.361929e+00 2.548846e+01 4.290056e+01 3.565868e+01 3.527461e+01 5.700137e+01 5.074152e+01 6.090643e+01 4.548602e+01 4.080908e+01 4.426790e+01 2.527999e+01 6.835076e-01 2.116555e+00 2.112414e+00 2.465519e+00 2.420963e+00 2.543861e+00 3.332103e+00 2.800861e+00 2.624687e+00 2.652324e+00 2.517945e+00 1.982278e+00 2.116485e+00
<GCONST> 9.931232e+01
<STATE> 4
<MEAN> 25
 -5.947022e-01 -2.168551e+00 6.275006e+00 2.945656e-02 -4.481470e+00 -5.464406e+00 1.228073e+00 3.819474e+00 -2.594495e+00 1.942927e+00 2.132280e+00 1.028756e+00 1.292197e-02 5.027754e-01 -4.304790e-01 4.732058e-01 3.965561e-01 4.599396e-01 2.529321e-01 -2.722352e-01 1.518559e-01 -1.476227e-01 -2.782475e-01 1.169133e-01 -5.518119e-01
<VARIANCE> 25
 7.343111e+00 3.218872e+01 6.628770e+01 4.506637e+01 4.731648e+01 4.992129e+01 3.336297e+01 4.057386e+01 3.524564e+01 3.805717e+01 5.066562e+01 2.807889e+01 3.409390e-01 9.924855e-01 1.257917e+00 1.323578e+00 1.646274e+00 1.566820e+00 1.838953e+00 1.897555e+00 1.785131e+00 1.691414e+00 1.578487e+00 1.371635e+00 5.812426e-01
<GCONST> 9.181248e+01
<TRANSP> 5
 0.000000e+00 1.000000e+00 0.000000e+00 0.000000e+00 0.000000e+00
 0.000000e+00 5.480766e-01 4.519234e-01 0.000000e+00 0.000000e+00
 0.000000e+00 0.000000e+00 5.650455e-01 4.349545e-01 0.000000e+00
 0.000000e+00 0.000000e+00 0.000000e+00 8.550107e-01 1.449893e-01
 0.000000e+00 0.000000e+00 0.000000e+00 0.000000e+00 0.000000e+00
<ENDHMM>
~h "f"
<BEGINHMM>
<NUMSTATES> 5
<STATE> 2
<MEAN> 25
 -3.793890e+00 2.131196e+00 -1.143457e+00 6.368599e-01 3.978257e+00 -3.039495e+00 4.506561e+00 -2.592520e+00 1.674282e+00 7.259471e-01 -1.602808e+00 2.271244e+00 -1.781148e+00 6.722237e-01 -3.898748e-01 -7.327673e-02 7.510490e-01 -6.692112e-01 6.040930e-01 -4.285769e-01 7.548208e-01 -2.762406e-01 -4.991513e-01 3.072468e-01 -3.668724e-01
<VARIANCE> 25
 1.588191e+01 1.536800e+01 3.077300e+01 2.183221e+01 2.991060e+01 5.335610e+01 3.097073e+01 3.271970e+01 3.629368e+01 3.187547e+01 2.200059e+01 2.488329e+01 1.759202e+00 1.346073e+00 1.683382e+00 2.065713e+00 2.934071e+00 3.439259e+00 2.825149e+00 2.986636e+00 2.861712e+00 2.889314e+00 2.395284e+00 2.164896e+00 6.989144e-01
<GCONST> 9.556216e+01
<STATE> 3
<MEAN> 25
 -8.294030e+00 3.269211e+00 -1.938122e+00 1.808117e+00 4.807522e+00 -3.455504e+00 5.511755e+00 -3.129455e+00 2.831356e+00 -1.906093e-01 -2.215605e+00 3.974194e+00 -5.708737e-01 -3.641469e-01 3.359714e-01 5.958912e-01 1.740982e-01 -4.390330e-01 -1.661234e-01 3.053063e-01 4.471678e-01 -1.464508e-01 -6.326295e-02 2.980843e-01 9.936411e-02
<VARIANCE> 25
 1.523850e+01 1.745752e+01 2.425122e+01 1.845848e+01 1.826483e+01 3.404004e+01 2.866368e+01 3.340827e+01 3.536277e+01 2.139465e+01 1.994963e+01 2.086571e+01 1.731914e+00 1.028423e+00 1.513510e+00 1.460290e+00 1.662631e+00 2.407695e+00 1.929669e+00 2.369976e+00 2.850982e+00 1.973934e+00 1.737198e+00 1.605950e+00 5.790690e-01
<GCONST> 9.007653e+01
<STATE> 4
<MEAN> 25
 -8.293903e+00 7.487367e-01 9.531188e-01 4.287058e+00 5.347503e+00 -6.558146e+00 3.460508e+00 -1.919353e+00 4.478722e+00 -8.181055e-01 -2.004218e+00 4.451402e+00 2.025168e+00 -1.073619e+00 1.996311e+00 8.704776e-02 -1.941798e+00 -1.134950e+00 -2.215379e+00 2.257270e-01 -9.616526e-01 -6.674234e-01 1.302567e+00 -7.261313e-02 9.449717e-01
<VARIANCE> 25
 2.294219e+01 1.488192e+01 2.861795e+01 2.491397e+01 1.957478e+01 3.425444e+01 3.001211e+01 2.854171e+01 3.883705e+01 2.356520e+01 2.084308e+01 2.434138e+01 2.355136e+00 1.246673e+00 4.628450e+00 1.897386e+00 4.201304e+00 3.769737e+00 4.926791e+00 2.638924e+00 4.433308e+00 3.663964e+00 3.417417e+00 2.248367e+00 1.039067e+00
<GCONST> 9.810122e+01
<TRANSP> 5
 0.000000e+00 1.000000e+00 0.000000e+00 0.000000e+00 0.000000e+00
 0.000000e+00 6.616822e-01 3.383178e-01 0.000000e+00 0.000000e+00
 0.000000e+00 0.000000e+00 6.981921e-01 3.018079e-01 0.000000e+00
 0.000000e+00 0.000000e+00 0.000000e+00 5.397077e-01 4.602923e-01
 0.000000e+00 0.000000e+00 0.000000e+00 0.000000e+00 0.000000e+00
<ENDHMM>
~h "g"
<BEGINHMM>
<NUMSTATES> 5
<STATE> 2
<MEAN> 25
 2.271235e+00 3.195924e+00 2.294336e+00 2.660585e+00 1.299769e+00 -9.401426e-01 -3.419604e+00 -2.540386e+00 -3.724156e+00 1.083793e+00 7.279887e-01 -1.365524e+00 -6.067945e-01 -1.203076e+00 6.712097e-01 -1.318663e+00 4.845178e-02 -1.641950e+00 -1.807834e+00 3.930838e-01 3.691177e-01 4.464885e-01 1.460082e+00 -8.315587e-01 1.631717e+00
<VARIANCE> 25
 1.069911e+01 3.277159e+01 3.893559e+01 3.512829e+01 6.031576e+01 5.585602e+01 5.781807e+01 4.777212e+01 3.684479e+01 3.839488e+01 4.794754e+01 2.790851e+01 1.022984e+00 3.485322e+00 4.250681e+00 3.968371e+00 7.998746e+00 5.309597e+00 5.432937e+00 4.947155e+00 5.438870e+00 4.391943e+00 6.028333e+00 3.164463e+00 2.769686e+00
<GCONST> 1.078047e+02
<STATE> 3
<MEAN> 25
 1.145314e+00 8.542426e-02 4.831469e+00 -1.481073e+00 -1.974663e+00 -4.796599e+00 -7.728815e+00 -4.982257e-01 -1.248030e+00 2.439266e+00 5.406162e+00 -4.347823e+00 -4.071330e-01 -1.178563e+00 5.892075e-01 -1.631328e+00 -1.154761e+00 -7.359340e-01 -6.879775e-01 1.166284e+00 1.254863e+00 3.704746e-01 8.601389e-01 -9.175627e-01 1.598665e+00
<VARIANCE> 25
 9.945599e+00 3.037649e+01 3.491061e+01 3.290555e+01 4.146416e+01 5.349251e+01 6.677734e+01 5.135318e+01 4.777900e+01 4.486776e+01 7.166248e+01 3.619316e+01 1.301663e+00 3.107195e+00 4.825096e+00 4.269232e+00 6.542406e+00 4.138643e+00 4.598158e+00 6.198482e+00 6.259832e+00 4.816586e+00 6.287848e+00 3.530455e+00 2.838642e+00
<GCONST> 1.087006e+02
<STATE> 4
<MEAN> 25
 1.077351e+00 -2.129385e+00 4.364792e+00 -3.558990e+00 -3.520210e+00 -5.018476e+00 -6.937147e+00 2.582153e+00 1.040449e+00 3.252540e+00 4.330876e+00 -5.179197e+00 -1.935084e-01 -6.323667e-01 -7.939584e-02 -8.367476e-01 -5.361444e-02 3.138057e-01 6.027137e-01 6.115257e-01 5.062547e-01 -6.329908e-02 -7.197033e-01 6.044411e-02 5.340723e-01
<VARIANCE> 25
 1.101991e+01 3.685675e+01 3.315666e+01 3.745222e+01 3.700214e+01 4.345818e+01 6.068853e+01 5.207572e+01 5.574539e+01 4.710954e+01 6.291575e+01 4.193287e+01 1.160065e+00 2.124053e+00 4.447750e+00 3.270608e+00 3.442442e+00 3.343669e+00 3.418336e+00 4.732840e+00 3.946870e+00 3.099054e+00 5.083205e+00 3.140953e+00 2.004242e+00
<GCONST> 1.050462e+02
<TRANSP> 5
 0.000000e+00 1.000000e+00 0.000000e+00 0.000000e+00 0.000000e+00
 0.000000e+00 5.052594e-01 4.947406e-01 0.000000e+00 0.000000e+00
 0.000000e+00 0.000000e+00 3.276024e-01 6.723976e-01 0.000000e+00
 0.000000e+00 0.000000e+00 0.000000e+00 4.709367e-01 5.290633e-01
 0.000000e+00 0.000000e+00 0.000000e+00 0.000000e+00 0.000000e+00
<ENDHMM>
~h "h"
<BEGINHMM>
<NUMSTATES> 5
<STATE> 2
<MEAN> 25
 -7.125020e-01 -3.375559e+00 7.273371e-01 -1.303645e+00 3.203511e+00 -1.727446e+00 3.783432e+00 1.796837e+00 2.182350e-01 -3.577785e-01 -3.402543e+00 7.009027e-01 -2.443308e-01 3.284000e-01 -2.515872e-01 7.073095e-01 4.738296e-01 2.363931e-01 7.167825e-01 -9.680980e-02 9.681866e-02 -1.777716e-01 -3.563804e-01 3.762581e-01 -6.763315e-01
<VARIANCE> 25
 1.438659e+01 3.417337e+01 4.937040e+01 3.535617e+01 6.391996e+01 5.798209e+01 5.501393e+01 4.954332e+01 4.363498e+01 3.571229e+01 4.113260e+01 2.815998e+01 7.003350e-01 1.521554e+00 1.920272e+00 1.833748e+00 2.154693e+00 2.401232e+00 2.217068e+00 2.555799e+00 2.344935e+00 2.044716e+00 2.132047e+00 1.807965e+00 9.481928e-01
<GCONST> 9.770788e+01
<STATE> 3
<MEAN> 25
 -9.582906e-01 -2.573436e+00 -7.150030e-01 5.083886e-01 4.078988e+00 -7.229017e-01 4.936767e+00 9.242138e-01 5.209234e-01 -4.498119e-01 -4.036512e+00 1.333659e+00 9.273030e-02 3.746805e-01 -3.469527e-01 4.997802e-01 -1.225170e-01 2.050107e-01 2.651631e-02 -1.105923e-01 1.869983e-02 -8.147091e-02 6.948368e-02 1.262080e-01 -7.138286e-01
<VARIANCE> 25
 1.639113e+01 3.198312e+01 4.418829e+01 3.000556e+01 5.384498e+01 4.615654e+01 5.074483e+01 4.535311e+01 4.477584e+01 3.347501e+01 3.981195e+01 2.851913e+01 6.130215e-01 1.214936e+00 1.552556e+00 1.584670e+00 2.004921e+00 2.299805e+00 2.098202e+00 2.294731e+00 2.193617e+00 2.055600e+00 1.863032e+00 1.697293e+00 7.751002e-01
<GCONST> 9.541370e+01
<STATE> 4
<MEAN> 25
 -1.004453e+00 1.759896e+00 -3.139042e+00 4.132328e+00 2.366545e+00 2.121242e+00 2.723820e+00 1.191589e+00 1.113123e+00 -1.059742e+00 -2.053505e+00 3.060378e+00 -1.134789e-02 1.470716e-01 -8.562176e-02 9.400094e-02 -6.593186e-02 4.708128e-02 -2.855144e-02 -1.052178e-02 2.062086e-02 -2.987016e-03 1.095079e-01 2.483239e-02 -2.088436e-01
<VARIANCE> 25
 9.019333e+00 2.892819e+01 2.565017e+01 2.413553e+01 2.695216e+01 2.875475e+01 3.108266e+01 3.074423e+01 3.483816e+01 2.534219e+01 2.617246e+01 2.365257e+01 3.426069e-01 7.565251e-01 9.736815e-01 1.084750e+00 1.402467e+00 1.497649e+00 1.686220e+00 1.879698e+00 1.864199e+00 1.680505e+00 1.649806e+00 1.495459e+00 3.725140e-01
<GCONST> 8.632370e+01
<TRANSP> 5
 0.000000e+00 1.000000e+00 0.000000e+00 0.000000e+00 0.000000e+00
 0.000000e+00 4.814535e-01 5.185465e-01 0.000000e+00 0.000000e+00
 0.000000e+00 0.000000e+00 5.196767e-01 4.803233e-01 0.000000e+00
 0.000000e+00 0.000000e+00 0.000000e+00 8.754516e-01 1.245484e-01
 0.000000e+00 0.000000e+00 0.000000e+00 0.000000e+00 0.000000e+00
<ENDHMM>
~h "i"
<BEGINHMM>
<NUMSTATES> 5
<STATE> 2
<MEAN> 25
 -2.053948e+00 2.940030e-01 1.303625e+01 -7.317048e-01 -7.021999e+00 -6.279815e+00 -3.038047e+00 -2.001638e+00 -5.224162e+00 -2.530603e+00 5.375916e+00 -2.491836e-01 -2.469178e-01 -4.020125e-01 2.739129e+00 -1.114645e+00 -2.114387e+00 -4.606389e-01 -1.350187e+00 1.903098e-01 -1.271233e+00 -2.642664e-01 1.759767e+00 -5.221984e-01 1.191173e+00
<VARIANCE> 25
 1.433945e+01 2.719053e+01 5.148809e+01 3.811332e+01 4.508488e+01 4.409533e+01 5.127972e+01 5.207444e+01 4.241177e+01 4.253429e+01 4.158961e+01 3.019785e+01 2.090192e+00 2.095185e+00 5.165248e+00 3.577400e+00 4.359726e+00 4.009212e+00 5.006986e+00 5.030710e+00 4.989639e+00 4.405713e+00 4.170182e+00 2.847500e+00 1.650620e+00
<GCONST> 1.061597e+02
<STATE> 3
<MEAN> 25
 -2.700516e+00 4.060525e-01 1.724960e+01 -3.044150e+00 -1.042562e+01 -6.010356e+00 -5.861213e+00 -1.424311e+00 -7.245091e+00 -2.584380e+00 8.236755e+00 -1.850358e+00 1.911378e-01 6.748224e-02 -3.728214e-01 3.771154e-02 1.086387e-01 7.149471e-02 1.038583e-01 2.137430e-01 -4.121350e-02 3.989775e-01 -1.950101e-01 6.974734e-02 -2.207455e-01
<VARIANCE> 25
 7.817090e+00 2.257347e+01 3.686728e+01 3.615484e+01 2.968653e+01 4.238350e+01 3.958573e+01 5.031465e+01 3.650659e+01 4.911344e+01 3.808487e+01 2.946033e+01 7.592516e-01 1.622595e+00 2.881010e+00 2.274557e+00 2.537302e+00 3.047781e+00 2.796306e+00 3.335922e+00 2.745661e+00 2.336118e+00 2.359560e+00 1.981178e+00 1.229805e+00
<GCONST> 9.753848e+01
<STATE> 4
<MEAN> 25
 -6.609948e-01 1.851965e+00 1.039422e+01 -1.549596e-02 -6.524660e+00 -3.571005e+00 -2.139300e+00 -1.297922e+00 -5.827224e+00 2.034262e-02 3.436490e+00 3.322567e-01 2.867607e-01 3.101533e-01 -1.611348e+00 7.612696e-01 1.023752e+00 5.116665e-01 7.359442e-01 1.850034e-02 5.779765e-01 1.163798e-01 -9.311652e-01 2.655995e-01 -8.970319e-01
<VARIANCE> 25
 7.957099e+00 2.681024e+01 4.420681e+01 4.391331e+01 3.210491e+01 5.433467e+01 3.930584e+01 5.205682e+01 3.804641e+01 3.730192e+01 3.313589e+01 2.775592e+01 7.080405e-01 1.492432e+00 2.091155e+00 2.108067e+00 2.491900e+00 2.781590e+00 2.803924e+00 3.175997e+00 2.881105e+00 2.462235e+00 2.520595e+00 2.019617e+00 1.157715e+00
<GCONST> 9.744513e+01
<TRANSP> 5
 0.000000e+00 1.000000e+00 0.000000e+00 0.000000e+00 0.000000e+00
 0.000000e+00 6.011330e-01 3.988670e-01 0.000000e+00 0.000000e+00
 0.000000e+00 0.000000e+00 6.404561e-01 3.595439e-01 0.000000e+00
 0.000000e+00 0.000000e+00 0.000000e+00 7.748246e-01 2.251754e-01
 0.000000e+00 0.000000e+00 0.000000e+00 0.000000e+00 0.000000e+00
<ENDHMM>
~h "j"
<BEGINHMM>
<NUMSTATES> 5
<STATE> 2
<MEAN> 25
 -4.484711e-01 5.274834e+00 5.406866e+00 3.224761e+00 1.310997e+00 -2.542275e+00 4.746487e-01 -9.530625e-01 -7.872334e-02 -3.054702e+00 -1.236331e+00 3.107434e+00 -1.078085e+00 2.297431e-01 1.417911e+00 -5.933778e-01 5.373222e-02 -1.100092e+00 -3.171563e-01 -5.931662e-01 -2.859301e-01 -6.051677e-01 6.020755e-01 5.656025e-01 7.815378e-01
<VARIANCE> 25
 1.869164e+01 2.909835e+01 3.764660e+01 2.834185e+01 4.517419e+01 4.940384e+01 4.510013e+01 3.936557e+01 3.057894e+01 2.522111e+01 2.811242e+01 2.441354e+01 2.628781e+00 2.859517e+00 4.783308e+00 4.098001e+00 4.790011e+00 6.164251e+00 5.340159e+00 3.600070e+00 3.006201e+00 2.915728e+00 3.478411e+00 2.569382e+00 3.295766e+00
<GCONST> 1.044779e+02
<STATE> 3
<MEAN> 25
 -2.740201e+00 3.988784e+00 1.072124e+01 1.463823e+00 -1.474922e+00 -6.245584e+00 -3.704878e+00 -2.673056e+00 -1.341637e+00 -4.250996e+00 1.906621e+00 4.020284e+00 -1.694127e-01 -1.256999e+00 1.505050e+00 -8.446602e-01 -1.626480e+00 -1.500781e+00 -2.136420e+00 3.629895e-01 -5.942505e-01 3.595466e-01 1.549703e+00 -1.055670e-01 1.639923e+00
<VARIANCE> 25
 1.402454e+01 2.570153e+01 4.008972e+01 2.799822e+01 4.413475e+01 4.877797e+01 6.500277e+01 3.496418e+01 2.968639e+01 2.957243e+01 2.763014e+01 2.717262e+01 2.496887e+00 3.415919e+00 5.219202e+00 3.728710e+00 6.720290e+00 5.298717e+00 6.767782e+00 4.721446e+00 3.792526e+00 3.713717e+00 3.961478e+00 3.736257e+00 2.785709e+00
<GCONST> 1.061725e+02
<STATE> 4
<MEAN> 25
 -1.768446e+00 -6.972690e-01 1.149377e+01 -2.161363e+00 -5.375958e+00 -9.421829e+00 -6.578214e+00 1.746858e+00 -2.125002e+00 -4.861889e-01 4.877077e+00 2.786279e+00 7.259994e-01 -1.190563e+00 -8.694949e-01 -5.945825e-01 -3.466709e-01 1.389390e-01 -7.609721e-01 1.150604e+00 3.724600e-01 9.024277e-01 1.248476e-02 -8.137081e-01 6.501476e-01
<VARIANCE> 25
 1.317772e+01 3.344472e+01 3.795037e+01 3.008933e+01 3.782272e+01 3.413277e+01 5.718343e+01 6.427721e+01 3.730452e+01 3.952266e+01 2.729759e+01 2.714525e+01 1.255575e+00 3.283591e+00 4.565593e+00 2.931422e+00 5.722849e+00 4.073524e+00 4.850510e+00 4.478502e+00 3.791384e+00 3.536835e+00 4.133237e+00 2.986611e+00 2.085179e+00
<GCONST> 1.044344e+02
<TRANSP> 5
 0.000000e+00 1.000000e+00 0.000000e+00 0.000000e+00 0.000000e+00
 0.000000e+00 6.414111e-01 3.585889e-01 0.000000e+00 0.000000e+00
 0.000000e+00 0.000000e+00 4.694059e-01 5.305942e-01 0.000000e+00
 0.000000e+00 0.000000e+00 0.000000e+00 6.936807e-01 3.063193e-01
 0.000000e+00 0.000000e+00 0.000000e+00 0.000000e+00 0.000000e+00
<ENDHMM>
~h "k"
<BEGINHMM>
<NUMSTATES> 5
<STATE> 2
<MEAN> 25
 -6.382045e-01 2.134738e+00 -5.495055e+00 2.683851e+00 3.182567e+00 1.511433e+00 2.312098e+00 -7.517430e-01 3.426960e-01 7.635266e-01 -7.375211e-01 1.855009e+00 -4.487346e-01 -6.680895e-01 -8.743093e-01 -5.317232e-01 1.440289e+00 -5.517664e-01 -3.387198e-01 -7.606763e-02 3.427177e-01 3.816283e-01 -3.341667e-02 -6.379331e-02 7.394100e-01
<VARIANCE> 25
 1.089838e+01 2.723941e+01 3.262634e+01 3.148542e+01 4.739562e+01 4.114739e+01 3.507121e+01 3.682106e+01 3.269667e+01 3.342653e+01 2.698476e+01 2.974236e+01 1.411278e+00 3.222875e+00 3.053943e+00 3.647525e+00 5.506699e+00 4.553932e+00 3.766169e+00 4.033485e+00 3.809893e+00 3.490584e+00 2.756868e+00 2.878139e+00 2.830577e+00
<GCONST> 1.025657e+02
<STATE> 3
<MEAN> 25
 -1.512007e+00 -1.176505e+00 -6.787987e+00 -8.501670e-01 6.603639e+00 -1.275436e+00 3.379533e-01 -8.814839e-01 1.100922e+00 2.452727e+00 -4.030999e-01 2.163994e-01 2.721649e-01 -1.119203e+00 5.045077e-01 -1.713189e+00 -2.513153e-01 -5.689477e-01 -4.846640e-01 2.820896e-01 -2.197047e-02 2.324270e-01 2.907649e-01 -8.575923e-01 1.969848e+00
<VARIANCE> 25
 1.928934e+01 3.250912e+01 4.357014e+01 4.236343e+01 5.907604e+01 5.658493e+01 5.024358e+01 4.890034e+01 4.354622e+01 4.211163e+01 3.365562e+01 3.504247e+01 2.599754e+00 3.984308e+00 4.346042e+00 5.227992e+00 7.737163e+00 5.697743e+00 4.423178e+00 5.547891e+00 5.430711e+00 4.141353e+00 3.737648e+00 4.372497e+00 3.467954e+00
<GCONST> 1.100147e+02
<STATE> 4
<MEAN> 25
 -2.993781e-01 -8.913251e-01 -4.673674e+00 -2.612635e+00 2.760846e+00 -1.203604e-01 1.263157e+00 -8.379318e-02 3.526809e-01 1.416983e+00 3.416060e-01 -4.188365e-01 6.543170e-01 -4.489948e-01 9.940012e-01 -1.217303e+00 -1.254859e+00 -2.492581e-02 -4.674391e-01 1.593851e-01 -3.129656e-01 -1.997842e-01 3.829607e-01 -5.643148e-01 1.284316e+00
<VARIANCE> 25
 2.164084e+01 4.489255e+01 4.021880e+01 5.736234e+01 4.091811e+01 5.253367e+01 4.816260e+01 4.210876e+01 4.032166e+01 3.644194e+01 3.163817e+01 4.021073e+01 2.031539e+00 3.356450e+00 3.530706e+00 4.423111e+00 5.278583e+00 4.191781e+00 4.210038e+00 4.995314e+00 4.667489e+00 3.646410e+00 3.457497e+00 3.715825e+00 2.596578e+00
<GCONST> 1.074510e+02
<TRANSP> 5
 0.000000e+00 1.000000e+00 0.000000e+00 0.000000e+00 0.000000e+00
 0.000000e+00 4.755087e-01 5.244913e-01 0.000000e+00 0.000000e+00
 0.000000e+00 0.000000e+00 3.892095e-01 6.107905e-01 0.000000e+00
 0.000000e+00 0.000000e+00 0.000000e+00 3.698044e-01 6.301956e-01
 0.000000e+00 0.000000e+00 0.000000e+00 0.000000e+00 0.000000e+00
<ENDHMM>
~h "l"
<BEGINHMM>
<NUMSTATES> 5
<STATE> 2
<MEAN> 25
 2.796860e+00 -4.156141e+00 8.033880e-01 -6.610389e+00 -4.474769e-01 -1.119783e+00 -7.518657e+00 -4.582774e+00 3.965145e+00 5.692899e+00 2.883611e+00 -4.508628e+00 1.476639e-01 -8.979619e-02 1.033673e-01 -5.070603e-01 -3.624217e-02 2.208070e-01 -9.517379e-01 -3.470556e-01 4.807904e-01 8.073972e-01 2.863109e-01 -5.501451e-01 1.320415e-01
<VARIANCE> 25
 8.260930e+00 2.510697e+01 4.612454e+01 5.497795e+01 3.211827e+01 5.687232e+01 6.950832e+01 8.160390e+01 5.812983e+01 3.788563e+01 4.262276e+01 4.097966e+01 5.276123e-01 1.801297e+00 2.267154e+00 3.185695e+00 2.506579e+00 3.982606e+00 4.013099e+00 5.178410e+00 3.528368e+00 3.267589e+00 3.475823e+00 2.826018e+00 1.104781e+00
<GCONST> 1.025266e+02
<STATE> 3
<MEAN> 25
 2.827251e+00 -4.712510e+00 6.699305e-01 -7.899748e+00 -6.473179e-01 -2.784790e-01 -8.492969e+00 -4.003851e+00 5.005023e+00 6.443093e+00 3.141368e+00 -5.734511e+00 -6.547733e-02 -3.118057e-01 -1.245850e-01 -2.388841e-01 2.286975e-02 3.261237e-01 1.846776e-01 6.961672e-01 1.593881e-01 -3.953987e-01 -3.591483e-01 -1.783139e-01 1.745925e-01
<VARIANCE> 25
 6.747270e+00 2.317264e+01 4.341187e+01 5.145715e+01 2.965322e+01 4.986230e+01 6.762057e+01 7.204969e+01 6.088189e+01 3.640806e+01 4.401728e+01 4.359982e+01 4.028439e-01 1.772934e+00 2.112576e+00 2.441509e+00 1.831516e+00 3.124634e+00 3.544892e+00 4.554205e+00 3.266118e+00 2.937058e+00 3.574270e+00 2.183046e+00 8.527105e-01
<GCONST> 9.975013e+01
<STATE> 4
<MEAN> 25
 2.573244e+00 -5.471879e+00 -6.647143e-02 -7.842381e+00 -1.394067e-01 5.815330e-01 -6.847219e+00 -1.588818e+00 5.048497e+00 4.015195e+00 1.248431e+00 -5.619995e+00 -1.378467e-01 -5.390458e-02 -8.880676e-02 3.320818e-01 1.677769e-01 2.454212e-01 9.377081e-01 7.545323e-01 -6.411958e-01 -9.796764e-01 -5.876241e-01 4.123101e-01 -1.050315e-01
<VARIANCE> 25
 7.665451e+00 2.951710e+01 4.317102e+01 5.415763e+01 2.777020e+01 5.357056e+01 6.043716e+01 6.956373e+01 6.178514e+01 3.946989e+01 4.778770e+01 4.528324e+01 4.654375e-01 1.801033e+00 1.948699e+00 2.288820e+00 2.057679e+00 3.082411e+00 3.113201e+00 3.667535e+00 3.253688e+00 2.727636e+00 3.694756e+00 2.054174e+00 1.054237e+00
<GCONST> 1.001175e+02
<TRANSP> 5
 0.000000e+00 1.000000e+00 0.000000e+00 0.000000e+00 0.000000e+00
 0.000000e+00 4.312232e-01 5.687768e-01 0.000000e+00 0.000000e+00
 0.000000e+00 0.000000e+00 4.177952e-01 5.822048e-01 0.000000e+00
 0.000000e+00 0.000000e+00 0.000000e+00 4.845305e-01 5.154695e-01
 0.000000e+00 0.000000e+00 0.000000e+00 0.000000e+00 0.000000e+00
<ENDHMM>
~h "m"
<BEGINHMM>
<NUMSTATES> 5
<STATE> 2
<MEAN> 25
 4.106164e+00 -7.134596e-01 1.787349e+00 8.621957e-01 -1.536189e+00 6.944849e+00 1.153355e+00 -6.723554e+00 -7.083139e+00 3.369442e-01 6.227762e-02 -2.217451e+00 4.655430e-02 3.128293e-01 8.004907e-01 9.231440e-01 -1.014391e-01 8.053559e-01 4.183373e-01 -1.046371e+00 -1.211263e+00 -4.031280e-01 -6.213694e-01 -1.349977e-01 -3.873242e-01
<VARIANCE> 25
 6.549981e+00 2.004787e+01 2.705671e+01 3.118530e+01 2.790272e+01 3.356650e+01 3.240622e+01 3.118286e+01 4.162878e+01 2.798690e+01 3.686937e+01 2.610474e+01 4.756008e-01 1.290317e+00 2.118271e+00 2.135010e+00 2.109535e+00 2.362164e+00 2.158359e+00 2.658411e+00 3.886196e+00 2.192530e+00 2.845794e+00 1.941665e+00 9.403872e-01
<GCONST> 9.341721e+01
<STATE> 3
<MEAN> 25
 4.020317e+00 -3.690892e-01 3.148316e+00 1.464364e+00 -2.069293e+00 7.838014e+00 1.252946e+00 -7.982675e+00 -8.368760e+00 -4.783372e-01 -7.140794e-01 -2.355390e+00 1.110545e-01 -1.255897e-01 -3.131273e-01 -3.419509e-01 -1.590133e-01 -7.357725e-02 -1.388617e-01 2.634675e-01 5.004237e-01 3.689286e-02 1.935364e-01 -4.838579e-02 1.278749e-01
<VARIANCE> 25
 6.196443e+00 1.907561e+01 2.752920e+01 2.728325e+01 2.927414e+01 3.527542e+01 3.018845e+01 3.216872e+01 5.203043e+01 2.968819e+01 3.632866e+01 2.482770e+01 3.562077e-01 1.230275e+00 1.800345e+00 2.059535e+00 1.750309e+00 1.980201e+00 1.848567e+00 2.179503e+00 3.016245e+00 1.895267e+00 2.300479e+00 1.879154e+00 7.860894e-01
<GCONST> 9.139489e+01
<STATE> 4
<MEAN> 25
 4.405241e+00 -9.745893e-01 -2.158975e-01 -1.271577e+00 -2.352789e+00 6.932143e+00 5.697002e-01 -4.792631e+00 -3.917906e+00 5.354217e-02 3.708788e-01 -2.365562e+00 -1.591530e-02 -5.007184e-01 -8.615214e-01 -7.980591e-01 2.384520e-01 -5.281059e-01 -3.953975e-01 1.187788e+00 1.407262e+00 1.351719e-01 2.670063e-01 -1.452025e-01 3.855031e-01
<VARIANCE> 25
 8.151126e+00 3.354849e+01 3.202545e+01 3.965873e+01 4.648829e+01 3.586113e+01 3.704891e+01 3.658152e+01 4.745737e+01 3.075751e+01 3.573028e+01 3.340389e+01 4.630537e-01 1.583641e+00 2.124839e+00 2.495040e+00 2.633845e+00 2.513964e+00 2.315562e+00 2.964301e+00 4.477448e+00 2.388036e+00 2.740494e+00 2.508452e+00 8.261572e-01
<GCONST> 9.698695e+01
<TRANSP> 5
 0.000000e+00 1.000000e+00 0.000000e+00 0.000000e+00 0.000000e+00
 0.000000e+00 5.840681e-01 4.159319e-01 0.000000e+00 0.000000e+00
 0.000000e+00 0.000000e+00 5.313016e-01 4.686984e-01 0.000000e+00
 0.000000e+00 0.000000e+00 0.000000e+00 6.358925e-01 3.641075e-01
 0.000000e+00 0.000000e+00 0.000000e+00 0.000000e+00 0.000000e+00
<ENDHMM>
~h "n"
<BEGINHMM>
<NUMSTATES> 5
<STATE> 2
<MEAN> 25
 3.290268e+00 -3.295907e+00 4.266079e+00 2.777761e+00 -3.196084e+00 -9.047771e-01 -2.482028e+00 -1.206277e+00 -9.573641e-01 2.715909e+00 -4.340254e+00 -3.843337e+00 3.230436e-01 1.310816e+00 7.208724e-01 1.305817e+00 -4.671111e-01 7.144591e-01 3.304961e-01 -2.247915e+00 -8.286722e-01 8.464237e-01 -9.404004e-01 5.035191e-01 -1.131711e+00
<VARIANCE> 25
 5.051241e+00 2.543024e+01 2.597796e+01 2.329589e+01 2.644720e+01 3.038167e+01 3.760160e+01 7.495160e+01 3.835118e+01 4.380889e+01 3.552320e+01 3.118686e+01 3.808824e-01 1.444127e+00 2.441667e+00 1.948191e+00 2.140356e+00 2.520307e+00 2.728763e+00 5.410312e+00 2.848797e+00 3.393144e+00 2.890645e+00 2.303696e+00 7.817370e-01
<GCONST> 9.553544e+01
<STATE> 3
<MEAN> 25
 3.827097e+00 -4.199381e-01 4.755606e+00 4.843250e+00 -3.761188e+00 8.814121e-01 -1.198845e+00 -5.493618e+00 -2.436412e+00 3.766703e+00 -5.799401e+00 -2.250563e+00 4.353567e-02 6.376628e-01 -3.274457e-01 3.670365e-01 1.423997e-01 3.183858e-01 4.846034e-01 -3.317672e-01 -1.540420e-01 -2.911390e-01 -1.039037e-01 2.590225e-01 -5.721686e-01
<VARIANCE> 25
 4.843870e+00 1.936389e+01 2.098168e+01 2.017385e+01 2.617218e+01 2.782854e+01 3.323761e+01 5.201778e+01 3.923129e+01 4.093853e+01 3.829765e+01 2.739363e+01 3.120545e-01 1.372942e+00 1.554184e+00 1.485893e+00 1.727319e+00 1.867095e+00 2.052185e+00 3.543744e+00 2.335358e+00 2.515100e+00 2.075567e+00 1.774728e+00 8.196771e-01
<GCONST> 9.093925e+01
<STATE> 4
<MEAN> 25
 1.455063e+00 2.675375e+00 1.442267e-01 5.745610e+00 -1.319934e-01 2.034526e+00 1.789014e+00 -2.333498e+00 -7.012010e-01 6.838155e-01 -4.402143e+00 4.866865e-01 -2.869292e-01 9.931731e-02 -3.879318e-01 -2.422341e-01 3.610537e-01 -2.576735e-02 1.695421e-01 5.130242e-01 1.373205e-01 -4.396336e-01 3.995013e-01 1.316153e-01 -2.043821e-01
<VARIANCE> 25
 1.122490e+01 2.460785e+01 3.020926e+01 2.063220e+01 3.012902e+01 2.670539e+01 3.158752e+01 4.722564e+01 3.581746e+01 3.493270e+01 3.515750e+01 2.969730e+01 4.908683e-01 1.324764e+00 1.528442e+00 1.583806e+00 2.001460e+00 1.879948e+00 2.100234e+00 3.447083e+00 2.217908e+00 2.568500e+00 2.225399e+00 1.857683e+00 7.963212e-01
<GCONST> 9.277375e+01
<TRANSP> 5
 0.000000e+00 1.000000e+00 0.000000e+00 0.000000e+00 0.000000e+00
 0.000000e+00 5.602470e-01 4.397530e-01 0.000000e+00 0.000000e+00
 0.000000e+00 0.000000e+00 5.130710e-01 4.869290e-01 0.000000e+00
 0.000000e+00 0.000000e+00 0.000000e+00 7.368448e-01 2.631552e-01
 0.000000e+00 0.000000e+00 0.000000e+00 0.000000e+00 0.000000e+00
<ENDHMM>
~h "o"
<BEGINHMM>
<NUMSTATES> 5
<STATE> 2
<MEAN> 25
 3.672544e+00 -6.692482e-01 -4.805227e+00 -9.458459e+00 -1.744022e+00 5.914493e+00 -6.896925e-01 -2.148081e+00 4.574747e-01 2.093992e+00 2.934195e+00 1.173836e-01 7.047509e-01 -4.275560e-01 -2.596501e-01 -1.759146e+00 -4.407896e-01 1.126617e+00 2.733110e-02 5.085443e-02 -3.652844e-01 2.402017e-01 4.876396e-01 -1.216623e-01 8.012019e-01
<VARIANCE> 25
 1.105126e+01 2.937936e+01 2.299082e+01 8.496608e+01 3.692690e+01 4.487840e+01 5.218046e+01 4.145603e+01 4.030947e+01 3.501233e+01 3.704863e+01 3.183726e+01 1.315087e+00 2.270544e+00 1.737985e+00 7.028278e+00 3.478011e+00 3.787366e+00 3.698675e+00 3.365416e+00 3.564144e+00 3.269543e+00 3.058849e+00 2.373685e+00 2.977976e+00
<GCONST> 1.029501e+02
<STATE> 3
<MEAN> 25
 4.389803e+00 -1.179327e+00 -5.218958e+00 -1.137741e+01 -2.110137e+00 7.280044e+00 -2.100048e-01 -2.001236e+00 -2.444717e-01 2.098536e+00 3.448694e+00 -4.288783e-01 -4.275787e-02 1.563689e-01 -3.767266e-02 8.071465e-01 2.300347e-01 -5.378410e-02 7.593971e-02 -2.236509e-02 -3.254016e-02 5.253320e-02 -1.559056e-01 -1.297897e-01 -3.747350e-01
<VARIANCE> 25
 8.113159e+00 2.690856e+01 1.834904e+01 6.746468e+01 3.074832e+01 4.186373e+01 4.800850e+01 4.296917e+01 3.634963e+01 3.980164e+01 3.605959e+01 3.035921e+01 5.554935e-01 1.569372e+00 1.144924e+00 3.747900e+00 2.235948e+00 2.355198e+00 3.100194e+00 2.391432e+00 2.417268e+00 2.713828e+00 2.199333e+00 1.961159e+00 1.584928e+00
<GCONST> 9.630872e+01
<STATE> 4
<MEAN> 25
 3.201979e+00 8.549235e-01 -4.422132e+00 -5.047607e+00 -1.020805e+00 5.465760e+00 -5.238740e-01 -2.066896e+00 3.647960e-01 1.526326e+00 2.291433e+00 -5.743149e-01 -2.934525e-01 3.029459e-01 3.015527e-01 1.444885e+00 3.730132e-01 -6.685811e-01 9.527973e-02 -6.264925e-02 1.372013e-01 -1.297873e-01 -5.007267e-01 1.996439e-02 -5.939044e-01
<VARIANCE> 25
 1.209412e+01 3.702970e+01 2.752516e+01 6.921705e+01 3.125778e+01 4.275828e+01 4.893734e+01 4.040559e+01 4.389669e+01 4.969134e+01 3.542935e+01 3.561382e+01 5.021990e-01 1.215895e+00 1.709627e+00 2.537681e+00 2.130672e+00 2.801512e+00 2.751038e+00 2.533971e+00 2.854894e+00 2.942201e+00 2.226816e+00 2.013826e+00 7.726551e-01
<GCONST> 9.729249e+01
<TRANSP> 5
 0.000000e+00 1.000000e+00 0.000000e+00 0.000000e+00 0.000000e+00
 0.000000e+00 5.752091e-01 4.247908e-01 0.000000e+00 0.000000e+00
 0.000000e+00 0.000000e+00 6.086498e-01 3.913502e-01 0.000000e+00
 0.000000e+00 0.000000e+00 0.000000e+00 7.126662e-01 2.873338e-01
 0.000000e+00 0.000000e+00 0.000000e+00 0.000000e+00 0.000000e+00
<ENDHMM>
~h "p"
<BEGINHMM>
<NUMSTATES> 5
<STATE> 2
<MEAN> 25
 6.397333e-01 3.784213e+00 -6.056012e+00 3.498258e+00 2.115278e+00 3.370396e+00 3.065166e+00 -1.073211e+00 2.668064e-01 1.426258e-01 -1.139125e+00 2.058072e+00 -1.705703e-01 -1.287957e-01 -1.389670e-01 -1.300012e-01 1.178889e-01 -2.541057e-01 8.176704e-02 -1.301752e-01 3.308808e-01 3.416416e-02 1.457834e-01 2.273297e-01 9.638083e-02
<VARIANCE> 25
 1.002782e+01 1.798339e+01 2.278277e+01 2.165495e+01 2.362487e+01 2.929532e+01 2.852735e+01 2.803408e+01 2.595878e+01 2.492130e+01 2.151902e+01 2.683410e+01 9.333035e-01 1.755357e+00 1.393195e+00 2.507126e+00 1.897292e+00 2.499730e+00 2.215251e+00 2.427929e+00 2.314829e+00 2.083285e+00 1.868732e+00 1.974704e+00 1.853809e+00
<GCONST> 9.187743e+01
<STATE> 3
<MEAN> 25
 4.988562e-01 1.605948e+00 -5.415404e+00 8.123255e-01 2.145181e+00 1.135155e+00 2.301289e+00 -2.587266e+00 1.571094e+00 4.772800e-01 -1.950683e-01 1.769240e+00 4.883702e-01 -1.797886e+00 3.028475e-01 -1.968292e+00 -3.302669e-01 -6.846074e-01 -9.308167e-01 -3.866951e-01 3.457752e-01 4.779931e-01 8.015926e-01 -5.275130e-01 2.474545e+00
<VARIANCE> 25
 1.616327e+01 2.593397e+01 2.459240e+01 3.596201e+01 2.576002e+01 3.881483e+01 3.086353e+01 3.065516e+01 2.685808e+01 2.555647e+01 2.591217e+01 2.683531e+01 2.352128e+00 4.065638e+00 3.848755e+00 6.426691e+00 4.035262e+00 5.783910e+00 4.736420e+00 4.083743e+00 4.174705e+00 3.860756e+00 3.384437e+00 4.141448e+00 3.227520e+00
<GCONST> 1.037764e+02
<STATE> 4
<MEAN> 25
 2.385193e+00 -2.205150e+00 -4.895125e+00 -3.454544e+00 8.894336e-01 9.555680e-01 -6.357275e-01 -2.632360e+00 1.913417e+00 1.562413e+00 1.673968e+00 -3.861199e-01 6.150519e-01 -1.864338e+00 1.079450e+00 -1.635041e+00 -1.000593e+00 -6.158665e-01 -1.526773e+00 3.740132e-01 -1.439427e-02 2.570410e-01 7.889180e-01 -1.069883e+00 2.539021e+00
<VARIANCE> 25
 1.949838e+01 4.185400e+01 2.754417e+01 6.584015e+01 3.336007e+01 5.967003e+01 4.605433e+01 3.461594e+01 3.422527e+01 3.730680e+01 3.425623e+01 4.030032e+01 2.043586e+00 4.085030e+00 6.292410e+00 6.588836e+00 5.391747e+00 7.418104e+00 5.584908e+00 5.708701e+00 5.395737e+00 4.632812e+00 5.058522e+00 5.199857e+00 3.171802e+00
<GCONST> 1.101475e+02
<TRANSP> 5
 0.000000e+00 1.000000e+00 0.000000e+00 0.000000e+00 0.000000e+00
 0.000000e+00 6.696274e-01 3.303726e-01 0.000000e+00 0.000000e+00
 0.000000e+00 0.000000e+00 3.083882e-01 6.916118e-01 0.000000e+00
 0.000000e+00 0.000000e+00 0.000000e+00 3.301751e-01 6.698250e-01
 0.000000e+00 0.000000e+00 0.000000e+00 0.000000e+00 0.000000e+00
<ENDHMM>
~h "r"
<BEGINHMM>
<NUMSTATES> 5
<STATE> 2
<MEAN> 25
 3.126613e+00 -4.893702e+00 -2.975103e+00 2.402705e+00 -1.207477e+00 -3.922925e+00 -4.201726e+00 -1.370309e-01 5.975089e+00 1.392849e+00 1.417253e+00 -2.238845e+00 3.136299e-01 7.694101e-02 -1.861948e-01 8.525952e-01 -1.018466e-01 -9.997027e-02 -1.290400e-01 6.442197e-02 -2.261459e-02 -2.223330e-01 -1.126738e-01 1.325171e-01 -4.435241e-01
<VARIANCE> 25
 1.135762e+01 2.732475e+01 3.725180e+01 3.407360e+01 3.527187e+01 3.924100e+01 4.903304e+01 6.300950e+01 4.073811e+01 3.259335e+01 4.197924e+01 4.482341e+01 9.888836e-01 2.514747e+00 2.113538e+00 3.502567e+00 3.419956e+00 3.681552e+00 3.467579e+00 4.791806e+00 4.100690e+00 3.474023e+00 3.755533e+00 3.995932e+00 2.418087e+00
<GCONST> 1.033347e+02
<STATE> 3
<MEAN> 25
 3.637133e+00 -4.290452e+00 -3.167112e+00 3.537622e+00 -1.318126e+00 -3.438943e+00 -3.589811e+00 -1.847508e-01 4.953172e+00 1.214151e+00 9.660535e-01 -1.624656e+00 5.583932e-02 1.073098e-01 1.919735e-01 -1.084044e-02 -1.167620e-01 2.477756e-01 3.395743e-01 2.517310e-01 -7.203106e-01 -1.525022e-01 -1.174133e-01 1.852140e-04 -1.801113e-01
<VARIANCE> 25
 1.155178e+01 3.409659e+01 4.155291e+01 2.957437e+01 3.852390e+01 3.991433e+01 4.994453e+01 6.286065e+01 4.248540e+01 3.443816e+01 4.104187e+01 4.351785e+01 1.019334e+00 2.618199e+00 2.343553e+00 2.965845e+00 3.457241e+00 3.442206e+00 3.418363e+00 4.772889e+00 3.549786e+00 3.280265e+00 3.664468e+00 3.676341e+00 2.233119e+00
<GCONST> 1.032508e+02
<STATE> 4
<MEAN> 25
 3.054730e+00 -2.846780e+00 -2.363974e+00 3.490862e+00 -1.254135e+00 -2.137146e+00 -1.837734e+00 1.358009e-01 2.864493e+00 7.200432e-01 1.612426e-01 -6.741753e-01 -2.570559e-01 2.765171e-01 5.247684e-01 -4.416979e-01 5.429728e-03 3.338234e-01 4.369952e-01 9.987617e-02 -9.515213e-01 -1.081168e-01 -4.881360e-02 8.205544e-02 -8.908989e-02
<VARIANCE> 25
 1.339621e+01 4.942186e+01 4.580696e+01 3.388981e+01 4.352453e+01 4.671795e+01 4.310176e+01 6.271833e+01 4.161997e+01 3.616939e+01 3.613248e+01 4.391048e+01 9.505075e-01 1.935374e+00 2.437189e+00 2.248111e+00 3.366809e+00 3.149976e+00 3.154424e+00 3.910893e+00 3.134910e+00 2.912378e+00 3.336759e+00 2.592716e+00 1.517507e+00
<GCONST> 1.019664e+02
<TRANSP> 5
 0.000000e+00 1.000000e+00 0.000000e+00 0.000000e+00 0.000000e+00
 0.000000e+00 3.427060e-01 6.572940e-01 0.000000e+00 0.000000e+00
 0.000000e+00 0.000000e+00 2.801675e-01 7.198325e-01 0.000000e+00
 0.000000e+00 0.000000e+00 0.000000e+00 4.260699e-01 5.739301e-01
 0.000000e+00 0.000000e+00 0.000000e+00 0.000000e+00 0.000000e+00
<ENDHMM>
~h "s"
<BEGINHMM>
<NUMSTATES> 5
<STATE> 2
<MEAN> 25
 -9.060060e+00 6.881477e+00 -6.715850e-01 -5.635933e-01 8.326794e+00 -6.946403e+00 5.154626e+00 -1.007450e+00 2.824661e+00 -2.099955e+00 -8.843978e-01 2.767243e+00 -2.836015e+00 1.840573e+00 -7.021241e-01 -5.286965e-01 1.557739e+00 -7.929469e-01 1.063174e+00 -1.759895e-01 4.268817e-01 -8.613783e-01 1.987377e-01 3.875951e-01 1.222152e-02
<VARIANCE> 25
 4.273602e+01 2.913421e+01 3.815417e+01 2.725853e+01 3.606712e+01 4.898168e+01 4.532035e+01 3.945372e+01 3.440992e+01 3.165770e+01 2.981148e+01 2.842554e+01 2.702703e+00 2.938286e+00 2.541753e+00 2.326684e+00 3.547715e+00 3.415014e+00 4.445873e+00 3.639536e+00 3.123533e+00 3.079981e+00 2.375367e+00 2.447137e+00 8.014717e-01
<GCONST> 1.016525e+02
<STATE> 3
<MEAN> 25
 -1.502208e+01 8.507185e+00 -1.924199e+00 -1.738768e+00 1.010732e+01 -7.352949e+00 5.498349e+00 -3.053366e-01 3.251081e+00 -3.725870e+00 -4.188822e-01 3.602558e+00 9.123189e-01 -8.559525e-01 2.654905e-01 1.831205e-01 -5.010784e-01 1.486102e-01 -4.079872e-01 5.458381e-02 -5.355921e-03 2.085906e-01 -8.336458e-02 -6.407899e-02 -2.470065e-01
<VARIANCE> 25
 1.889979e+01 1.925365e+01 2.656697e+01 2.760271e+01 2.502590e+01 3.409639e+01 3.497886e+01 2.952530e+01 2.780958e+01 2.535825e+01 2.539949e+01 2.553709e+01 3.588824e+00 1.850240e+00 1.953572e+00 1.625315e+00 2.172141e+00 2.428032e+00 2.733219e+00 2.351091e+00 2.283257e+00 2.194684e+00 1.928789e+00 1.805901e+00 8.931651e-01
<GCONST> 9.448206e+01
<STATE> 4
<MEAN> 25
 -5.373462e+00 3.143258e+00 -1.060776e+00 -7.476481e-01 5.939808e+00 -6.307964e+00 2.318962e+00 -1.134408e+00 3.236013e+00 -1.257074e+00 -1.313984e+00 1.862468e+00 3.122819e+00 -1.847778e+00 3.487073e-01 -1.056193e-01 -2.021843e+00 6.971084e-01 -1.508180e+00 -3.584477e-01 -4.221700e-01 9.393686e-01 1.697273e-01 -7.448633e-01 6.656794e-01
<VARIANCE> 25
 3.000263e+01 2.565682e+01 3.826548e+01 2.438898e+01 3.260080e+01 4.179716e+01 4.485571e+01 3.248902e+01 3.408184e+01 2.758695e+01 2.331882e+01 2.729657e+01 2.619915e+00 3.711677e+00 4.367446e+00 3.129284e+00 3.659072e+00 3.862602e+00 4.487969e+00 4.679915e+00 4.303046e+00 3.407551e+00 3.049006e+00 2.926131e+00 2.366604e+00
<GCONST> 1.035535e+02
<TRANSP> 5
 0.000000e+00 1.000000e+00 0.000000e+00 0.000000e+00 0.000000e+00
 0.000000e+00 7.654407e-01 2.345593e-01 0.000000e+00 0.000000e+00
 0.000000e+00 0.000000e+00 7.759595e-01 2.240405e-01 0.000000e+00
 0.000000e+00 0.000000e+00 0.000000e+00 5.481282e-01 4.518718e-01
 0.000000e+00 0.000000e+00 0.000000e+00 0.000000e+00 0.000000e+00
<ENDHMM>
~h "t"
<BEGINHMM>
<NUMSTATES> 5
<STATE> 2
<MEAN> 25
 -7.665722e-02 3.273113e+00 -3.089088e+00 3.228951e+00 1.141145e+00 -2.270425e-01 1.169064e+00 9.319368e-02 -7.116652e-02 5.652857e-01 -1.152178e+00 2.039200e+00 -7.226936e-01 -1.321455e-01 -3.102697e-01 -4.358812e-01 8.732423e-01 -4.079040e-01 5.229078e-01 -1.995867e-01 7.619256e-01 -3.539833e-01 -8.745340e-02 3.124588e-01 2.165636e-01
<VARIANCE> 25
 9.212821e+00 1.592299e+01 2.710531e+01 2.352830e+01 2.671750e+01 3.583553e+01 2.954049e+01 3.213931e+01 3.107001e+01 2.635919e+01 2.661281e+01 3.029610e+01 1.409764e+00 1.877253e+00 1.822481e+00 2.948460e+00 3.142024e+00 4.392692e+00 3.164617e+00 3.112750e+00 3.549935e+00 2.885942e+00 2.304545e+00 2.299597e+00 2.867477e+00
<GCONST> 9.712868e+01
<STATE> 3
<MEAN> 25
 -2.486617e+00 1.733288e+00 -2.924909e+00 6.078676e-01 4.028582e+00 -2.861128e+00 2.043199e+00 -1.189432e+00 2.741652e+00 -3.649957e-01 -1.356281e+00 1.776404e+00 -6.484565e-01 -1.171558e+00 2.338374e-01 -1.742954e+00 8.401617e-01 -1.119512e+00 -3.730760e-01 -2.949057e-01 1.353305e+00 -2.431797e-01 1.922467e-01 -6.015735e-01 2.170521e+00
<VARIANCE> 25
 1.919869e+01 2.036203e+01 2.822934e+01 3.076987e+01 3.246466e+01 4.794340e+01 3.370089e+01 3.332118e+01 3.469135e+01 2.936443e+01 2.742724e+01 2.977688e+01 2.375500e+00 3.270149e+00 2.781094e+00 4.365615e+00 3.413680e+00 5.521500e+00 5.337702e+00 4.799448e+00 4.887790e+00 3.877428e+00 3.142766e+00 4.229677e+00 4.507796e+00
<GCONST> 1.044491e+02
<STATE> 4
<MEAN> 25
 -3.030851e+00 8.067833e-01 -3.127067e+00 -7.376241e-01 4.475406e+00 -2.717293e+00 1.642237e+00 -4.309582e-01 4.204754e+00 -7.022400e-01 -9.053754e-01 1.579262e+00 3.703997e-01 -8.746636e-01 5.167010e-01 -1.171350e+00 -3.516550e-01 -2.574431e-01 -1.067698e+00 -1.997219e-01 1.974902e-01 1.970882e-01 5.032130e-01 -7.471153e-01 1.641932e+00
<VARIANCE> 25
 2.202236e+01 3.259793e+01 2.623541e+01 4.278226e+01 2.884508e+01 5.267641e+01 4.123424e+01 3.693634e+01 3.517910e+01 3.086631e+01 2.499202e+01 3.777195e+01 2.375339e+00 2.923662e+00 3.281122e+00 3.878917e+00 2.932672e+00 5.233341e+00 5.549088e+00 5.095364e+00 4.157685e+00 3.392642e+00 3.428857e+00 3.806759e+00 3.713060e+00
<GCONST> 1.051234e+02
<TRANSP> 5
 0.000000e+00 1.000000e+00 0.000000e+00 0.000000e+00 0.000000e+00
 0.000000e+00 4.429112e-01 5.570888e-01 0.000000e+00 0.000000e+00
 0.000000e+00 0.000000e+00 3.278369e-01 6.721631e-01 0.000000e+00
 0.000000e+00 0.000000e+00 0.000000e+00 5.116475e-01 4.883525e-01
 0.000000e+00 0.000000e+00 0.000000e+00 0.000000e+00 0.000000e+00
<ENDHMM>
~h "u"
<BEGINHMM>
<NUMSTATES> 5
<STATE> 2
<MEAN> 25
 4.212619e+00 1.951145e+00 -7.294733e-01 -6.790544e+00 -2.284577e+00 2.618606e+00 -7.976485e+00 -6.886678e+00 -2.523007e+00 1.457253e+00 5.132634e+00 -3.795522e-01 7.606833e-01 5.525617e-02 1.600219e-01 -1.056120e+00 -8.122616e-01 1.112378e+00 -1.111793e+00 -7.375990e-01 -8.567519e-01 4.529807e-01 1.056645e+00 -7.434934e-05 4.302460e-01
<VARIANCE> 25
 1.044981e+01 2.519017e+01 2.796708e+01 6.269479e+01 4.616083e+01 4.924357e+01 6.372794e+01 5.064471e+01 4.982537e+01 4.493447e+01 4.524697e+01 3.377590e+01 1.632066e+00 2.452893e+00 2.803182e+00 5.649551e+00 4.651551e+00 4.913418e+00 6.709712e+00 4.641016e+00 5.295071e+00 4.546433e+00 4.718481e+00 3.609173e+00 2.064018e+00
<GCONST> 1.073011e+02
<STATE> 3
<MEAN> 25
 4.658625e+00 1.906445e+00 -5.329409e-01 -7.314715e+00 -2.912494e+00 4.486927e+00 -8.444761e+00 -7.144055e+00 -3.153060e+00 1.949800e+00 5.676492e+00 -5.112723e-02 -1.203099e-02 2.232572e-01 7.469207e-06 7.730672e-01 1.719922e-01 2.374938e-02 5.821025e-01 2.816485e-01 1.706147e-02 -9.763090e-02 -6.286622e-01 1.784620e-01 -5.457788e-01
<VARIANCE> 25
 8.255877e+00 2.529918e+01 2.607795e+01 6.862037e+01 4.119318e+01 4.826906e+01 5.472378e+01 4.735718e+01 4.542588e+01 4.834732e+01 4.823909e+01 3.538913e+01 6.530941e-01 2.213796e+00 1.956805e+00 4.090016e+00 3.000060e+00 3.350580e+00 4.273910e+00 3.495343e+00 4.033308e+00 3.718939e+00 3.367233e+00 3.192791e+00 1.752862e+00
<GCONST> 1.024750e+02
<STATE> 4
<MEAN> 25
 3.769347e+00 4.763867e+00 -1.553749e+00 -2.654130e+00 -1.650585e+00 2.920269e+00 -3.615265e+00 -4.137599e+00 -2.890507e+00 4.978046e-01 1.808761e+00 1.938607e+00 -3.574628e-01 1.008270e-01 -2.581713e-02 1.002691e+00 4.110624e-01 -2.572967e-01 7.416483e-01 3.751994e-01 3.572312e-01 -1.781228e-01 -6.276493e-01 8.300345e-02 -5.434703e-01
<VARIANCE> 25
 1.052032e+01 2.809159e+01 2.543269e+01 6.739016e+01 3.565042e+01 4.191743e+01 4.609196e+01 3.642466e+01 4.078939e+01 4.349160e+01 3.460809e+01 3.286987e+01 5.548708e-01 1.272625e+00 1.385772e+00 2.421684e+00 2.316069e+00 2.580922e+00 2.639559e+00 2.633197e+00 2.515185e+00 2.527332e+00 2.443375e+00 2.163514e+00 8.729266e-01
<GCONST> 9.630354e+01
<TRANSP> 5
 0.000000e+00 1.000000e+00 0.000000e+00 0.000000e+00 0.000000e+00
 0.000000e+00 4.814115e-01 5.185885e-01 0.000000e+00 0.000000e+00
 0.000000e+00 0.000000e+00 4.740375e-01 5.259625e-01 0.000000e+00
 0.000000e+00 0.000000e+00 0.000000e+00 7.364219e-01 2.635781e-01
 0.000000e+00 0.000000e+00 0.000000e+00 0.000000e+00 0.000000e+00
<ENDHMM>
~h "v"
<BEGINHMM>
<NUMSTATES> 5
<STATE> 2
<MEAN> 25
 0.000000e+00 0.000000e+00 0.000000e+00 0.000000e+00 0.000000e+00 0.000000e+00 0.000000e+00 0.000000e+00 0.000000e+00 0.000000e+00 0.000000e+00 0.000000e+00 0.000000e+00 0.000000e+00 0.000000e+00 0.000000e+00 0.000000e+00 0.000000e+00 0.000000e+00 0.000000e+00 0.000000e+00 0.000000e+00 0.000000e+00 0.000000e+00 0.000000e+00
<VARIANCE> 25
 1.000000e+00 1.000000e+00 1.000000e+00 1.000000e+00 1.000000e+00 1.000000e+00 1.000000e+00 1.000000e+00 1.000000e+00 1.000000e+00 1.000000e+00 1.000000e+00 1.000000e+00 1.000000e+00 1.000000e+00 1.000000e+00 1.000000e+00 1.000000e+00 1.000000e+00 1.000000e+00 1.000000e+00 1.000000e+00 1.000000e+00 1.000000e+00 1.000000e+00
<GCONST> 4.594693e+01
<STATE> 3
<MEAN> 25
 0.000000e+00 0.000000e+00 0.000000e+00 0.000000e+00 0.000000e+00 0.000000e+00 0.000000e+00 0.000000e+00 0.000000e+00 0.000000e+00 0.000000e+00 0.000000e+00 0.000000e+00 0.000000e+00 0.000000e+00 0.000000e+00 0.000000e+00 0.000000e+00 0.000000e+00 0.000000e+00 0.000000e+00 0.000000e+00 0.000000e+00 0.000000e+00 0.000000e+00
<VARIANCE> 25
 1.000000e+00 1.000000e+00 1.000000e+00 1.000000e+00 1.000000e+00 1.000000e+00 1.000000e+00 1.000000e+00 1.000000e+00 1.000000e+00 1.000000e+00 1.000000e+00 1.000000e+00 1.000000e+00 1.000000e+00 1.000000e+00 1.000000e+00 1.000000e+00 1.000000e+00 1.000000e+00 1.000000e+00 1.000000e+00 1.000000e+00 1.000000e+00 1.000000e+00
<GCONST> 4.594693e+01
<STATE> 4
<MEAN> 25
 0.000000e+00 0.000000e+00 0.000000e+00 0.000000e+00 0.000000e+00 0.000000e+00 0.000000e+00 0.000000e+00 0.000000e+00 0.000000e+00 0.000000e+00 0.000000e+00 0.000000e+00 0.000000e+00 0.000000e+00 0.000000e+00 0.000000e+00 0.000000e+00 0.000000e+00 0.000000e+00 0.000000e+00 0.000000e+00 0.000000e+00 0.000000e+00 0.000000e+00
<VARIANCE> 25
 1.000000e+00 1.000000e+00 1.000000e+00 1.000000e+00 1.000000e+00 1.000000e+00 1.000000e+00 1.000000e+00 1.000000e+00 1.000000e+00 1.000000e+00 1.000000e+00 1.000000e+00 1.000000e+00 1.000000e+00 1.000000e+00 1.000000e+00 1.000000e+00 1.000000e+00 1.000000e+00 1.000000e+00 1.000000e+00 1.000000e+00 1.000000e+00 1.000000e+00
<GCONST> 4.594693e+01
<TRANSP> 5
 0.000000e+00 1.000000e+00 0.000000e+00 0.000000e+00 0.000000e+00
 0.000000e+00 6.000000e-01 4.000000e-01 0.000000e+00 0.000000e+00
 0.000000e+00 0.000000e+00 6.000000e-01 4.000000e-01 0.000000e+00
 0.000000e+00 0.000000e+00 0.000000e+00 7.000000e-01 3.000000e-01
 0.000000e+00 0.000000e+00 0.000000e+00 0.000000e+00 0.000000e+00
<ENDHMM>
~h "w"
<BEGINHMM>
<NUMSTATES> 5
<STATE> 2
<MEAN> 25
 -1.351315e+00 3.788110e+00 -4.228223e+00 5.220971e+00 1.872936e+00 4.425725e+00 4.523271e+00 -2.706532e-01 -1.498148e-01 -6.525069e-02 -6.449059e-01 3.321697e+00 1.512128e-01 1.619822e-01 -1.203177e-01 -2.752269e-01 -1.256803e-01 1.474553e-01 5.468515e-02 -8.035018e-02 -3.123733e-01 9.672145e-02 2.782282e-01 2.005752e-01 -2.005710e-02
<VARIANCE> 25
 1.379478e+01 2.800543e+01 2.087866e+01 3.918928e+01 2.359888e+01 2.278266e+01 2.618313e+01 3.460680e+01 2.255622e+01 2.589393e+01 2.584726e+01 3.674754e+01 5.598280e-01 8.331857e-01 1.080091e+00 1.821399e+00 1.379497e+00 1.456327e+00 1.599350e+00 1.843897e+00 1.994969e+00 1.818349e+00 1.773546e+00 1.606159e+00 5.435681e-01
<GCONST> 8.835233e+01
<STATE> 3
<MEAN> 25
 5.754358e+00 1.949612e+00 -5.770478e+00 -9.154539e+00 -3.769639e+00 6.955811e+00 -3.615105e-02 -3.645870e+00 -4.351264e+00 1.986268e+00 5.045403e+00 1.837857e+00 6.780381e-01 -3.873059e-01 -2.063408e-01 -2.392406e+00 -3.555094e-01 8.474096e-01 -9.690361e-01 3.300138e-02 -3.845124e-01 5.578480e-01 1.129827e+00 -1.138602e-01 1.069438e+00
<VARIANCE> 25
 1.135728e+01 3.340429e+01 2.191977e+01 5.806839e+01 3.239374e+01 3.607886e+01 3.597463e+01 2.928105e+01 3.074792e+01 2.696385e+01 3.228803e+01 3.194329e+01 1.164707e+00 3.168141e+00 1.346542e+00 5.360816e+00 2.699571e+00 2.752269e+00 3.505714e+00 2.195239e+00 3.270975e+00 3.582508e+00 2.950595e+00 4.955391e+00 3.089238e+00
<GCONST> 1.003169e+02
<STATE> 4
<MEAN> 25
 4.924313e+00 -2.838454e+00 -5.288252e+00 -1.399725e+01 2.397287e-01 8.675390e+00 -3.854324e+00 -2.121168e+00 -1.201306e+00 6.090757e+00 5.179011e+00 -3.241215e+00 -2.440513e-01 -4.117349e-01 -4.121279e-02 3.146003e-01 4.816678e-01 -1.595083e-01 7.963002e-02 1.893101e-01 4.778374e-01 3.961156e-02 -3.572345e-01 -5.445654e-01 1.451984e-01
<VARIANCE> 25
 7.589153e+00 3.813185e+01 1.658553e+01 6.074184e+01 3.238108e+01 4.564928e+01 4.246398e+01 2.774284e+01 4.130447e+01 4.336985e+01 5.129926e+01 4.745335e+01 4.652919e-01 2.267914e+00 7.991194e-01 3.322963e+00 1.942382e+00 1.883311e+00 2.154704e+00 1.799946e+00 2.565952e+00 2.485962e+00 2.499699e+00 3.171506e+00 1.626399e+00
<GCONST> 9.628069e+01
<TRANSP> 5
 0.000000e+00 1.000000e+00 0.000000e+00 0.000000e+00 0.000000e+00
 0.000000e+00 8.254095e-01 1.745905e-01 0.000000e+00 0.000000e+00
 0.000000e+00 0.000000e+00 7.072151e-01 2.927850e-01 0.000000e+00
 0.000000e+00 0.000000e+00 0.000000e+00 8.944824e-01 1.055176e-01
 0.000000e+00 0.000000e+00 0.000000e+00 0.000000e+00 0.000000e+00
<ENDHMM>
~h "y"
<BEGINHMM>
<NUMSTATES> 5
<STATE> 2
<MEAN> 25
 -1.546310e+00 -4.908600e+00 1.207599e+01 -5.662102e+00 -9.366592e+00 -8.015955e+00 -2.689234e+00 5.995801e+00 -2.777696e+00 -9.387841e-01 5.789548e+00 2.651574e-01 -5.675111e-02 -4.608525e-01 3.259347e-01 -3.400292e-01 -4.176182e-01 -4.038056e-01 8.015217e-02 9.814295e-01 3.955106e-02 -2.140342e-02 2.898925e-01 -3.844205e-02 4.253430e-01
<VARIANCE> 25
 6.258406e+00 2.772303e+01 3.882024e+01 2.767742e+01 2.555113e+01 2.958242e+01 4.223776e+01 5.051880e+01 4.633655e+01 4.659076e+01 3.347549e+01 2.384020e+01 5.962109e-01 1.940491e+00 4.632225e+00 1.752282e+00 2.543561e+00 2.552604e+00 2.850397e+00 4.208487e+00 3.256945e+00 2.293198e+00 3.175933e+00 2.274776e+00 1.225434e+00
<GCONST> 9.752220e+01
<STATE> 3
<MEAN> 25
 -9.572385e-02 -8.117645e+00 6.376145e+00 -5.146747e+00 -5.998828e+00 -7.034344e+00 -5.752323e-01 1.112724e+01 1.724685e-01 -1.937345e+00 1.166043e+00 -2.825695e+00 3.412284e-01 -2.654658e-02 -1.359507e+00 4.837028e-01 1.330490e+00 8.086790e-01 2.713873e-01 -2.378216e-01 2.879024e-01 -6.937646e-02 -1.318674e+00 -5.611193e-01 -4.341636e-01
<VARIANCE> 25
 5.228325e+00 2.113210e+01 2.718159e+01 2.339680e+01 2.738598e+01 3.738652e+01 3.705398e+01 4.049545e+01 3.261970e+01 4.103168e+01 3.572013e+01 3.006915e+01 3.390650e-01 1.350743e+00 2.159248e+00 1.349073e+00 2.011153e+00 1.947233e+00 1.984619e+00 3.356429e+00 2.364510e+00 2.179962e+00 2.301868e+00 2.036534e+00 8.992454e-01
<GCONST> 9.215866e+01
<STATE> 4
<MEAN> 25
 -6.544585e-01 2.804758e-01 -1.979256e+00 2.180288e+00 1.294842e+00 8.808048e-01 2.789097e+00 2.984994e+00 3.371975e-01 -8.712905e-01 -2.222291e+00 2.004110e+00 2.423283e-02 2.500785e-01 -2.587916e-01 2.129859e-01 2.555297e-01 2.719386e-01 8.531769e-02 -2.618618e-01 1.421704e-03 1.280759e-01 -6.849967e-02 7.133009e-02 -3.449510e-01
<VARIANCE> 25
 7.119712e+00 4.078771e+01 2.625862e+01 3.077793e+01 2.555436e+01 4.091822e+01 3.691748e+01 4.778449e+01 3.310117e+01 3.204504e+01 3.418164e+01 3.864285e+01 2.562688e-01 7.395307e-01 1.050306e+00 1.079374e+00 1.451150e+00 1.645327e+00 1.584999e+00 2.259696e+00 1.720108e+00 1.833419e+00 1.766547e+00 1.532933e+00 4.123624e-01
<GCONST> 8.876073e+01
<TRANSP> 5
 0.000000e+00 1.000000e+00 0.000000e+00 0.000000e+00 0.000000e+00
 0.000000e+00 8.060020e-01 1.939980e-01 0.000000e+00 0.000000e+00
 0.000000e+00 0.000000e+00 6.942804e-01 3.057196e-01 0.000000e+00
 0.000000e+00 0.000000e+00 0.000000e+00 8.720621e-01 1.279379e-01
 0.000000e+00 0.000000e+00 0.000000e+00 0.000000e+00 0.000000e+00
<ENDHMM>
~h "z"
<BEGINHMM>
<NUMSTATES> 5
<STATE> 2
<MEAN> 25
 -1.678624e+00 1.725132e+00 1.615179e+01 -1.190809e+01 -4.022294e+00 3.109896e+00 -8.578491e+00 -4.258486e+00 -4.864396e+00 6.579366e+00 3.732437e+00 -9.662354e-02 -1.258546e-01 -9.254096e-01 1.685384e-02 -8.446391e-01 1.921299e-01 1.372410e+00 -6.255831e-01 -2.980425e-01 6.081796e-01 -1.240068e-01 5.822343e-02 -4.621503e-01 5.615243e-01
<VARIANCE> 25
 3.287255e+00 3.712225e+00 6.538504e+01 6.010073e+01 3.417068e+01 7.502541e+01 3.005653e+01 1.248237e+01 3.618406e+01 9.950172e+00 5.666119e+00 1.797786e+01 3.205301e-01 4.291174e-01 1.567426e+00 2.345639e+00 1.114883e+00 3.058534e+00 2.160707e+00 1.206718e+00 3.300354e+00 9.863703e-01 1.562874e+00 1.999258e+00 3.295246e-01
<GCONST> 8.372408e+01
<STATE> 3
<MEAN> 25
 -1.039215e+00 2.519151e+00 9.224810e+00 -1.024051e+01 -4.239416e+00 1.281632e+01 -4.048588e+00 -4.961554e+00 -2.401433e+00 -8.861184e-01 -1.789266e+00 -5.687703e+00 1.183913e-01 4.872727e-01 -1.068459e+00 9.286032e-01 8.813354e-02 2.849742e-01 5.854065e-01 1.433021e-02 1.331511e-01 -5.867684e-01 -1.565671e-01 6.463405e-02 -7.200236e-01
<VARIANCE> 25
 2.017687e+00 2.138673e+01 4.431959e+01 6.090440e+01 1.006451e+01 4.361963e+01 4.867101e+01 1.030750e+01 1.210831e+01 2.495317e+01 2.319198e+01 1.740931e+01 1.746837e-01 6.656973e-01 2.664092e-01 1.414242e+00 4.405642e-01 1.091183e+00 8.515227e-01 9.662817e-01 1.061156e+00 1.763769e+00 2.178281e+00 1.815080e+00 2.834925e-01
<GCONST> 7.831217e+01
<STATE> 4
<MEAN> 25
 -6.469533e-01 -1.910633e-01 -3.198472e+00 3.022130e+00 8.179941e-01 2.446509e+00 1.960746e+00 2.549847e+00 1.742166e+00 -2.401120e+00 -8.272797e-03 1.290752e+00 4.625937e-02 5.513214e-02 -1.578867e-01 7.656539e-02 -5.451140e-02 -3.830358e-02 1.606289e-01 -5.691424e-03 6.350846e-03 6.129064e-02 7.797064e-03 3.268711e-02 -4.779302e-02
<VARIANCE> 25
 3.911361e+00 2.090134e+01 1.178664e+01 7.734289e+00 8.521596e+00 1.730821e+01 2.856613e+01 2.186728e+01 1.250179e+01 1.729487e+01 1.539746e+01 1.413133e+01 1.392437e-01 3.649135e-01 7.755150e-01 8.420436e-01 9.516979e-01 1.415473e+00 1.698362e+00 2.306388e+00 1.272444e+00 1.611577e+00 1.584635e+00 1.301695e+00 7.176153e-02
<GCONST> 7.411842e+01
<TRANSP> 5
 0.000000e+00 1.000000e+00 0.000000e+00 0.000000e+00 0.000000e+00
 0.000000e+00 6.918795e-01 3.081206e-01 0.000000e+00 0.000000e+00
 0.000000e+00 0.000000e+00 8.137253e-01 1.862747e-01 0.000000e+00
 0.000000e+00 0.000000e+00 0.000000e+00 9.564346e-01 4.356543e-02
 0.000000e+00 0.000000e+00 0.000000e+00 0.000000e+00 0.000000e+00
<ENDHMM>
~h "aw"
<BEGINHMM>
<NUMSTATES> 5
<STATE> 2
<MEAN> 25
 -1.960182e+00 4.468959e+00 1.758149e+01 -8.902602e+00 -1.088983e+01 -3.255230e+00 -4.029906e+00 -9.518980e+00 -1.512922e+00 -1.449312e+00 6.200231e+00 -7.798510e+00 1.369671e-01 -1.745156e-01 -9.946391e-03 -1.158371e-01 -1.586028e-01 4.140397e-01 -1.442201e-02 2.237856e-01 2.617364e-01 8.123539e-02 2.509282e-01 5.031456e-01 4.807292e-02
<VARIANCE> 25
 1.248333e+01 1.966019e+01 1.314788e+02 1.189816e+01 3.251533e+01 2.748755e+01 8.444610e+00 3.027463e+01 4.398247e+01 2.861786e+01 3.092828e+01 3.742081e+01 3.085678e-01 6.969252e-01 9.616120e-01 1.469998e+00 1.318100e+00 1.081575e+00 1.008156e+00 1.913218e+00 2.242928e+00 1.319265e+00 1.597745e+00 2.094903e+00 4.384401e-01
<GCONST> 8.662534e+01
<STATE> 3
<MEAN> 25
 2.931949e+00 2.531679e-01 1.721100e+00 -7.505672e+00 -2.786279e+00 4.924345e+00 -5.608321e+00 -3.118307e+00 6.760361e+00 -1.169836e-01 2.114759e+00 2.828880e+00 2.563991e-01 -4.686174e-02 -8.383030e-01 5.771642e-01 1.074507e+00 8.225418e-01 -4.961050e-01 -3.439510e-01 -9.364333e-01 1.207283e-01 1.466707e-01 5.996518e-02 -1.465306e-01
<VARIANCE> 25
 5.898104e+00 2.500471e+01 3.111665e+01 4.615047e+01 4.940364e+01 5.390647e+01 4.539243e+01 4.226147e+01 4.686810e+01 5.381979e+01 3.433241e+01 2.344151e+01 7.909321e-01 2.475709e+00 2.702718e+00 4.101217e+00 5.009736e+00 5.818047e+00 3.773790e+00 3.884938e+00 3.856021e+00 3.806300e+00 5.496591e+00 5.312181e+00 1.719683e+00
<GCONST> 1.039180e+02
<STATE> 4
<MEAN> 25
 5.259009e+00 1.440620e+00 -4.700403e+00 -8.521099e+00 -2.104354e+00 1.144546e+01 -5.315789e+00 -2.148967e+00 -2.887183e-01 2.352021e+00 2.891947e+00 -6.837047e-01 -2.079255e-01 7.135125e-01 2.112719e-01 1.084429e+00 1.248526e-01 -7.221349e-01 4.080233e-01 2.411887e-01 -2.514532e-01 -2.877759e-01 -3.219177e-01 -3.986693e-01 -8.871377e-01
<VARIANCE> 25
 1.211732e+01 2.054680e+01 6.304834e+01 6.162874e+01 3.723789e+01 1.010285e+02 4.668019e+01 3.420407e+01 3.448255e+01 2.111408e+01 4.666407e+01 2.273225e+01 6.980236e-01 1.318164e+00 2.715418e+00 4.139474e+00 3.913255e+00 3.936816e+00 4.242425e+00 2.794166e+00 2.950814e+00 2.074289e+00 3.118167e+00 3.497289e+00 1.304168e+00
<GCONST> 1.009050e+02
<TRANSP> 5
 0.000000e+00 1.000000e+00 0.000000e+00 0.000000e+00 0.000000e+00
 0.000000e+00 7.283913e-01 2.716087e-01 0.000000e+00 0.000000e+00
 0.000000e+00 0.000000e+00 7.386937e-01 2.613063e-01 0.000000e+00
 0.000000e+00 0.000000e+00 0.000000e+00 7.928644e-01 2.071356e-01
 0.000000e+00 0.000000e+00 0.000000e+00 0.000000e+00 0.000000e+00
<ENDHMM>
~h "ay"
<BEGINHMM>
<NUMSTATES> 5
<STATE> 2
<MEAN> 25
 1.934031e-01 -1.184145e+01 1.884415e+00 -6.068085e+00 -4.369884e+00 -3.623241e+00 -2.271739e+00 8.297333e+00 6.006506e+00 -4.965717e+00 -7.599103e-01 -4.724988e+00 -2.772629e-01 -2.674098e-01 1.275494e+00 -7.679334e-02 -1.244595e+00 -9.767778e-01 2.416440e-01 1.394496e+00 -7.566040e-01 -7.447602e-01 9.273605e-01 5.208547e-01 2.448851e-01
<VARIANCE> 25
 3.693138e+00 2.325823e+01 5.229576e+01 1.745622e+01 3.340743e+01 5.669502e+01 4.007756e+01 5.638559e+01 5.773468e+01 5.411056e+01 4.827286e+01 3.087927e+01 2.870204e-01 1.667437e+00 2.355842e+00 1.041149e+00 1.892110e+00 2.271670e+00 2.059799e+00 2.863888e+00 2.358925e+00 2.111960e+00 3.384726e+00 1.684360e+00 7.252979e-01
<GCONST> 9.425862e+01
<STATE> 3
<MEAN> 25
 -1.672711e+00 -5.619607e+00 1.206158e+01 -6.737225e+00 -1.102694e+01 -6.902193e+00 -4.723229e+00 8.213575e+00 -1.424564e+00 -5.432018e+00 7.540708e+00 -3.630621e-01 1.087036e-01 6.939698e-01 1.528466e-01 1.631403e-01 1.558015e-01 2.422383e-01 -2.971921e-01 -8.163577e-01 -5.513142e-01 3.823501e-01 -2.182728e-02 2.360283e-02 -5.116630e-01
<VARIANCE> 25
 3.839300e+00 2.553728e+01 4.358951e+01 1.633191e+01 2.421244e+01 3.129769e+01 5.080866e+01 4.217519e+01 4.133059e+01 4.228272e+01 3.697551e+01 2.531657e+01 3.964531e-01 1.145674e+00 3.937426e+00 8.811123e-01 2.727593e+00 1.737733e+00 2.455353e+00 2.475673e+00 2.937589e+00 2.316350e+00 3.186733e+00 2.456969e+00 5.707875e-01
<GCONST> 9.293861e+01
<STATE> 4
<MEAN> 25
 -7.314289e-01 4.652619e-02 1.111639e+00 2.007095e+00 -1.262779e+00 -5.968865e-01 1.691265e+00 3.545905e+00 -2.392334e+00 -1.635741e+00 -1.231085e+00 3.569654e+00 1.866861e-01 3.436612e-01 -6.248623e-01 5.679765e-01 4.520455e-01 4.500394e-01 2.347504e-01 -4.575122e-01 -9.212518e-02 2.688867e-01 -2.630268e-01 6.888150e-02 -6.222792e-01
<VARIANCE> 25
 5.813083e+00 3.038871e+01 5.302157e+01 3.198668e+01 4.231571e+01 3.102156e+01 3.251159e+01 2.820181e+01 3.049376e+01 3.348328e+01 3.854897e+01 3.278673e+01 3.991317e-01 1.006772e+00 1.588550e+00 1.194333e+00 1.656433e+00 1.750984e+00 1.939597e+00 2.575781e+00 2.235442e+00 2.078553e+00 1.898377e+00 1.674577e+00 6.990476e-01
<GCONST> 9.136529e+01
<TRANSP> 5
 0.000000e+00 1.000000e+00 0.000000e+00 0.000000e+00 0.000000e+00
 0.000000e+00 7.439976e-01 2.560025e-01 0.000000e+00 0.000000e+00
 0.000000e+00 0.000000e+00 8.121346e-01 1.878654e-01 0.000000e+00
 0.000000e+00 0.000000e+00 0.000000e+00 8.506735e-01 1.493265e-01
 0.000000e+00 0.000000e+00 0.000000e+00 0.000000e+00 0.000000e+00
<ENDHMM>
~h "eu"
<BEGINHMM>
<NUMSTATES> 5
<STATE> 2
<MEAN> 25
 1.139025e+00 -2.494051e+00 3.096253e-03 -6.401707e-01 -2.731237e-01 -3.711748e+00 -2.600487e+00 -4.295119e-01 2.229927e+00 1.961656e+00 8.005407e-01 -1.344449e+00 6.043814e-01 -6.039252e-01 3.117601e-01 -1.238368e-01 -6.292030e-01 -2.108628e-01 -3.163099e-01 3.296774e-01 3.879015e-02 1.697892e-01 6.452988e-02 -3.576996e-01 6.201166e-01
<VARIANCE> 25
 1.816136e+01 3.882587e+01 3.791579e+01 4.095633e+01 4.457426e+01 5.353062e+01 5.640483e+01 6.677377e+01 4.967287e+01 3.817079e+01 3.805692e+01 3.929257e+01 2.326842e+00 3.667877e+00 3.246861e+00 4.200185e+00 4.347067e+00 5.584631e+00 5.256563e+00 7.120318e+00 5.821121e+00 4.114508e+00 4.183864e+00 3.808344e+00 3.646536e+00
<GCONST> 1.095292e+02
<STATE> 3
<MEAN> 25
 1.842519e+00 -3.113925e+00 6.315762e-01 -5.990559e-01 -1.017602e+00 -3.761045e+00 -2.993696e+00 -1.563424e-01 2.034348e+00 1.931127e+00 9.727356e-01 -1.583794e+00 3.456051e-01 8.356852e-02 2.884471e-01 3.613366e-01 -3.224072e-01 3.456196e-01 1.327201e-01 -9.489088e-02 -3.242284e-01 -8.219639e-02 -1.421988e-01 3.377527e-02 -1.792193e-01
<VARIANCE> 25
 1.364502e+01 3.895880e+01 3.947655e+01 4.502013e+01 4.308249e+01 5.491389e+01 5.309153e+01 7.355220e+01 5.243468e+01 3.821797e+01 4.053006e+01 3.996334e+01 1.495309e+00 2.799454e+00 2.616435e+00 3.781197e+00 3.627991e+00 4.101357e+00 4.472785e+00 5.351194e+00 4.822605e+00 3.488395e+00 3.825771e+00 3.147154e+00 2.930192e+00
<GCONST> 1.067224e+02
<STATE> 4
<MEAN> 25
 1.785398e+00 -2.491036e+00 9.605199e-01 2.297711e-01 -1.115297e+00 -3.509619e+00 -2.148335e+00 4.590414e-01 1.184959e+00 1.366598e+00 3.665035e-01 -1.132707e+00 9.646059e-02 4.929338e-01 2.764561e-02 5.402715e-01 3.485159e-02 6.322030e-01 3.911208e-01 -4.282525e-01 -3.500468e-01 -1.554823e-01 -2.990307e-01 1.743779e-01 -5.792134e-01
<VARIANCE> 25
 1.248823e+01 4.450866e+01 3.965347e+01 4.628328e+01 4.141522e+01 5.791195e+01 4.895441e+01 7.717186e+01 4.936076e+01 3.726578e+01 4.032879e+01 4.083382e+01 1.040905e+00 2.328446e+00 2.130712e+00 2.949968e+00 2.951425e+00 3.073345e+00 3.576899e+00 3.998288e+00 3.626189e+00 2.821814e+00 2.974508e+00 2.346627e+00 2.103546e+00
<GCONST> 1.033269e+02
<TRANSP> 5
 0.000000e+00 1.000000e+00 0.000000e+00 0.000000e+00 0.000000e+00
 0.000000e+00 1.774363e-01 8.225637e-01 0.000000e+00 0.000000e+00
 0.000000e+00 0.000000e+00 1.519448e-01 8.480552e-01 0.000000e+00
 0.000000e+00 0.000000e+00 0.000000e+00 3.650137e-01 6.349863e-01
 0.000000e+00 0.000000e+00 0.000000e+00 0.000000e+00 0.000000e+00
<ENDHMM>
~h "kh"
<BEGINHMM>
<NUMSTATES> 5
<STATE> 2
<MEAN> 25
 3.361238e-01 -4.802537e+00 -3.452762e+00 2.005399e+00 1.708136e+00 -1.412404e+00 6.441527e+00 -4.463668e-01 1.343532e+00 -4.129593e+00 -7.898082e-01 1.949401e+00 2.800986e-01 1.059194e+00 1.687582e-02 6.593521e-01 2.550966e-02 1.116337e+00 -1.233459e+00 8.189736e-02 -8.472725e-01 7.958108e-01 -1.605117e-01 8.304760e-01 -1.937280e+00
<VARIANCE> 25
 1.401871e+01 1.942002e+01 2.768219e+01 2.967409e+01 3.132044e+01 7.571382e+01 2.229171e+01 3.327504e+01 2.330115e+01 2.083390e+01 1.035109e+01 2.329704e+01 5.808930e-01 1.392691e+00 1.252615e+00 1.301622e+00 2.111303e+00 4.494438e+00 2.058666e+00 2.191027e+00 1.528996e+00 1.832851e+00 1.125846e+00 3.200680e+00 1.955662e+00
<GCONST> 9.133203e+01
<STATE> 3
<MEAN> 25
 9.715253e-01 -1.603291e+00 -2.882704e+00 1.488860e+00 1.818359e+00 3.428857e+00 2.974689e+00 -1.329259e+00 -3.166226e-01 -2.234090e+00 -1.750381e+00 1.206816e+00 -1.851396e-01 2.014615e-01 1.853485e-02 -8.115400e-02 9.507090e-01 1.880597e-01 -7.612877e-01 1.534675e-01 -5.549729e-01 8.265846e-01 -6.161937e-01 -3.077646e-01 -5.210891e-01
<VARIANCE> 25
 1.309893e+01 2.420821e+01 2.295620e+01 3.794250e+01 2.470126e+01 5.039136e+01 1.022247e+01 3.269393e+01 1.960317e+01 1.530409e+01 1.857705e+01 3.527810e+01 6.359313e-01 2.003578e+00 1.216262e+00 1.489742e+00 4.299429e+00 4.779949e+00 1.769371e+00 2.077141e+00 2.387715e+00 2.542592e+00 1.400001e+00 1.617182e+00 1.991902e+00
<GCONST> 9.207420e+01
<STATE> 4
<MEAN> 25
 -1.923841e+00 -3.976695e+00 -3.658253e+00 -2.447885e-01 6.952769e+00 -9.957103e-01 3.976623e+00 3.966112e-01 -2.475023e+00 3.407249e+00 -3.627482e+00 1.779022e+00 -3.461083e-01 -1.062950e+00 9.308804e-01 -1.355516e+00 -6.597705e-02 -1.710307e+00 1.232445e-03 9.474039e-02 -1.863058e-01 1.091329e+00 4.072512e-01 -7.206255e-01 1.662863e+00
<VARIANCE> 25
 1.736221e+01 2.247197e+01 4.314230e+01 3.179809e+01 3.472734e+01 5.364138e+01 2.839202e+01 3.236376e+01 4.018145e+01 4.257140e+01 2.045728e+01 2.516365e+01 2.388506e+00 3.109759e+00 3.765255e+00 2.565872e+00 1.129127e+01 3.161285e+00 4.589487e+00 3.919649e+00 4.679867e+00 5.131180e+00 3.571753e+00 2.640054e+00 1.352223e+00
<GCONST> 1.036410e+02
<TRANSP> 5
 0.000000e+00 1.000000e+00 0.000000e+00 0.000000e+00 0.000000e+00
 0.000000e+00 6.085846e-01 3.914154e-01 0.000000e+00 0.000000e+00
 0.000000e+00 0.000000e+00 3.445206e-01 6.554794e-01 0.000000e+00
 0.000000e+00 0.000000e+00 0.000000e+00 6.682535e-01 3.317465e-01
 0.000000e+00 0.000000e+00 0.000000e+00 0.000000e+00 0.000000e+00
<ENDHMM>
~h "ng"
<BEGINHMM>
<NUMSTATES> 5
<STATE> 2
<MEAN> 25
 3.665719e+00 -2.547686e+00 3.124161e+00 -1.554147e+00 -4.538796e+00 6.470978e+00 2.055444e+00 -4.810359e+00 -4.598625e+00 3.431496e+00 -7.283637e-01 -3.523218e+00 1.542291e-01 6.116552e-01 5.981150e-01 6.917304e-01 -5.790858e-01 4.367422e-01 4.319657e-01 -9.456929e-01 -4.547974e-01 3.232141e-01 -5.288470e-01 3.692030e-01 -6.361835e-01
<VARIANCE> 25
 6.458045e+00 2.517585e+01 3.604840e+01 2.840229e+01 3.173517e+01 3.369455e+01 2.575449e+01 3.065264e+01 3.412190e+01 3.142517e+01 2.964811e+01 3.070307e+01 3.485664e-01 8.991792e-01 2.112203e+00 1.473098e+00 2.121838e+00 1.974810e+00 1.901834e+00 2.534979e+00 2.607125e+00 2.198480e+00 1.982206e+00 1.847157e+00 4.798989e-01
<GCONST> 9.069723e+01
<STATE> 3
<MEAN> 25
 3.770335e+00 1.727375e-01 2.929312e+00 1.171511e+00 -4.333472e+00 6.490813e+00 3.286124e+00 -6.213176e+00 -4.345806e+00 2.779918e+00 -2.407880e+00 -1.704701e+00 -1.030147e-01 5.674069e-01 -3.297083e-01 3.795533e-01 3.594977e-01 -2.774082e-01 1.890774e-01 1.429318e-01 2.102122e-01 -2.019911e-01 -1.372585e-01 7.681539e-02 -4.724782e-01
<VARIANCE> 25
 6.124414e+00 2.534875e+01 3.236757e+01 2.793977e+01 3.345387e+01 3.315363e+01 2.710277e+01 3.268369e+01 3.820030e+01 3.064111e+01 2.809748e+01 2.691781e+01 3.794613e-01 1.181942e+00 1.352116e+00 1.427077e+00 2.006595e+00 1.908393e+00 1.771113e+00 2.491126e+00 2.105433e+00 1.874766e+00 1.824063e+00 1.737545e+00 7.771555e-01
<GCONST> 9.024758e+01
<STATE> 4
<MEAN> 25
 2.666123e+00 6.282663e-01 1.261574e+00 7.442622e-01 -2.239843e+00 3.936581e+00 2.966427e+00 -3.775941e+00 -2.989244e+00 1.972732e+00 -1.973689e+00 -2.415419e+00 -5.156666e-01 -1.597502e-01 -7.532654e-01 -3.804929e-01 1.174308e+00 -1.120534e+00 -3.370644e-01 1.200781e+00 8.667374e-01 -6.171297e-01 1.596132e-01 -1.894459e-01 2.804927e-01
<VARIANCE> 25
 9.258327e+00 3.495024e+01 3.601628e+01 3.608578e+01 4.137971e+01 3.751805e+01 3.116449e+01 4.598077e+01 4.554776e+01 3.369970e+01 2.933401e+01 3.335338e+01 7.779158e-01 1.775035e+00 2.532988e+00 2.333982e+00 3.545002e+00 3.372261e+00 2.651705e+00 4.313063e+00 3.740637e+00 2.715330e+00 2.500066e+00 2.718107e+00 1.191020e+00
<GCONST> 9.916039e+01
<TRANSP> 5
 0.000000e+00 1.000000e+00 0.000000e+00 0.000000e+00 0.000000e+00
 0.000000e+00 6.166154e-01 3.833846e-01 0.000000e+00 0.000000e+00
 0.000000e+00 0.000000e+00 5.501568e-01 4.498432e-01 0.000000e+00
 0.000000e+00 0.000000e+00 0.000000e+00 4.746361e-01 5.253639e-01
 0.000000e+00 0.000000e+00 0.000000e+00 0.000000e+00 0.000000e+00
<ENDHMM>
~h "ny"
<BEGINHMM>
<NUMSTATES> 5
<STATE> 2
<MEAN> 25
 1.977609e-01 -1.357260e+00 1.118143e+01 -4.564752e+00 -6.180254e+00 -1.199906e+00 -1.499574e+00 4.375299e+00 -5.806518e+00 -3.760395e+00 3.324358e+00 9.498700e-01 -4.347679e-01 -1.438692e+00 4.537155e-01 -7.645504e-01 -6.394035e-01 -4.428309e-01 1.839451e-01 2.214472e+00 1.539689e-01 -9.889827e-01 3.977563e-01 -5.405730e-01 1.018637e+00
<VARIANCE> 25
 7.934722e+00 3.241264e+01 3.001087e+01 3.316469e+01 2.710826e+01 3.589425e+01 3.716957e+01 7.174377e+01 3.755673e+01 4.523307e+01 2.932162e+01 3.333447e+01 7.977688e-01 2.603151e+00 3.920183e+00 3.138960e+00 2.754542e+00 3.380012e+00 2.702014e+00 7.387738e+00 3.967103e+00 3.219427e+00 3.566029e+00 2.292821e+00 9.992586e-01
<GCONST> 1.006049e+02
<STATE> 3
<MEAN> 25
 -4.516517e-01 -8.527427e+00 7.295318e+00 -4.538290e+00 -5.781075e+00 -1.950486e+00 -3.233682e-01 1.176815e+01 -1.297677e+00 -8.823199e+00 1.109106e+00 -2.079421e+00 2.076719e-01 -5.095885e-01 -1.082241e+00 5.030354e-01 9.272318e-01 -1.240133e-01 -2.108811e-02 1.144363e-01 6.285941e-01 -6.266350e-02 -9.839150e-01 -3.241916e-01 -5.788609e-03
<VARIANCE> 25
 4.642488e+00 1.955572e+01 2.324845e+01 1.857123e+01 2.445931e+01 3.496083e+01 3.510564e+01 3.927453e+01 3.325915e+01 3.505119e+01 2.551096e+01 2.252633e+01 3.408448e-01 1.441611e+00 1.822680e+00 1.060749e+00 1.776126e+00 1.156083e+00 1.683719e+00 2.199823e+00 2.300517e+00 1.548138e+00 1.566166e+00 1.639572e+00 5.679901e-01
<GCONST> 8.754359e+01
<STATE> 4
<MEAN> 25
 2.393378e-01 -4.146577e+00 2.107070e+00 7.691319e-01 -3.217292e-01 -1.796169e+00 1.228601e+00 7.880791e+00 -1.009802e+00 -5.710269e+00 -3.592701e+00 -4.154377e-01 1.660152e-01 5.326474e-01 -7.268825e-01 6.042519e-01 7.572132e-01 2.088501e-01 -5.560953e-03 -6.435740e-01 1.781808e-01 6.414371e-01 -4.097090e-01 5.541008e-03 -7.697468e-01
<VARIANCE> 25
 7.684620e+00 4.749338e+01 3.040624e+01 3.676870e+01 3.203227e+01 3.171408e+01 3.069320e+01 3.344754e+01 3.068214e+01 3.976420e+01 2.866601e+01 2.805927e+01 4.453755e-01 1.211665e+00 1.370358e+00 1.423818e+00 1.723306e+00 1.458940e+00 1.799688e+00 2.206462e+00 2.158279e+00 1.952163e+00 1.841972e+00 1.834031e+00 7.439827e-01
<GCONST> 9.123263e+01
<TRANSP> 5
 0.000000e+00 1.000000e+00 0.000000e+00 0.000000e+00 0.000000e+00
 0.000000e+00 7.849080e-01 2.150920e-01 0.000000e+00 0.000000e+00
 0.000000e+00 0.000000e+00 6.993904e-01 3.006096e-01 0.000000e+00
 0.000000e+00 0.000000e+00 0.000000e+00 7.199097e-01 2.800903e-01
 0.000000e+00 0.000000e+00 0.000000e+00 0.000000e+00 0.000000e+00
<ENDHMM>
~h "sp"
<BEGINHMM>
<NUMSTATES> 3
<STATE> 2
~s "silst"
<TRANSP> 3
 0.000000e+00 7.000000e-01 3.000000e-01
 0.000000e+00 9.000000e-01 9.999999e-02
 0.000000e+00 0.000000e+00 0.000000e+00
<ENDHMM>
~h "sy"
<BEGINHMM>
<NUMSTATES> 5
<STATE> 2
<MEAN> 25
 -9.028808e+00 1.690423e+00 4.720403e+00 1.290686e+00 2.711954e+00 -3.976254e+00 6.237001e+00 3.024054e-01 5.900323e+00 -2.006188e+00 -1.886629e+00 1.697977e+00 -1.128814e+00 -3.751493e-01 2.271157e-01 -8.103894e-01 5.151474e-01 2.154510e-01 9.187859e-02 -1.641514e-01 1.472762e-01 2.624408e-01 -4.133028e-01 6.411967e-01 5.550029e-01
<VARIANCE> 25
 4.652323e+01 3.012192e+01 5.224765e+01 5.149437e+01 4.706552e+01 1.638879e+01 5.105109e+01 6.177473e+01 3.443304e+01 4.400409e+01 2.793826e+01 1.998637e+01 1.074419e+01 5.704447e+00 6.549995e+00 8.396089e+00 4.480802e+00 5.639805e+00 6.211481e+00 1.526782e+00 3.250869e+00 5.750605e+00 3.157127e+00 2.931471e+00 5.679753e-01
<GCONST> 1.076322e+02
<STATE> 3
<MEAN> 25
 -1.324348e+01 1.804975e+00 1.092984e+01 1.533333e+00 -1.316116e+00 -6.917853e+00 -5.522400e-01 -4.855966e+00 5.829826e+00 -5.636890e+00 4.950887e-01 6.686027e+00 2.138130e+00 -7.611396e-01 2.802992e-01 -1.806873e-01 -8.878712e-01 -4.196760e-01 -1.411101e+00 1.518247e-01 -3.054560e-01 5.240202e-01 1.126371e+00 -2.545407e-01 -4.239292e-01
<VARIANCE> 25
 1.065944e+02 2.150866e+01 3.600621e+01 2.987620e+01 1.297571e+01 5.067969e+01 2.642941e+01 3.599501e+01 1.453151e+01 6.020009e+01 2.111777e+01 2.256263e+01 5.575673e+00 2.051832e+00 2.189494e+00 4.086723e+00 3.480490e+00 9.408049e+00 5.391311e+00 3.644761e+00 1.634608e+00 2.560216e+00 2.251513e+00 1.203168e+00 1.478293e+00
<GCONST> 1.008663e+02
<STATE> 4
<MEAN> 25
 5.153669e+00 -1.262849e+00 1.411014e+00 -2.105616e+01 6.432213e+00 6.824754e+00 -1.059960e+01 -4.245849e+00 4.671930e-01 9.633685e+00 -3.108836e-01 2.537903e+00 3.103836e-02 1.461474e-02 3.791563e-02 -1.430088e-01 3.001538e-01 5.578227e-02 -1.622377e-01 1.496186e-01 8.308285e-02 -1.391072e-02 -7.623446e-02 -9.814912e-02 -1.535257e-02
<VARIANCE> 25
 4.547539e+00 6.721124e+00 9.954332e+00 4.347244e+01 1.212247e+01 1.600432e+01 2.541799e+01 2.889796e+01 1.765437e+01 1.639367e+01 1.024163e+01 3.712656e+01 2.715659e-01 7.907445e-01 5.791696e-01 2.997347e+00 1.026329e+00 9.279761e-01 1.237406e+00 1.632866e+00 1.490265e+00 7.018973e-01 7.072182e-01 2.026660e+00 3.350090e-01
<GCONST> 7.789193e+01
<TRANSP> 5
 0.000000e+00 1.000000e+00 0.000000e+00 0.000000e+00 0.000000e+00
 0.000000e+00 8.562262e-01 1.437738e-01 0.000000e+00 0.000000e+00
 0.000000e+00 0.000000e+00 7.397660e-01 2.602340e-01 0.000000e+00
 0.000000e+00 0.000000e+00 0.000000e+00 9.335239e-01 6.647607e-02
 0.000000e+00 0.000000e+00 0.000000e+00 0.000000e+00 0.000000e+00
<ENDHMM>
~h "sil"
<BEGINHMM>
<NUMSTATES> 5
<STATE> 2
<MEAN> 25
 -1.622097e+00 3.716685e+00 -3.838614e+00 5.235801e+00 9.640403e-01 3.141976e+00 3.696689e+00 1.424226e+00 1.075742e+00 -1.108561e+00 -6.825677e-01 3.277725e+00 -6.384317e-02 8.158593e-02 -7.282240e-02 2.080459e-02 2.262572e-02 5.535409e-02 3.604726e-02 2.139847e-02 3.296363e-02 -1.810794e-02 4.888577e-02 6.397644e-02 -1.289865e-01
<VARIANCE> 25
 6.096440e+00 1.558534e+01 1.573243e+01 1.538955e+01 2.001775e+01 2.259665e+01 2.279538e+01 2.542068e+01 2.480470e+01 2.444407e+01 2.300917e+01 2.155450e+01 1.744359e-01 4.142656e-01 6.187599e-01 8.011497e-01 1.056958e+00 1.276288e+00 1.379652e+00 1.563276e+00 1.631770e+00 1.601370e+00 1.549369e+00 1.399356e+00 1.339685e-01
<GCONST> 7.854383e+01
<STATE> 3
~s "silst"
<STATE> 4
<MEAN> 25
 -8.213528e-01 4.514987e-01 -4.404716e-01 9.170011e-01 5.001804e-01 3.997433e-01 9.114531e-01 9.434687e-02 1.218626e-01 -2.719508e-01 -1.300848e-01 7.528906e-01 2.282519e-02 -4.940022e-02 5.169199e-02 -5.881551e-02 1.223477e-02 -4.415974e-02 -3.173124e-02 -2.706598e-02 -3.024589e-02 9.622443e-03 -1.318530e-02 -3.427510e-02 1.054081e-01
<VARIANCE> 25
 2.821612e+01 5.254931e+01 5.468532e+01 7.157606e+01 5.538231e+01 6.370845e+01 4.751880e+01 4.831420e+01 5.427552e+01 3.817087e+01 3.565686e+01 3.818157e+01 1.371277e+00 1.912514e+00 2.376487e+00 2.836775e+00 3.136061e+00 3.203455e+00 2.705022e+00 3.517225e+00 3.171469e+00 2.645802e+00 2.561254e+00 2.081250e+00 2.042718e+00
<GCONST> 1.042282e+02
<TRANSP> 5
 0.000000e+00 1.000000e+00 0.000000e+00 0.000000e+00 0.000000e+00
 0.000000e+00 7.595899e-01 4.041013e-02 2.000000e-01 0.000000e+00
 0.000000e+00 0.000000e+00 7.823776e-01 2.176224e-01 0.000000e+00
 0.000000e+00 2.000000e-01 0.000000e+00 7.376214e-01 6.237859e-02
 0.000000e+00 0.000000e+00 0.000000e+00 0.000000e+00 0.000000e+00
<ENDHMM>
