~o
<STREAMINFO> 1 25
<VECSIZE> 25<NULLD><MFCC_D_N_Z_0><DIAGC>
~s "silst"
<MEAN> 25
 -1.064627e+01 3.965302e+00 -4.733525e+00 -1.952684e+00 2.834274e+00 3.158349e+00 3.415661e+00 2.564692e+00 1.054904e+00 6.848270e-01 1.209271e+00 5.452068e-01 -2.816293e-01 4.444477e-02 -3.926583e-02 -6.853135e-02 6.490954e-02 -4.289396e-02 -6.844439e-04 5.169357e-02 -1.452626e-02 2.492344e-03 2.135164e-02 -1.113961e-02 -1.973106e-01
<VARIANCE> 25
 8.502673e+01 3.996245e+01 4.224728e+01 6.569466e+01 4.858208e+01 4.071823e+01 4.405771e+01 3.293792e+01 4.472496e+01 3.172956e+01 2.381011e+01 2.403705e+01 3.723959e+00 2.192147e+00 2.064463e+00 2.752941e+00 2.767683e+00 2.488170e+00 2.648519e+00 2.163933e+00 2.445188e+00 2.151875e+00 1.808277e+00 1.769688e+00 2.751079e+00
<GCONST> 1.018323e+02
~h "a"
<BEGINHMM>
<NUMSTATES> 5
<STATE> 2
<MEAN> 25
 6.665520e+00 -3.974917e+00 -2.972819e+00 -2.887083e+00 -1.517380e+00 -3.176957e+00 2.516564e-01 1.463007e+00 4.892664e-01 1.275175e+00 -2.147388e+00 -1.186094e+00 9.042548e-01 -1.356527e+00 -7.666383e-01 -8.064447e-01 -1.310525e-01 -4.683614e-01 6.062760e-01 7.514123e-01 -5.448934e-02 2.088809e-01 -6.738065e-01 -2.638360e-01 1.381021e+00
<VARIANCE> 25
 4.582880e+01 3.940820e+01 4.026939e+01 4.476587e+01 6.668186e+01 6.908723e+01 5.295939e+01 5.956819e+01 4.745055e+01 4.086097e+01 4.571722e+01 3.424959e+01 2.555934e+00 3.182979e+00 3.051175e+00 4.127263e+00 4.978416e+00 5.514656e+00 4.420646e+00 4.734597e+00 4.521145e+00 3.533440e+00 4.233364e+00 3.241637e+00 2.360556e+00
<GCONST> 1.095929e+02
<STATE> 3
<MEAN> 25
 9.051353e+00 -7.371842e+00 -3.366289e+00 -3.890970e+00 -3.701213e+00 -4.767805e+00 2.639540e+00 2.563784e+00 -3.396454e-01 1.664472e+00 -2.158051e+00 -5.332397e-01 -4.637734e-02 -2.568697e-01 -1.168814e-01 -8.374013e-02 2.483710e-01 3.056841e-01 2.143803e-01 -4.518845e-02 -2.824981e-02 8.847296e-02 -2.323317e-01 -1.567658e-01 8.949429e-02
<VARIANCE> 25
 2.962837e+01 2.612048e+01 3.475156e+01 4.471758e+01 6.269162e+01 5.620739e+01 6.259140e+01 6.276706e+01 4.289254e+01 4.097546e+01 4.698571e+01 3.702215e+01 4.095130e-01 1.272949e+00 1.418562e+00 1.709522e+00 2.455843e+00 2.865378e+00 2.404047e+00 2.666281e+00 2.407561e+00 2.198031e+00 2.141995e+00 1.662724e+00 5.577889e-01
<GCONST> 9.771935e+01
<STATE> 4
<MEAN> 25
 5.941963e+00 -6.480843e+00 -3.571045e+00 -4.117018e+00 2.022929e+00 -9.944190e-01 -1.382096e-01 2.383237e+00 1.327110e+00 1.956454e+00 -4.956682e+00 -2.896258e+00 -2.590460e-01 7.344753e-01 3.114813e-01 5.627404e-01 1.045766e-01 2.266095e-01 -7.955092e-02 -2.626439e-01 -1.900932e-02 -1.404533e-01 4.103655e-01 2.590790e-01 -7.649260e-01
<VARIANCE> 25
 2.378292e+01 2.900776e+01 2.887315e+01 4.545517e+01 4.762915e+01 5.138852e+01 3.684666e+01 4.213637e+01 3.443302e+01 3.067292e+01 4.410880e+01 2.988100e+01 6.384810e-01 1.229159e+00 1.284196e+00 1.564200e+00 1.781997e+00 2.062028e+00 1.818425e+00 1.968610e+00 1.851680e+00 1.599922e+00 1.841255e+00 1.431793e+00 6.984915e-01
<GCONST> 9.368840e+01
<TRANSP> 5
 0.000000e+00 1.000000e+00 0.000000e+00 0.000000e+00 0.000000e+00
 0.000000e+00 4.427285e-01 5.572715e-01 0.000000e+00 0.000000e+00
 0.000000e+00 0.000000e+00 5.161700e-01 4.838300e-01 0.000000e+00
 0.000000e+00 0.000000e+00 0.000000e+00 7.440899e-01 2.559101e-01
 0.000000e+00 0.000000e+00 0.000000e+00 0.000000e+00 0.000000e+00
<ENDHMM>
~h "b"
<BEGINHMM>
<NUMSTATES> 5
<STATE> 2
<MEAN> 25
 2.878880e+00 7.310338e+00 1.259520e+00 3.354242e+00 1.713009e+00 1.893452e-01 -1.346156e+00 -1.313602e+00 -6.203996e-01 -1.146462e+00 -6.068577e-01 -1.986593e+00 -8.009238e-01 1.826856e+00 6.735357e-01 9.416549e-01 9.666183e-01 1.303845e+00 6.020803e-01 -1.218340e-01 3.652000e-01 -4.547266e-01 -9.159466e-02 -6.802180e-02 -1.350121e+00
<VARIANCE> 25
 4.654295e+01 4.289117e+01 2.798619e+01 3.855142e+01 3.920311e+01 5.533209e+01 3.618206e+01 5.247225e+01 4.232489e+01 4.010279e+01 2.604943e+01 2.496115e+01 3.929263e+00 4.165014e+00 3.693392e+00 3.880386e+00 3.497121e+00 5.478392e+00 3.395750e+00 4.154905e+00 3.922952e+00 4.616655e+00 2.598386e+00 1.968890e+00 4.330487e+00
<GCONST> 1.067265e+02
<STATE> 3
<MEAN> 25
 1.370231e+00 9.518242e+00 3.481291e+00 5.103382e+00 3.378619e+00 2.796573e+00 -3.266078e-01 -2.160930e+00 -5.361654e-01 -2.237484e+00 -7.550241e-01 -1.319556e+00 1.068676e+00 -2.210902e-01 -4.461808e-01 -3.301018e-01 -2.909887e-01 -6.438693e-01 -5.840653e-01 -3.602394e-01 -2.334405e-01 -2.374653e-01 7.776508e-02 9.195215e-02 1.018568e+00
<VARIANCE> 25
 3.384267e+01 3.547921e+01 3.155870e+01 3.998426e+01 3.628162e+01 4.191166e+01 3.104482e+01 4.230201e+01 3.491760e+01 3.494254e+01 2.420698e+01 2.040659e+01 4.117714e+00 4.313335e+00 3.609255e+00 3.269496e+00 4.198021e+00 5.372934e+00 3.470567e+00 3.687250e+00 3.987596e+00 3.707588e+00 2.762388e+00 2.370833e+00 2.513006e+00
<GCONST> 1.044990e+02
<STATE> 4
<MEAN> 25
 4.238961e+00 7.546350e+00 4.424847e-01 3.110837e+00 1.276580e+00 1.222266e+00 -1.998849e+00 -4.300745e+00 -1.983931e+00 -2.054579e+00 7.797099e-01 -1.221139e+00 1.265763e+00 -1.900709e+00 -1.038849e+00 -1.377280e+00 -9.877625e-01 -1.455510e+00 -1.071408e+00 4.123616e-01 2.291701e-01 8.623518e-01 2.902342e-01 -1.450709e-01 2.013819e+00
<VARIANCE> 25
 2.506522e+01 3.847941e+01 2.759293e+01 5.170852e+01 3.480434e+01 4.448699e+01 3.569262e+01 4.543753e+01 3.757967e+01 5.160395e+01 3.407932e+01 2.032464e+01 2.752580e+00 4.720839e+00 3.811323e+00 5.428071e+00 4.005638e+00 5.799689e+00 3.380535e+00 4.097055e+00 4.960851e+00 7.123246e+00 3.367299e+00 3.447615e+00 2.759470e+00
<GCONST> 1.073282e+02
<TRANSP> 5
 0.000000e+00 1.000000e+00 0.000000e+00 0.000000e+00 0.000000e+00
 0.000000e+00 5.065455e-01 4.934545e-01 0.000000e+00 0.000000e+00
 0.000000e+00 0.000000e+00 2.719716e-01 7.280283e-01 0.000000e+00
 0.000000e+00 0.000000e+00 0.000000e+00 4.813311e-01 5.186689e-01
 0.000000e+00 0.000000e+00 0.000000e+00 0.000000e+00 0.000000e+00
<ENDHMM>
~h "c"
<BEGINHMM>
<NUMSTATES> 5
<STATE> 2
<MEAN> 25
 -4.684768e+00 1.983432e+00 4.053434e-01 3.275767e+00 4.074259e+00 2.715222e+00 -9.413640e-01 -4.553271e+00 -1.458065e+00 5.369557e-01 2.686175e+00 1.468927e+00 -2.417150e+00 9.197817e-01 -3.087449e-01 -1.221880e-01 5.331391e-01 -6.341949e-02 6.242405e-01 7.723940e-01 5.207771e-01 4.507603e-02 1.218330e-01 1.480088e-02 -1.601915e+00
<VARIANCE> 25
 7.469003e+01 4.137506e+01 3.412680e+01 5.568154e+01 4.053772e+01 4.689418e+01 6.008852e+01 8.500233e+01 5.533155e+01 4.145564e+01 3.903825e+01 2.668711e+01 3.884127e+00 4.783221e+00 3.235540e+00 4.988855e+00 3.905592e+00 4.958079e+00 4.084960e+00 7.379346e+00 4.163282e+00 3.521020e+00 2.915290e+00 1.808590e+00 6.201175e+00
<GCONST> 1.105531e+02
<STATE> 3
<MEAN> 25
 -1.129669e+01 -8.083827e-01 2.860181e+00 -1.787900e-01 8.930167e-01 2.135163e+00 1.703947e+00 8.386853e-01 3.291007e+00 -8.903311e-02 2.165888e+00 2.263536e+00 1.009953e+00 -2.816089e+00 1.702302e+00 1.760790e-01 -1.828093e+00 -1.724401e-01 -3.404783e-01 3.924204e-01 1.037954e+00 -9.976942e-01 -5.517901e-01 3.722277e-01 2.697991e+00
<VARIANCE> 25
 3.255546e+01 7.305420e+01 4.390131e+01 5.584130e+01 6.296406e+01 6.417849e+01 4.391808e+01 4.820743e+01 3.731009e+01 2.988906e+01 2.618316e+01 2.250336e+01 6.405004e+00 1.122466e+01 6.172827e+00 7.145214e+00 6.826967e+00 7.054482e+00 6.334948e+00 5.752124e+00 6.021729e+00 4.499453e+00 2.911659e+00 2.501533e+00 6.089570e+00
<GCONST> 1.135067e+02
<STATE> 4
<MEAN> 25
 -3.667458e-01 -9.590403e+00 7.691362e+00 5.221770e+00 -1.048424e+00 4.646214e+00 -4.482947e+00 -2.772087e+00 4.566755e+00 -4.552713e+00 5.929198e-01 4.077332e+00 3.442184e+00 1.215427e+00 -1.095672e+00 -1.761406e-01 3.979723e-01 -1.242238e+00 -7.644670e-01 -9.498469e-01 -1.211662e+00 1.219159e-01 -6.289820e-01 -2.078826e-01 1.586252e+00
<VARIANCE> 25
 6.116221e+01 9.613754e+01 6.116690e+01 3.919432e+01 5.157523e+01 7.160533e+01 4.738690e+01 4.767017e+01 4.665713e+01 2.596521e+01 3.195495e+01 2.076220e+01 3.439256e+00 1.380863e+01 8.497304e+00 5.338896e+00 6.678893e+00 1.091536e+01 5.048639e+00 8.491353e+00 7.750063e+00 3.499584e+00 4.321427e+00 3.743911e+00 4.150746e+00
<GCONST> 1.151722e+02
<TRANSP> 5
 0.000000e+00 1.000000e+00 0.000000e+00 0.000000e+00 0.000000e+00
 0.000000e+00 7.201324e-01 2.798676e-01 0.000000e+00 0.000000e+00
 0.000000e+00 0.000000e+00 6.749872e-01 3.250128e-01 0.000000e+00
 0.000000e+00 0.000000e+00 0.000000e+00 6.664323e-01 3.335677e-01
 0.000000e+00 0.000000e+00 0.000000e+00 0.000000e+00 0.000000e+00
<ENDHMM>
~h "d"
<BEGINHMM>
<NUMSTATES> 5
<STATE> 2
<MEAN> 25
 2.961963e+00 3.992976e+00 3.039599e-01 5.846137e+00 5.681720e+00 6.720908e-01 -2.103038e+00 -2.215538e+00 -2.654483e+00 -2.939271e+00 -1.019187e+00 2.666578e-01 1.129660e-01 3.983138e-01 3.253548e-01 1.100264e+00 1.518055e-01 -1.916070e-01 2.225712e-02 2.272979e-02 -1.734838e-01 -8.439141e-01 -4.042814e-02 -1.948694e-02 -9.813425e-02
<VARIANCE> 25
 5.941278e+01 5.134945e+01 5.275340e+01 4.453070e+01 7.626810e+01 8.201778e+01 4.577171e+01 4.064579e+01 5.165248e+01 3.828592e+01 3.494880e+01 2.515097e+01 7.171176e+00 9.094704e+00 4.206791e+00 4.547649e+00 5.684489e+00 1.358215e+01 5.350657e+00 4.745391e+00 5.324780e+00 4.078943e+00 3.740482e+00 2.870460e+00 9.370690e+00
<GCONST> 1.147695e+02
<STATE> 3
<MEAN> 25
 4.245020e+00 2.036414e+00 2.410184e+00 6.662723e+00 7.114007e-01 -4.281653e+00 -3.207838e+00 -2.259393e+00 -2.677833e+00 -5.500273e+00 -1.391374e+00 1.105322e+00 9.654012e-01 -1.866491e+00 4.780191e-01 -1.194285e+00 -1.564972e+00 -1.982397e+00 -7.714683e-01 1.287000e-01 -4.712190e-01 6.000745e-01 7.098512e-01 4.300378e-01 2.315180e+00
<VARIANCE> 25
 3.916096e+01 4.825220e+01 3.973404e+01 5.153151e+01 5.182253e+01 4.862362e+01 3.571976e+01 3.707773e+01 5.167496e+01 3.880831e+01 3.299681e+01 2.359892e+01 2.189184e+00 4.301992e+00 3.167820e+00 5.010015e+00 4.302681e+00 5.943429e+00 4.048821e+00 5.781773e+00 4.373067e+00 4.045018e+00 3.269809e+00 2.683481e+00 3.869131e+00
<GCONST> 1.081969e+02
<STATE> 4
<MEAN> 25
 7.360834e+00 -2.220483e+00 4.521218e+00 2.908469e+00 -4.221285e+00 -8.358799e+00 -5.748550e+00 -1.587836e+00 -1.160103e+00 -1.865264e+00 6.235736e-01 1.426819e+00 1.753427e-01 -6.348336e-01 3.641027e-01 -7.922609e-01 -8.733732e-01 -1.681861e-01 -2.283736e-01 2.700548e-01 3.550060e-01 5.547546e-01 1.870806e-01 -1.616107e-01 7.605124e-01
<VARIANCE> 25
 3.808558e+01 5.271933e+01 4.794534e+01 5.678518e+01 7.596190e+01 8.043777e+01 4.448783e+01 8.159991e+01 7.530019e+01 3.769435e+01 3.742651e+01 3.108685e+01 9.690583e-01 2.512851e+00 3.093940e+00 3.108475e+00 3.969588e+00 4.118351e+00 3.642047e+00 4.314369e+00 3.792974e+00 2.887245e+00 2.496772e+00 2.269694e+00 2.028961e+00
<GCONST> 1.069238e+02
<TRANSP> 5
 0.000000e+00 1.000000e+00 0.000000e+00 0.000000e+00 0.000000e+00
 0.000000e+00 6.229970e-01 3.770030e-01 0.000000e+00 0.000000e+00
 0.000000e+00 0.000000e+00 4.426332e-01 5.573668e-01 0.000000e+00
 0.000000e+00 0.000000e+00 0.000000e+00 5.030096e-01 4.969904e-01
 0.000000e+00 0.000000e+00 0.000000e+00 0.000000e+00 0.000000e+00
<ENDHMM>
~h "e"
<BEGINHMM>
<NUMSTATES> 5
<STATE> 2
<MEAN> 25
 5.195352e+00 -2.524843e+00 4.635892e-01 3.483593e-01 -2.166658e+00 -4.415752e+00 -5.152486e-01 -1.837587e-01 -2.708346e+00 8.993483e-01 1.124968e+00 5.583350e-02 1.682314e+00 -1.166655e+00 2.441674e-01 -3.981606e-01 -1.167558e+00 -1.541659e+00 2.397677e-01 1.958581e-01 -1.597950e+00 5.405169e-01 4.063256e-01 4.241174e-02 1.891334e+00
<VARIANCE> 25
 5.675584e+01 4.404440e+01 4.645825e+01 4.127219e+01 5.749501e+01 7.242859e+01 4.738778e+01 7.421191e+01 5.601200e+01 4.494659e+01 4.196936e+01 2.614145e+01 3.966898e+00 5.580997e+00 4.898755e+00 4.428160e+00 5.334524e+00 6.983603e+00 5.519064e+00 7.019863e+00 5.843845e+00 4.732086e+00 3.965072e+00 2.550810e+00 3.814737e+00
<GCONST> 1.130823e+02
<STATE> 3
<MEAN> 25
 7.647904e+00 -5.904300e+00 4.540217e-01 -2.468382e-01 -3.754208e+00 -5.735874e+00 -3.761212e-01 -1.690260e+00 -4.668431e+00 2.810969e+00 2.028601e+00 4.846032e-01 2.357944e-01 -5.985462e-01 2.815203e-01 -5.929358e-03 -4.870813e-01 -1.375263e-01 2.549779e-01 -2.485541e-02 -3.974799e-01 2.857979e-01 2.703755e-01 5.260577e-02 4.528147e-01
<VARIANCE> 25
 4.187519e+01 3.959482e+01 5.027583e+01 4.562971e+01 6.656010e+01 7.278989e+01 5.623252e+01 1.159822e+02 6.076702e+01 5.212148e+01 4.797039e+01 2.756444e+01 1.094031e+00 2.412181e+00 1.919535e+00 2.363470e+00 2.838542e+00 3.248741e+00 3.465124e+00 3.447402e+00 3.366349e+00 2.768531e+00 2.165557e+00 1.899147e+00 1.429993e+00
<GCONST> 1.048032e+02
<STATE> 4
<MEAN> 25
 5.861520e+00 -4.344005e+00 5.580294e+00 -7.748890e-02 -7.163202e+00 -7.327210e+00 1.444672e+00 2.618454e+00 -4.905353e+00 1.834036e+00 2.027751e+00 4.534789e-01 -2.760499e-01 5.663112e-01 6.288402e-02 2.866109e-01 3.657370e-01 3.849681e-01 8.121139e-02 -9.111664e-02 1.111393e-01 -1.661983e-01 -2.099159e-02 -4.289916e-02 -5.774570e-01
<VARIANCE> 25
 2.723413e+01 3.526256e+01 5.176869e+01 3.567833e+01 5.579259e+01 4.883253e+01 4.432649e+01 6.414542e+01 4.970792e+01 3.618005e+01 3.048528e+01 1.836668e+01 5.644241e-01 1.132447e+00 1.156863e+00 1.271925e+00 1.547916e+00 1.628104e+00 1.691412e+00 1.472998e+00 1.675601e+00 1.501367e+00 1.351689e+00 1.075555e+00 6.363380e-01
<GCONST> 9.264137e+01
<TRANSP> 5
 0.000000e+00 1.000000e+00 0.000000e+00 0.000000e+00 0.000000e+00
 0.000000e+00 3.988654e-01 6.011347e-01 0.000000e+00 0.000000e+00
 0.000000e+00 0.000000e+00 2.799577e-01 7.200422e-01 0.000000e+00
 0.000000e+00 0.000000e+00 0.000000e+00 7.730579e-01 2.269422e-01
 0.000000e+00 0.000000e+00 0.000000e+00 0.000000e+00 0.000000e+00
<ENDHMM>
~h "f"
<BEGINHMM>
<NUMSTATES> 5
<STATE> 2
<MEAN> 25
 -5.998324e+00 5.683081e+00 -4.071851e-01 1.615313e+00 6.608294e+00 4.434929e+00 -9.162850e-01 -1.124695e+00 7.666839e-01 2.684370e+00 2.218194e+00 9.804369e-01 -7.983585e-01 -8.824910e-01 2.265397e-01 7.599527e-01 2.115615e-01 9.779046e-01 1.047827e+00 9.824204e-01 1.078617e+00 -7.424361e-01 2.513664e-01 9.109826e-01 -2.516151e-01
<VARIANCE> 25
 2.579468e+02 1.207959e+02 2.362091e+01 5.478836e+01 7.231367e+01 3.937113e+01 3.942062e+01 4.461115e+01 3.377133e+01 2.454001e+01 2.007480e+01 1.517131e+01 8.229931e+00 5.949133e+00 3.688564e+00 2.789312e+00 4.331373e+00 3.210404e+00 2.804122e+00 5.118165e+00 4.024097e+00 2.767512e+00 4.014326e+00 1.534275e+00 6.877736e+00
<GCONST> 1.089992e+02
<STATE> 3
<MEAN> 25
 -3.578290e+00 -3.060017e+00 -2.296836e+00 2.545801e+00 2.286567e+00 2.408004e+00 1.941508e+00 6.296341e-01 4.313509e+00 -2.648360e-02 3.134416e+00 2.746070e+00 -1.264117e+00 -1.171073e+00 -2.630828e-01 -9.545607e-02 -3.616403e-01 -6.740496e-02 1.003181e-01 -1.513130e-01 4.604180e-01 -4.546706e-01 -1.401152e-02 4.202535e-01 -3.114514e-01
<VARIANCE> 25
 1.857347e+01 3.086722e+01 1.814984e+01 1.470884e+01 2.486902e+01 3.754100e+01 3.840359e+01 3.186877e+01 3.700614e+01 2.864624e+01 2.005250e+01 1.673871e+01 1.722605e+00 5.409628e+00 1.653149e+00 2.399558e+00 2.105981e+00 2.677478e+00 3.590813e+00 3.912484e+00 2.891258e+00 3.693499e+00 1.388223e+00 1.291528e+00 3.024621e+00
<GCONST> 9.665759e+01
<STATE> 4
<MEAN> 25
 -3.805668e+00 -2.357188e+00 -2.247613e+00 3.862704e+00 1.928927e+00 3.818091e+00 1.862424e+00 -3.939734e-01 1.930868e+00 -2.476918e+00 9.840786e-01 5.559417e-01 8.162138e-01 5.818745e-01 -2.172296e-01 -3.796555e-01 -2.618802e-01 -4.534421e-01 -2.594649e-02 -2.163227e-01 -5.757362e-01 -1.187523e-02 -3.611845e-01 -2.441981e-01 2.327247e-01
<VARIANCE> 25
 1.302680e+01 5.504466e+01 2.502012e+01 2.798212e+01 3.392600e+01 7.989104e+01 3.143499e+01 2.008918e+01 2.321208e+01 1.617661e+01 1.747307e+01 1.969870e+01 2.174875e+00 4.637488e+00 1.575882e+00 2.223539e+00 1.942863e+00 5.555214e+00 2.231529e+00 2.373729e+00 2.884680e+00 1.856502e+00 1.568484e+00 1.312191e+00 1.306921e+00
<GCONST> 9.547443e+01
<TRANSP> 5
 0.000000e+00 1.000000e+00 0.000000e+00 0.000000e+00 0.000000e+00
 0.000000e+00 5.118601e-01 4.881399e-01 0.000000e+00 0.000000e+00
 0.000000e+00 0.000000e+00 6.093119e-01 3.906881e-01 0.000000e+00
 0.000000e+00 0.000000e+00 0.000000e+00 7.639641e-01 2.360359e-01
 0.000000e+00 0.000000e+00 0.000000e+00 0.000000e+00 0.000000e+00
<ENDHMM>
~h "g"
<BEGINHMM>
<NUMSTATES> 5
<STATE> 2
<MEAN> 25
 1.010828e+00 4.855541e+00 3.685848e+00 4.235511e+00 1.160258e+00 -4.801973e-01 -1.477345e+00 -6.940914e-01 -1.944916e+00 -1.874179e+00 -1.626556e-01 -2.422007e+00 1.570980e-01 4.313135e-02 3.465807e-01 4.190328e-01 3.678327e-02 -4.596436e-01 -4.349603e-01 5.399460e-01 5.088173e-01 -2.923870e-01 -8.242415e-02 -1.088611e-01 2.797743e-01
<VARIANCE> 25
 5.175887e+01 5.184665e+01 4.118692e+01 5.185786e+01 7.210493e+01 6.853094e+01 6.843283e+01 6.616144e+01 6.158707e+01 5.023163e+01 3.094044e+01 2.624457e+01 5.452464e+00 7.512349e+00 4.228691e+00 5.398005e+00 7.944377e+00 8.000525e+00 6.801847e+00 6.313036e+00 5.482126e+00 5.331297e+00 3.149627e+00 3.266768e+00 6.473861e+00
<GCONST> 1.154947e+02
<STATE> 3
<MEAN> 25
 4.423032e+00 2.787258e+00 4.512169e+00 3.437550e+00 -2.261151e+00 -6.147382e+00 -4.792165e+00 2.610224e+00 1.404815e+00 -2.787653e+00 -1.278648e+00 -1.983665e+00 1.060317e+00 -1.628956e+00 1.023765e-01 -5.263503e-01 -1.211664e+00 -1.450923e+00 -3.450515e-01 7.509751e-01 -1.749533e-01 -5.792210e-01 -5.217953e-02 5.068980e-01 1.834326e+00
<VARIANCE> 25
 3.026645e+01 6.758588e+01 4.583446e+01 5.781013e+01 8.767372e+01 8.769933e+01 7.975835e+01 7.203104e+01 6.767345e+01 5.920441e+01 3.948611e+01 2.922322e+01 2.660862e+00 5.165603e+00 4.367722e+00 5.944250e+00 8.259427e+00 7.984814e+00 8.779511e+00 6.589185e+00 5.733172e+00 5.577188e+00 3.975848e+00 3.824674e+00 3.483646e+00
<GCONST> 1.159616e+02
<STATE> 4
<MEAN> 25
 6.808066e+00 -1.430887e+00 5.254010e+00 -1.235158e-01 -7.389329e+00 -7.851055e+00 -5.657331e+00 2.031459e+00 1.271664e+00 -5.259443e+00 -1.695218e+00 6.673333e-01 3.386967e-01 -7.258673e-01 -2.425885e-01 -5.828230e-01 -3.054776e-01 7.871685e-02 6.314941e-02 -1.803037e-01 -1.618155e-01 4.941282e-01 1.626168e-01 8.919968e-02 7.185784e-01
<VARIANCE> 25
 3.833651e+01 5.786708e+01 4.527913e+01 7.190007e+01 7.759959e+01 9.649782e+01 7.118304e+01 9.226517e+01 7.170363e+01 6.976949e+01 4.956009e+01 3.828782e+01 1.481217e+00 3.263595e+00 3.266398e+00 3.653472e+00 4.602611e+00 4.588198e+00 4.397054e+00 4.591963e+00 3.408234e+00 2.951412e+00 2.735155e+00 2.582090e+00 2.229609e+00
<GCONST> 1.106922e+02
<TRANSP> 5
 0.000000e+00 1.000000e+00 0.000000e+00 0.000000e+00 0.000000e+00
 0.000000e+00 5.767384e-01 4.232616e-01 0.000000e+00 0.000000e+00
 0.000000e+00 0.000000e+00 4.126759e-01 5.873241e-01 0.000000e+00
 0.000000e+00 0.000000e+00 0.000000e+00 5.267029e-01 4.732971e-01
 0.000000e+00 0.000000e+00 0.000000e+00 0.000000e+00 0.000000e+00
<ENDHMM>
~h "h"
<BEGINHMM>
<NUMSTATES> 5
<STATE> 2
<MEAN> 25
 2.159656e+00 -7.141626e-01 1.587706e+00 1.338132e+00 -8.419828e-01 2.157731e+00 4.315686e+00 2.256114e+00 1.924783e+00 5.374753e-01 4.182934e-01 8.531628e-01 -1.122083e+00 2.597965e-01 -2.755047e-01 1.006596e-02 6.127297e-01 4.625275e-01 2.699076e-01 2.815843e-01 -5.925015e-03 -1.515002e-01 3.190778e-01 3.551910e-01 -1.029277e+00
<VARIANCE> 25
 4.723961e+01 5.298732e+01 4.070758e+01 4.237091e+01 6.549685e+01 6.973980e+01 6.458311e+01 5.106424e+01 4.473216e+01 4.604298e+01 3.956240e+01 2.277885e+01 1.742343e+00 2.942597e+00 2.602060e+00 3.052443e+00 3.025380e+00 3.299609e+00 3.436963e+00 2.940373e+00 3.033939e+00 2.621229e+00 2.579906e+00 1.934626e+00 1.549106e+00
<GCONST> 1.046265e+02
<STATE> 3
<MEAN> 25
 -1.588517e+00 -1.011549e+00 -2.258986e+00 -3.554167e-01 1.938402e+00 4.588191e+00 5.145098e+00 2.759835e+00 5.849429e-01 -2.004329e+00 -6.180739e-01 1.287239e+00 -7.867709e-01 1.363207e-01 4.320843e-03 5.875472e-02 1.147568e-01 -1.006527e-01 -3.574088e-01 -2.652754e-01 6.128465e-02 1.186390e-01 1.855149e-01 1.004343e-01 -7.001655e-01
<VARIANCE> 25
 3.896223e+01 4.841340e+01 3.524102e+01 4.321503e+01 5.735215e+01 4.783042e+01 4.958279e+01 4.255759e+01 4.567538e+01 3.924296e+01 2.866618e+01 2.238115e+01 5.894347e-01 1.101213e+00 1.540248e+00 1.728042e+00 1.930584e+00 1.809296e+00 2.205622e+00 2.115828e+00 2.103532e+00 2.039546e+00 1.639320e+00 1.471545e+00 2.958655e-01
<GCONST> 9.480138e+01
<STATE> 4
<MEAN> 25
 -5.896031e+00 8.054078e-01 4.505095e-02 1.987544e+00 2.679717e+00 2.256983e+00 5.192037e-01 -5.587791e-01 3.666160e-01 -6.376218e-01 6.007524e-01 1.486127e+00 -8.162594e-02 4.206160e-02 1.376608e-02 4.385836e-02 4.601534e-02 8.206693e-03 -3.656112e-02 -2.546431e-02 1.161689e-02 1.816634e-02 -2.191089e-03 -5.504846e-03 -9.678153e-02
<VARIANCE> 25
 3.738576e+01 2.488320e+01 1.705632e+01 2.338074e+01 2.085932e+01 2.140676e+01 2.475096e+01 1.918068e+01 2.184399e+01 1.544923e+01 1.711946e+01 1.434510e+01 1.553678e-01 3.180931e-01 5.670158e-01 6.979635e-01 9.231339e-01 1.117475e+00 1.168419e+00 1.300755e+00 1.320721e+00 1.349404e+00 1.252562e+00 1.172625e+00 7.826716e-02
<GCONST> 7.729022e+01
<TRANSP> 5
 0.000000e+00 1.000000e+00 0.000000e+00 0.000000e+00 0.000000e+00
 0.000000e+00 6.650862e-01 3.349138e-01 0.000000e+00 0.000000e+00
 0.000000e+00 0.000000e+00 6.927434e-01 3.072566e-01 0.000000e+00
 0.000000e+00 0.000000e+00 0.000000e+00 9.061012e-01 9.389881e-02
 0.000000e+00 0.000000e+00 0.000000e+00 0.000000e+00 0.000000e+00
<ENDHMM>
~h "i"
<BEGINHMM>
<NUMSTATES> 5
<STATE> 2
<MEAN> 25
 3.937670e+00 -1.969498e+00 7.451013e+00 6.533777e+00 8.096218e-03 -4.103806e+00 -5.905665e+00 -4.664406e+00 -3.155967e+00 -1.894568e+00 -1.380388e-01 -1.118423e+00 8.740080e-01 -5.169692e-01 1.415180e+00 1.403210e-01 -1.101199e+00 -1.223325e+00 -1.043432e+00 -3.340597e-01 -1.303049e+00 1.051003e-01 3.530899e-02 -4.951152e-01 1.198973e+00
<VARIANCE> 25
 3.667904e+01 5.161557e+01 4.762545e+01 9.648503e+01 9.445049e+01 6.377711e+01 7.520280e+01 7.859359e+01 5.642085e+01 3.111827e+01 3.229486e+01 2.542484e+01 3.179874e+00 3.736574e+00 6.535896e+00 5.654583e+00 6.867487e+00 6.087935e+00 5.355072e+00 5.902389e+00 7.284453e+00 3.170935e+00 3.865384e+00 2.587092e+00 2.948965e+00
<GCONST> 1.132901e+02
<STATE> 3
<MEAN> 25
 4.482116e+00 -3.896636e+00 9.663423e+00 9.676345e+00 4.186608e-01 -6.226283e+00 -9.087045e+00 -5.209567e+00 -2.790050e+00 -8.943893e-01 -5.664208e-01 -3.458338e+00 -1.030343e-01 2.670949e-01 3.143122e-01 -4.120135e-01 -6.009285e-01 3.803684e-01 2.740440e-01 -8.157711e-02 -5.346869e-01 2.917027e-01 3.858795e-01 8.236115e-02 -1.429703e-01
<VARIANCE> 25
 2.806026e+01 4.014959e+01 4.912095e+01 1.097511e+02 1.148265e+02 5.477670e+01 8.497825e+01 7.685950e+01 7.863544e+01 4.680583e+01 4.497197e+01 3.433342e+01 1.192269e+00 1.901425e+00 3.207119e+00 2.721396e+00 3.269151e+00 3.314405e+00 3.508790e+00 3.451400e+00 3.460119e+00 2.557637e+00 2.143677e+00 1.731045e+00 1.507884e+00
<GCONST> 1.064146e+02
<STATE> 4
<MEAN> 25
 2.187276e+00 1.511493e+00 1.369566e+01 3.709981e-01 -8.783067e+00 -4.353281e+00 -2.713933e+00 -2.446606e+00 -8.621906e+00 -6.592218e-01 2.970362e+00 -8.074820e-01 -2.173622e-01 2.018472e-01 -5.028875e-01 1.859977e-01 4.546803e-01 2.487170e-01 3.009724e-01 4.258156e-02 3.748568e-01 7.121537e-03 -1.912866e-02 1.586662e-01 -4.911605e-01
<VARIANCE> 25
 1.917948e+01 2.583548e+01 5.361916e+01 4.625559e+01 5.436171e+01 4.557886e+01 3.839829e+01 3.908617e+01 4.735740e+01 3.119746e+01 3.083077e+01 1.985589e+01 8.237987e-01 1.562829e+00 2.219777e+00 1.856490e+00 2.603183e+00 2.126572e+00 2.187919e+00 1.987125e+00 2.272137e+00 1.599350e+00 1.465639e+00 1.263224e+00 1.179988e+00
<GCONST> 9.573400e+01
<TRANSP> 5
 0.000000e+00 1.000000e+00 0.000000e+00 0.000000e+00 0.000000e+00
 0.000000e+00 5.205168e-01 4.794832e-01 0.000000e+00 0.000000e+00
 0.000000e+00 0.000000e+00 5.283824e-01 4.716177e-01 0.000000e+00
 0.000000e+00 0.000000e+00 0.000000e+00 8.025334e-01 1.974666e-01
 0.000000e+00 0.000000e+00 0.000000e+00 0.000000e+00 0.000000e+00
<ENDHMM>
~h "j"
<BEGINHMM>
<NUMSTATES> 5
<STATE> 2
<MEAN> 25
 1.565766e+00 6.870574e-01 6.510560e+00 5.931393e+00 9.054148e-01 1.797104e-01 -2.944478e+00 -2.811600e+00 -2.163861e+00 -2.890003e+00 5.878491e-01 1.062289e+00 -9.548137e-01 5.220963e-01 9.059269e-01 9.283462e-01 1.928962e-01 7.679669e-01 -8.535478e-02 2.492755e-01 6.859120e-01 -9.938443e-01 -1.515647e-01 1.105037e-02 -8.558962e-01
<VARIANCE> 25
 4.551093e+01 7.106513e+01 4.335522e+01 5.254338e+01 7.016689e+01 9.653180e+01 4.833947e+01 6.821217e+01 5.986658e+01 3.675904e+01 3.847573e+01 2.531277e+01 3.873367e+00 1.061867e+01 4.562410e+00 5.042725e+00 6.739614e+00 7.337008e+00 5.451052e+00 6.316416e+00 5.641174e+00 4.208294e+00 3.299545e+00 2.899496e+00 8.057985e+00
<GCONST> 1.150636e+02
<STATE> 3
<MEAN> 25
 1.652106e-01 7.589328e-02 7.613040e+00 5.493468e+00 4.556180e-01 -1.303138e+00 -3.496703e+00 -3.481023e+00 -5.508859e-01 -5.713358e+00 -6.355457e-01 1.249185e+00 9.808609e-01 -5.432180e-01 -1.471633e-01 -8.629419e-01 -3.336858e-01 -1.529662e+00 -6.186084e-01 -6.228707e-01 -9.013125e-01 2.362736e-01 3.535350e-01 2.793398e-01 1.682678e+00
<VARIANCE> 25
 4.604035e+01 7.700812e+01 3.985547e+01 6.697467e+01 5.568966e+01 4.935935e+01 6.794857e+01 5.167541e+01 3.710094e+01 3.000633e+01 1.860959e+01 2.034762e+01 4.507104e+00 4.320776e+00 4.991066e+00 6.685988e+00 5.598530e+00 5.562378e+00 5.611609e+00 5.381458e+00 5.365077e+00 3.307454e+00 2.495014e+00 2.367939e+00 4.121850e+00
<GCONST> 1.104361e+02
<STATE> 4
<MEAN> 25
 4.192316e+00 7.902216e-01 9.454947e+00 1.910089e-01 -6.498898e+00 -7.780810e+00 -4.412094e+00 4.155815e-01 -3.042859e+00 -2.392567e+00 1.556807e+00 1.998821e+00 7.299175e-01 -8.252637e-01 -6.478446e-01 -5.395938e-01 -7.641290e-01 -5.150392e-01 -1.637011e-01 5.513581e-01 1.152449e-01 5.785076e-01 -1.316686e-02 -4.923182e-02 6.055642e-01
<VARIANCE> 25
 2.634177e+01 5.492233e+01 2.956399e+01 3.712574e+01 5.265023e+01 3.782495e+01 4.368117e+01 4.354322e+01 3.923007e+01 2.558646e+01 2.219691e+01 2.840827e+01 1.785223e+00 3.106637e+00 3.211867e+00 2.834489e+00 4.793613e+00 3.479811e+00 4.197521e+00 3.186515e+00 2.851564e+00 2.139215e+00 2.333822e+00 2.436751e+00 1.401511e+00
<GCONST> 1.019438e+02
<TRANSP> 5
 0.000000e+00 1.000000e+00 0.000000e+00 0.000000e+00 0.000000e+00
 0.000000e+00 6.929017e-01 3.070983e-01 0.000000e+00 0.000000e+00
 0.000000e+00 0.000000e+00 6.512814e-01 3.487186e-01 0.000000e+00
 0.000000e+00 0.000000e+00 0.000000e+00 6.936541e-01 3.063460e-01
 0.000000e+00 0.000000e+00 0.000000e+00 0.000000e+00 0.000000e+00
<ENDHMM>
~h "k"
<BEGINHMM>
<NUMSTATES> 5
<STATE> 2
<MEAN> 25
 -5.004508e+00 2.215082e+00 -1.702420e+00 1.097602e+00 2.197529e+00 3.553536e+00 1.905807e+00 3.197070e-01 2.530735e+00 7.693901e-01 1.938503e+00 7.670819e-01 -1.057734e+00 -2.613431e-02 -2.661886e-01 2.446874e-01 1.316758e-02 4.177751e-01 3.658527e-01 5.386969e-01 5.442880e-01 -2.971330e-01 2.852668e-01 3.594952e-01 -9.351519e-01
<VARIANCE> 25
 6.048686e+01 3.880434e+01 3.945465e+01 4.797057e+01 6.475952e+01 5.687908e+01 4.277983e+01 4.733901e+01 4.791819e+01 3.594775e+01 3.345909e+01 2.700393e+01 4.850252e+00 4.174535e+00 4.174830e+00 4.968449e+00 4.360991e+00 5.518185e+00 4.296691e+00 3.925922e+00 4.500989e+00 3.282030e+00 3.497475e+00 2.550908e+00 5.495242e+00
<GCONST> 1.099680e+02
<STATE> 3
<MEAN> 25
 -3.853385e+00 -3.133247e+00 -1.309686e-01 -2.143600e+00 -5.124281e+00 3.432494e+00 4.277000e+00 3.837494e+00 4.458419e+00 -2.545332e+00 -2.590817e-01 2.090981e+00 1.833694e+00 -1.244286e+00 -2.135694e-01 -8.138180e-01 -9.035301e-01 -8.036025e-01 -3.669043e-01 -5.986083e-02 1.042686e-01 -1.161353e-01 -5.199037e-01 -1.040203e-01 2.298520e+00
<VARIANCE> 25
 4.517246e+01 7.097253e+01 5.554861e+01 5.634657e+01 1.450897e+02 6.833260e+01 6.977473e+01 5.976730e+01 6.039662e+01 4.908586e+01 4.077100e+01 2.820090e+01 8.002917e+00 9.447903e+00 6.961530e+00 7.318133e+00 1.231919e+01 8.960572e+00 7.922107e+00 6.381963e+00 6.879270e+00 7.497743e+00 3.955403e+00 4.317967e+00 7.605865e+00
<GCONST> 1.203412e+02
<STATE> 4
<MEAN> 25
 1.611988e+00 -3.070393e+00 -3.899032e+00 -3.100612e+00 4.379450e-01 -1.426206e+00 -7.824444e-01 7.455400e-01 2.848057e+00 1.663650e+00 -8.860373e-01 -7.136037e-01 2.172727e+00 2.685749e-01 5.878692e-02 -3.159825e-01 -2.355933e-01 -1.212251e+00 -3.136673e-01 -4.907261e-01 -1.142707e+00 6.213699e-01 -3.956420e-01 -7.390475e-01 1.712374e+00
<VARIANCE> 25
 4.296476e+01 5.047893e+01 6.883126e+01 5.624858e+01 7.949964e+01 6.353191e+01 5.262271e+01 5.240047e+01 4.987701e+01 4.553239e+01 3.089124e+01 2.975919e+01 4.737636e+00 4.896866e+00 5.931733e+00 6.252744e+00 6.422446e+00 7.445716e+00 5.533513e+00 6.025093e+00 5.359696e+00 4.635580e+00 3.425417e+00 2.762625e+00 3.901122e+00
<GCONST> 1.138443e+02
<TRANSP> 5
 0.000000e+00 1.000000e+00 0.000000e+00 0.000000e+00 0.000000e+00
 0.000000e+00 6.883388e-01 3.116612e-01 0.000000e+00 0.000000e+00
 0.000000e+00 0.000000e+00 5.134006e-01 4.865994e-01 0.000000e+00
 0.000000e+00 0.000000e+00 0.000000e+00 4.206002e-01 5.793998e-01
 0.000000e+00 0.000000e+00 0.000000e+00 0.000000e+00 0.000000e+00
<ENDHMM>
~h "l"
<BEGINHMM>
<NUMSTATES> 5
<STATE> 2
<MEAN> 25
 8.406947e+00 -1.102529e+00 -3.031433e+00 -2.893459e+00 -1.364583e+00 -3.127774e+00 -3.131945e+00 -1.970030e+00 1.099919e+00 2.022627e+00 -2.372733e+00 -1.921721e+00 1.008610e-01 -5.025555e-01 8.819388e-02 2.197611e-01 -1.956099e-01 -4.448547e-01 -5.493174e-01 2.828893e-01 5.390753e-01 4.563552e-02 -5.290892e-01 -2.304973e-01 2.773086e-01
<VARIANCE> 25
 3.195840e+01 3.035516e+01 3.840510e+01 4.931564e+01 5.859474e+01 7.581305e+01 4.986498e+01 5.407651e+01 4.734954e+01 6.609187e+01 4.746257e+01 3.244191e+01 7.264674e-01 2.359187e+00 2.004426e+00 3.448711e+00 3.138448e+00 4.569176e+00 3.228786e+00 3.251171e+00 3.607978e+00 3.212909e+00 3.165820e+00 2.584157e+00 9.664076e-01
<GCONST> 1.040617e+02
<STATE> 3
<MEAN> 25
 9.448476e+00 -1.831690e+00 -1.689108e+00 -1.088449e+00 -3.985629e+00 -7.767100e+00 -3.141709e+00 1.828163e+00 2.203091e+00 -5.792521e-01 -4.540728e+00 -1.213830e+00 -9.725527e-02 -1.768913e-01 5.203825e-01 7.258986e-02 -5.503799e-01 -2.461045e-01 4.353631e-02 2.082412e-01 3.804659e-02 -2.182668e-01 -8.982404e-02 2.416998e-01 7.629770e-02
<VARIANCE> 25
 2.949606e+01 3.051855e+01 3.365168e+01 4.564933e+01 5.875112e+01 1.002167e+02 5.316909e+01 6.511624e+01 4.834839e+01 8.483812e+01 4.099549e+01 2.771236e+01 2.937684e-01 1.307455e+00 1.528757e+00 2.151510e+00 3.132758e+00 3.352648e+00 2.845418e+00 2.601482e+00 2.697893e+00 3.136342e+00 2.377614e+00 1.579342e+00 4.645531e-01
<GCONST> 9.955053e+01
<STATE> 4
<MEAN> 25
 9.081939e+00 -3.088714e+00 2.941017e-01 -4.267634e+00 -4.570918e+00 -4.819197e+00 -4.986893e+00 -1.923414e+00 2.162564e+00 1.463885e+00 -3.796504e+00 -7.501661e-01 -1.274450e-01 1.636571e-01 2.558435e-01 2.099817e-02 -2.797803e-02 1.155449e-01 1.152624e-01 4.063351e-02 -2.186262e-01 -1.448810e-01 1.501867e-01 3.983473e-02 -1.546547e-01
<VARIANCE> 25
 1.966797e+01 3.096463e+01 3.469189e+01 5.703676e+01 7.576201e+01 6.455421e+01 5.458704e+01 5.450346e+01 4.325920e+01 7.248710e+01 3.878726e+01 2.864923e+01 2.694232e-01 9.516145e-01 1.115397e+00 1.331425e+00 1.555013e+00 2.105236e+00 1.839509e+00 2.020806e+00 1.734110e+00 2.047105e+00 1.564362e+00 1.166276e+00 3.876808e-01
<GCONST> 9.395989e+01
<TRANSP> 5
 0.000000e+00 1.000000e+00 0.000000e+00 0.000000e+00 0.000000e+00
 0.000000e+00 2.792653e-01 7.207347e-01 0.000000e+00 0.000000e+00
 0.000000e+00 0.000000e+00 4.000610e-01 5.999391e-01 0.000000e+00
 0.000000e+00 0.000000e+00 0.000000e+00 6.857722e-01 3.142279e-01
 0.000000e+00 0.000000e+00 0.000000e+00 0.000000e+00 0.000000e+00
<ENDHMM>
~h "m"
<BEGINHMM>
<NUMSTATES> 5
<STATE> 2
<MEAN> 25
 5.172420e+00 3.927110e+00 -9.700883e-01 -1.031546e-01 1.034271e+00 3.972858e-01 -1.325315e+00 -5.170994e-01 -4.734255e-01 1.029533e+00 -2.467971e-01 -3.397521e+00 -4.974858e-01 1.395658e+00 7.573577e-01 1.148125e+00 1.211259e+00 1.228909e+00 -3.705435e-01 -9.035692e-01 1.595670e-01 4.053900e-01 -4.434446e-01 -9.681724e-01 -1.005999e+00
<VARIANCE> 25
 5.309842e+01 3.623631e+01 3.578009e+01 4.485155e+01 5.004999e+01 5.718403e+01 3.878437e+01 4.120074e+01 6.935400e+01 3.039995e+01 3.167696e+01 2.952168e+01 5.099901e+00 3.733949e+00 4.185337e+00 5.399508e+00 5.264671e+00 5.506833e+00 3.694626e+00 3.492934e+00 7.126933e+00 3.364927e+00 3.105179e+00 3.505833e+00 4.329498e+00
<GCONST> 1.097395e+02
<STATE> 3
<MEAN> 25
 4.131257e+00 5.894526e+00 1.051251e+00 2.774633e+00 4.522407e+00 2.760392e+00 -3.436110e+00 -2.726411e+00 1.684706e+00 2.381813e+00 -2.157479e+00 -5.611290e+00 3.103199e-01 -1.558471e-01 1.604839e-02 -1.782775e-03 -1.133917e-01 -1.844117e-01 -6.264677e-02 -2.539528e-01 -3.351783e-01 -1.312615e-01 -3.045270e-02 2.765947e-01 3.670660e-01
<VARIANCE> 25
 2.367663e+01 3.423942e+01 3.529036e+01 4.515851e+01 5.145451e+01 4.281271e+01 5.517475e+01 4.530109e+01 1.159777e+02 3.903719e+01 3.822023e+01 4.684818e+01 3.829754e+00 2.745549e+00 4.046643e+00 4.870473e+00 5.329267e+00 5.121697e+00 3.473861e+00 2.991329e+00 4.948471e+00 3.209699e+00 2.412932e+00 3.442916e+00 2.664774e+00
<GCONST> 1.082922e+02
<STATE> 4
<MEAN> 25
 4.689498e+00 3.806412e+00 1.510084e+00 2.109149e+00 8.872039e-01 1.301145e+00 -9.310896e-01 -5.168952e+00 -7.092982e+00 1.225418e+00 4.904464e-02 -3.650082e+00 4.254604e-01 -4.701934e-01 -6.302627e-01 -8.851795e-01 -4.759515e-01 -2.829066e-01 1.712436e-01 5.955201e-01 3.177927e-01 -1.728199e-01 -2.042590e-02 2.661180e-01 5.516313e-01
<VARIANCE> 25
 1.768840e+01 2.475924e+01 2.811645e+01 4.404148e+01 3.380860e+01 2.956273e+01 3.131505e+01 4.235300e+01 1.027711e+02 2.165011e+01 2.696878e+01 2.468212e+01 1.437406e+00 1.779503e+00 2.636314e+00 3.947827e+00 3.159094e+00 3.004609e+00 2.024564e+00 2.667403e+00 3.923651e+00 1.992752e+00 1.825500e+00 1.827267e+00 1.258182e+00
<GCONST> 9.816565e+01
<TRANSP> 5
 0.000000e+00 1.000000e+00 0.000000e+00 0.000000e+00 0.000000e+00
 0.000000e+00 4.263074e-01 5.736927e-01 0.000000e+00 0.000000e+00
 0.000000e+00 0.000000e+00 3.081800e-01 6.918200e-01 0.000000e+00
 0.000000e+00 0.000000e+00 0.000000e+00 6.253033e-01 3.746967e-01
 0.000000e+00 0.000000e+00 0.000000e+00 0.000000e+00 0.000000e+00
<ENDHMM>
~h "n"
<BEGINHMM>
<NUMSTATES> 5
<STATE> 2
<MEAN> 25
 6.860139e+00 -2.592640e-01 -1.692382e+00 1.492874e+00 1.241132e+00 -2.191230e+00 -1.322618e+00 -2.724174e+00 -4.597975e+00 4.263206e-01 -4.892122e-01 -1.423391e+00 -1.163784e+00 2.408597e+00 6.461532e-01 1.127951e+00 1.437981e+00 1.947480e+00 -1.110088e+00 -1.416206e+00 7.386125e-01 -1.776083e-01 -6.070100e-01 -1.176273e+00 -2.189517e+00
<VARIANCE> 25
 2.559642e+01 3.451141e+01 3.943342e+01 3.588995e+01 5.630704e+01 5.658576e+01 4.187421e+01 6.222715e+01 5.129472e+01 3.237446e+01 4.856004e+01 3.122816e+01 1.217287e+00 1.949103e+00 2.324738e+00 3.035824e+00 5.475148e+00 4.747124e+00 4.341992e+00 4.810163e+00 4.917968e+00 3.107611e+00 5.392854e+00 3.064791e+00 1.523407e+00
<GCONST> 1.057245e+02
<STATE> 3
<MEAN> 25
 3.814746e+00 4.453320e+00 6.791655e-01 3.528779e+00 5.325327e+00 3.491109e+00 -6.176338e+00 -7.167183e+00 -3.525094e-01 6.551396e-01 -4.102831e+00 -4.596411e+00 -6.364015e-01 9.049663e-01 7.427570e-01 5.679433e-01 3.379339e-01 5.493954e-01 -8.720554e-02 -2.308900e-01 3.699617e-01 -1.285396e-01 -1.005679e-01 2.390973e-03 -8.644457e-01
<VARIANCE> 25
 1.993943e+01 3.038979e+01 2.747172e+01 2.760394e+01 7.548599e+01 4.998144e+01 6.190989e+01 6.098932e+01 4.449594e+01 3.134322e+01 3.581178e+01 2.856819e+01 9.321632e-01 1.269689e+00 1.423147e+00 1.540350e+00 2.267540e+00 2.240909e+00 3.221774e+00 3.280025e+00 3.021758e+00 1.969530e+00 2.278352e+00 1.604179e+00 6.409779e-01
<GCONST> 9.719949e+01
<STATE> 4
<MEAN> 25
 -1.235995e+00 4.369633e+00 2.239792e+00 5.790504e+00 2.088078e+00 2.360908e+00 6.808570e-01 -3.080982e+00 -2.700732e-01 -7.475891e-01 -4.175412e-01 4.093979e-01 -2.670928e-01 3.378775e-02 -5.452738e-02 -3.409609e-03 3.949482e-02 5.303024e-02 1.462837e-01 1.712863e-01 7.000928e-02 -1.611723e-01 7.375237e-02 1.676517e-01 -2.219627e-01
<VARIANCE> 25
 3.713313e+01 2.304748e+01 2.305967e+01 2.929071e+01 3.930991e+01 3.540062e+01 3.246272e+01 3.643333e+01 3.592188e+01 2.361176e+01 2.432054e+01 2.470995e+01 6.454885e-01 9.571691e-01 9.833785e-01 1.132773e+00 1.349793e+00 1.544330e+00 1.646291e+00 2.025331e+00 1.844466e+00 1.605075e+00 1.464717e+00 1.339557e+00 4.421831e-01
<GCONST> 8.917826e+01
<TRANSP> 5
 0.000000e+00 1.000000e+00 0.000000e+00 0.000000e+00 0.000000e+00
 0.000000e+00 5.044875e-01 4.955125e-01 0.000000e+00 0.000000e+00
 0.000000e+00 0.000000e+00 4.707370e-01 5.292630e-01 0.000000e+00
 0.000000e+00 0.000000e+00 0.000000e+00 8.110744e-01 1.889257e-01
 0.000000e+00 0.000000e+00 0.000000e+00 0.000000e+00 0.000000e+00
<ENDHMM>
~h "o"
<BEGINHMM>
<NUMSTATES> 5
<STATE> 2
<MEAN> 25
 3.201312e+00 1.576355e+00 -1.626745e+00 -2.670430e+00 -2.818937e+00 -2.067085e+00 -5.568847e-01 1.048758e+00 1.612140e+00 -7.261622e-02 -4.514571e-01 -1.018432e-01 1.144303e+00 4.883656e-01 -4.879351e-01 -9.548129e-01 -5.363010e-01 3.995448e-04 2.769102e-01 9.007396e-02 -5.735897e-02 3.640397e-01 -8.739531e-05 -4.688531e-01 6.807115e-01
<VARIANCE> 25
 8.380723e+01 3.650014e+01 3.812510e+01 5.404528e+01 7.288433e+01 1.094109e+02 5.150624e+01 5.690244e+01 4.303220e+01 4.042493e+01 2.827983e+01 2.629554e+01 5.096074e+00 3.274632e+00 3.399458e+00 4.950649e+00 4.281874e+00 6.812052e+00 3.692071e+00 3.654333e+00 3.693635e+00 3.746679e+00 2.340940e+00 2.400932e+00 2.965506e+00
<GCONST> 1.096974e+02
<STATE> 3
<MEAN> 25
 7.443653e+00 2.859863e+00 -2.206153e+00 -5.061285e+00 -4.815654e+00 -2.957458e+00 -1.076656e+00 1.902721e+00 2.591024e+00 -4.186735e-02 -1.677108e+00 -1.112123e+00 1.258182e+00 -3.007293e-01 -7.675961e-01 -1.235872e+00 -1.418695e-01 3.153583e-01 -4.583563e-03 -4.820830e-01 -3.730979e-01 3.792605e-01 2.054798e-01 -2.500952e-01 1.132247e+00
<VARIANCE> 25
 4.269429e+01 4.559091e+01 4.715947e+01 5.903159e+01 6.988698e+01 1.320901e+02 5.574347e+01 6.471864e+01 5.793476e+01 4.886437e+01 3.313976e+01 3.479623e+01 6.033298e+00 3.592403e+00 3.296390e+00 5.936975e+00 5.096385e+00 7.766009e+00 3.852835e+00 4.014060e+00 4.179493e+00 4.369421e+00 2.749174e+00 2.890358e+00 4.733792e+00
<GCONST> 1.127714e+02
<STATE> 4
<MEAN> 25
 7.039916e+00 1.243568e+00 -5.798685e+00 -1.072175e+01 -9.928185e-01 6.354756e+00 7.856258e-01 -3.036054e+00 -1.230735e+00 3.384387e-01 1.277137e+00 1.554544e-01 -2.632109e-01 1.973418e-02 1.737068e-01 4.506949e-01 2.460831e-01 -4.144991e-02 -6.191276e-03 1.442955e-03 4.254372e-02 -7.409654e-03 2.613790e-02 5.085627e-02 -2.651615e-01
<VARIANCE> 25
 2.624838e+01 2.367273e+01 2.454539e+01 5.956729e+01 4.087706e+01 5.871996e+01 4.078924e+01 3.237077e+01 3.300222e+01 3.787090e+01 2.418851e+01 2.551525e+01 7.058857e-01 1.192530e+00 1.122888e+00 1.929376e+00 1.540820e+00 2.103181e+00 1.908428e+00 1.522267e+00 1.888738e+00 1.807243e+00 1.493097e+00 1.441568e+00 7.907430e-01
<GCONST> 9.279406e+01
<TRANSP> 5
 0.000000e+00 1.000000e+00 0.000000e+00 0.000000e+00 0.000000e+00
 0.000000e+00 2.588508e-01 7.411492e-01 0.000000e+00 0.000000e+00
 0.000000e+00 0.000000e+00 5.059243e-01 4.940757e-01 0.000000e+00
 0.000000e+00 0.000000e+00 0.000000e+00 8.212213e-01 1.787787e-01
 0.000000e+00 0.000000e+00 0.000000e+00 0.000000e+00 0.000000e+00
<ENDHMM>
~h "p"
<BEGINHMM>
<NUMSTATES> 5
<STATE> 2
<MEAN> 25
 -1.987398e+00 5.647071e+00 -1.911074e+00 -4.539726e-01 1.441741e+00 -1.723507e-02 3.008524e-02 1.270760e+00 1.630854e+00 1.566146e+00 5.608584e-01 -8.512341e-01 -2.309134e+00 6.657502e-01 1.737569e-01 3.442309e-01 5.095013e-01 1.074656e+00 4.223718e-01 2.215556e-01 5.982010e-01 3.606918e-02 5.292876e-01 4.168612e-01 -2.127211e+00
<VARIANCE> 25
 8.485871e+01 3.348043e+01 2.810572e+01 4.069543e+01 3.972460e+01 4.909259e+01 2.988745e+01 3.392829e+01 3.394665e+01 2.966435e+01 2.361122e+01 1.977911e+01 4.574269e+00 4.488116e+00 2.790895e+00 3.846468e+00 3.147243e+00 4.439456e+00 2.756326e+00 3.197791e+00 3.677176e+00 2.890815e+00 2.505810e+00 2.141543e+00 4.926020e+00
<GCONST> 1.043466e+02
<STATE> 3
<MEAN> 25
 -6.768909e+00 3.974562e+00 -1.398377e+00 1.738213e+00 4.409528e+00 3.844010e+00 1.464993e+00 1.502058e+00 2.810741e+00 2.538237e+00 1.853293e+00 8.818331e-01 2.021580e+00 -1.670297e+00 -3.392761e-01 1.701398e-01 -6.770177e-01 2.332705e-01 3.772676e-03 -2.275233e-01 4.666908e-01 -4.387368e-01 -1.193694e-01 2.716963e-01 2.164292e+00
<VARIANCE> 25
 5.936774e+01 3.827961e+01 2.581547e+01 3.329331e+01 3.479873e+01 4.035046e+01 3.152471e+01 3.164054e+01 3.743070e+01 2.840862e+01 2.314302e+01 1.891667e+01 9.511555e+00 5.537172e+00 3.910008e+00 5.153696e+00 3.988559e+00 6.028057e+00 3.630382e+00 3.696901e+00 3.940008e+00 3.079745e+00 2.306986e+00 2.591701e+00 6.649615e+00
<GCONST> 1.065580e+02
<STATE> 4
<MEAN> 25
 -1.898764e+00 1.152629e+00 -2.693637e+00 1.889926e+00 4.932719e-01 3.127683e+00 9.931157e-01 6.589061e-01 4.296734e+00 -3.370231e-01 1.956513e+00 1.401046e+00 2.479521e+00 -7.660726e-01 -4.752159e-01 -8.727146e-01 -6.185686e-01 -1.338790e+00 -5.992607e-01 -1.604884e-01 -6.953412e-01 2.331092e-02 -5.441837e-01 -6.745681e-01 2.413668e+00
<VARIANCE> 25
 4.949562e+01 3.182664e+01 2.273469e+01 3.661082e+01 2.240608e+01 4.336633e+01 2.840212e+01 2.304454e+01 2.765423e+01 2.219919e+01 2.574579e+01 2.097271e+01 6.427606e+00 4.359396e+00 2.915644e+00 5.048943e+00 3.905880e+00 6.390583e+00 3.317298e+00 3.454295e+00 4.079330e+00 3.368349e+00 2.772560e+00 2.601234e+00 5.400772e+00
<GCONST> 1.040685e+02
<TRANSP> 5
 0.000000e+00 1.000000e+00 0.000000e+00 0.000000e+00 0.000000e+00
 0.000000e+00 6.586784e-01 3.413216e-01 0.000000e+00 0.000000e+00
 0.000000e+00 0.000000e+00 3.990934e-01 6.009066e-01 0.000000e+00
 0.000000e+00 0.000000e+00 0.000000e+00 5.989230e-01 4.010770e-01
 0.000000e+00 0.000000e+00 0.000000e+00 0.000000e+00 0.000000e+00
<ENDHMM>
~h "r"
<BEGINHMM>
<NUMSTATES> 5
<STATE> 2
<MEAN> 25
 7.736150e+00 -3.536085e+00 -1.733560e+00 1.642817e+00 -2.791279e+00 -3.236936e+00 -4.040270e-01 -3.429344e-01 -1.730457e+00 -3.526772e-01 4.253469e-01 6.163105e-01 2.824461e-02 3.889731e-01 4.683478e-02 9.530765e-01 -2.171989e-01 -2.328826e-01 2.351703e-01 -6.878805e-01 -7.737651e-01 -5.306568e-01 7.729869e-01 4.765966e-01 -4.170853e-01
<VARIANCE> 25
 3.482417e+01 4.145279e+01 3.726331e+01 3.611348e+01 4.849653e+01 6.613762e+01 5.107171e+01 5.307200e+01 6.628774e+01 5.334660e+01 3.712724e+01 3.036471e+01 3.231850e+00 4.321292e+00 3.421094e+00 4.744797e+00 4.234782e+00 6.319420e+00 4.193095e+00 5.021676e+00 6.354509e+00 4.880124e+00 3.638466e+00 2.978643e+00 3.742072e+00
<GCONST> 1.104978e+02
<STATE> 3
<MEAN> 25
 8.763027e+00 -2.466591e+00 -2.256016e+00 2.792342e+00 -2.239216e+00 -3.289169e+00 2.272778e+00 -1.927663e+00 -7.093550e+00 -1.827643e+00 3.701306e+00 1.767545e+00 -4.035978e-01 1.671947e-01 5.082532e-01 2.684430e-01 9.460624e-02 3.952192e-01 -2.097457e-01 -6.978824e-01 -6.500427e-02 6.047424e-02 2.550273e-01 -1.434452e-01 -3.195882e-01
<VARIANCE> 25
 3.177522e+01 2.568077e+01 3.257475e+01 3.325981e+01 4.596551e+01 6.532694e+01 6.307730e+01 6.081309e+01 1.100394e+02 5.397549e+01 4.112846e+01 3.354071e+01 1.898576e+00 2.947243e+00 3.282700e+00 3.192648e+00 3.714690e+00 7.198285e+00 4.204498e+00 5.154350e+00 5.453680e+00 5.453079e+00 3.128183e+00 3.389263e+00 1.897213e+00
<GCONST> 1.086451e+02
<STATE> 4
<MEAN> 25
 6.826496e+00 -3.061390e+00 -3.292688e-01 2.545531e+00 -2.872488e+00 -2.480426e+00 -1.024454e+00 -3.129803e+00 -2.709121e+00 -2.498248e-01 2.757643e+00 4.227546e-01 -3.348312e-01 1.710375e-01 3.596511e-01 -3.198908e-01 2.671301e-01 6.334876e-02 -2.042316e-01 2.573855e-01 3.674236e-01 3.404269e-02 -1.631100e-01 -1.065781e-01 -1.085621e-01
<VARIANCE> 25
 2.685012e+01 2.688666e+01 3.917836e+01 4.187415e+01 4.533969e+01 7.561657e+01 5.282769e+01 7.870119e+01 7.630247e+01 4.606237e+01 4.137194e+01 2.958039e+01 1.236968e+00 1.895023e+00 2.031671e+00 2.593602e+00 2.644572e+00 3.384611e+00 2.454930e+00 3.149956e+00 3.644748e+00 2.926253e+00 2.394433e+00 2.143388e+00 1.352110e+00
<GCONST> 1.027338e+02
<TRANSP> 5
 0.000000e+00 1.000000e+00 0.000000e+00 0.000000e+00 0.000000e+00
 0.000000e+00 2.328464e-01 7.671537e-01 0.000000e+00 0.000000e+00
 0.000000e+00 0.000000e+00 3.710371e-01 6.289629e-01 0.000000e+00
 0.000000e+00 0.000000e+00 0.000000e+00 5.064676e-01 4.935323e-01
 0.000000e+00 0.000000e+00 0.000000e+00 0.000000e+00 0.000000e+00
<ENDHMM>
~h "s"
<BEGINHMM>
<NUMSTATES> 5
<STATE> 2
<MEAN> 25
 1.269098e-01 -4.271019e+00 9.179286e+00 1.821855e+00 -1.920208e-01 5.497329e+00 2.731160e+00 -1.177725e+00 2.276516e+00 -1.250511e+00 2.118860e+00 3.692758e+00 -2.047482e+00 -1.544912e+00 2.682892e+00 1.970458e-01 9.555317e-03 1.194539e+00 8.499913e-01 2.502845e-01 9.881064e-01 -7.982404e-01 8.606979e-01 8.802079e-01 7.275607e-01
<VARIANCE> 25
 5.854542e+01 7.544142e+01 1.171790e+02 3.784426e+01 4.862677e+01 9.803732e+01 4.253654e+01 4.884786e+01 2.973284e+01 3.554759e+01 3.029602e+01 2.228166e+01 4.530747e+00 9.214524e+00 1.014607e+01 4.082916e+00 5.114035e+00 5.873958e+00 5.086099e+00 4.692294e+00 3.999011e+00 3.851231e+00 3.165595e+00 2.346121e+00 2.289651e+00
<GCONST> 1.119222e+02
<STATE> 3
<MEAN> 25
 -5.268486e+00 -1.227286e+01 1.693734e+01 1.799595e+00 -1.357988e+00 9.940406e+00 3.668674e+00 -1.137866e+00 4.418034e+00 -3.311376e+00 4.331068e+00 6.070166e+00 6.689738e-02 1.069472e+00 -1.342616e+00 1.952175e-02 3.917841e-01 -4.337128e-01 -1.313111e-01 -1.871441e-01 -1.769917e-01 8.429060e-02 -1.606641e-01 -2.341179e-01 -4.672787e-01
<VARIANCE> 25
 3.146451e+01 1.189907e+02 1.254354e+02 3.460060e+01 3.859824e+01 9.403423e+01 3.830856e+01 3.739973e+01 2.850473e+01 2.842529e+01 2.373104e+01 1.916564e+01 5.242242e+00 6.353349e+00 5.298974e+00 2.610211e+00 2.987261e+00 2.990152e+00 3.354919e+00 2.523543e+00 2.388052e+00 2.364749e+00 2.090615e+00 1.608327e+00 1.752273e+00
<GCONST> 1.047951e+02
<STATE> 4
<MEAN> 25
 -6.876056e+00 3.802466e+00 5.986863e-01 2.406094e-01 2.989252e+00 -4.032366e+00 3.675928e+00 -1.990494e+00 2.591324e+00 -2.425358e+00 4.135428e-01 1.991948e+00 1.049934e+00 1.136058e-01 -5.674529e-01 -2.348679e-01 -3.675033e-01 -6.170017e-01 -4.932926e-01 -1.801271e-01 -3.707586e-01 1.858171e-01 -5.033377e-01 -4.291976e-01 3.010153e-02
<VARIANCE> 25
 5.726592e+01 4.512391e+01 4.598800e+01 3.019653e+01 3.606445e+01 6.736748e+01 3.464354e+01 3.756543e+01 2.773172e+01 2.655743e+01 2.219530e+01 1.872442e+01 6.422876e+00 4.698447e+00 5.538373e+00 2.795750e+00 3.661061e+00 4.205402e+00 3.518260e+00 3.249246e+00 3.059803e+00 2.797995e+00 2.691175e+00 2.109814e+00 2.055825e+00
<GCONST> 1.045603e+02
<TRANSP> 5
 0.000000e+00 1.000000e+00 0.000000e+00 0.000000e+00 0.000000e+00
 0.000000e+00 5.955570e-01 4.044430e-01 0.000000e+00 0.000000e+00
 0.000000e+00 0.000000e+00 6.596610e-01 3.403390e-01 0.000000e+00
 0.000000e+00 0.000000e+00 0.000000e+00 7.234604e-01 2.765396e-01
 0.000000e+00 0.000000e+00 0.000000e+00 0.000000e+00 0.000000e+00
<ENDHMM>
~h "t"
<BEGINHMM>
<NUMSTATES> 5
<STATE> 2
<MEAN> 25
 -1.821777e+00 4.212635e+00 1.680352e+00 2.481609e+00 2.306755e+00 8.670064e-01 1.780676e-01 -2.013754e+00 -1.043666e+00 3.974124e-01 4.861544e-01 7.762943e-01 -2.455691e+00 1.017022e+00 -8.576722e-01 2.463427e-01 6.575646e-01 1.019432e+00 7.109484e-01 8.781911e-01 1.094048e+00 -2.422624e-01 7.632810e-01 3.944861e-01 -2.586010e+00
<VARIANCE> 25
 6.486235e+01 3.228628e+01 3.496859e+01 4.655913e+01 5.526995e+01 6.193295e+01 4.138702e+01 5.307678e+01 5.148846e+01 3.054423e+01 3.127216e+01 2.218131e+01 3.874074e+00 5.055702e+00 3.048652e+00 4.544098e+00 4.456275e+00 6.004062e+00 4.466238e+00 4.529987e+00 4.698644e+00 3.347635e+00 3.841624e+00 2.037778e+00 6.194725e+00
<GCONST> 1.092589e+02
<STATE> 3
<MEAN> 25
 -5.584915e+00 6.003342e-01 4.304098e-01 1.007203e+00 7.186500e-01 4.035973e+00 1.046153e+00 -9.312755e-01 2.488024e+00 2.749775e-01 2.049472e+00 1.983904e+00 1.459888e+00 -2.021066e+00 3.173251e-01 -5.568053e-01 -1.735261e+00 4.695961e-01 -9.868250e-02 -3.965858e-01 8.108752e-01 -6.413618e-01 1.617123e-01 6.174690e-01 2.297619e+00
<VARIANCE> 25
 5.006593e+01 6.532187e+01 4.435756e+01 4.508492e+01 5.349548e+01 7.174768e+01 4.195070e+01 4.563324e+01 3.848539e+01 3.118211e+01 2.594348e+01 2.319526e+01 9.024446e+00 7.275713e+00 6.060451e+00 5.783710e+00 6.690710e+00 8.259873e+00 4.559431e+00 5.602241e+00 4.438475e+00 3.807041e+00 3.483791e+00 3.012350e+00 8.810228e+00
<GCONST> 1.132880e+02
<STATE> 4
<MEAN> 25
 -5.049567e+00 7.775869e-01 -9.657639e-01 2.095051e+00 -5.530565e-01 1.734789e+00 2.128557e+00 1.162205e+00 5.101309e+00 -1.488845e+00 3.092439e+00 3.597221e+00 1.153022e+00 -5.968257e-01 4.316607e-02 -8.146480e-01 -2.089114e-01 -9.568491e-01 -5.376479e-01 -1.917869e-01 -4.000088e-01 1.074937e-01 -5.834379e-01 -3.211798e-01 1.640356e+00
<VARIANCE> 25
 3.580698e+01 3.677635e+01 2.761860e+01 4.472141e+01 2.429207e+01 5.342218e+01 2.833539e+01 3.183430e+01 2.676961e+01 1.949751e+01 2.397192e+01 1.674801e+01 4.096590e+00 3.110864e+00 2.367588e+00 4.297891e+00 2.677022e+00 4.867041e+00 3.600286e+00 3.229223e+00 2.946878e+00 2.669188e+00 2.863330e+00 1.861751e+00 6.082972e+00
<GCONST> 1.019016e+02
<TRANSP> 5
 0.000000e+00 1.000000e+00 0.000000e+00 0.000000e+00 0.000000e+00
 0.000000e+00 5.952626e-01 4.047374e-01 0.000000e+00 0.000000e+00
 0.000000e+00 0.000000e+00 4.082865e-01 5.917135e-01 0.000000e+00
 0.000000e+00 0.000000e+00 0.000000e+00 6.965722e-01 3.034278e-01
 0.000000e+00 0.000000e+00 0.000000e+00 0.000000e+00 0.000000e+00
<ENDHMM>
~h "u"
<BEGINHMM>
<NUMSTATES> 5
<STATE> 2
<MEAN> 25
 6.892097e+00 4.592395e+00 4.085278e+00 6.759245e-01 -4.847491e+00 -7.716218e+00 -7.235297e+00 1.621619e+00 2.911734e+00 -4.924899e+00 -3.443317e+00 -1.177867e+00 5.264997e-01 7.464492e-01 -2.253947e-01 -4.527456e-01 -2.119862e-02 -8.667952e-02 -5.012286e-01 -2.999794e-01 -2.369305e-01 4.496451e-01 3.078241e-02 -3.616410e-01 1.914326e-02
<VARIANCE> 25
 2.981367e+01 5.547153e+01 5.964807e+01 4.891829e+01 6.830021e+01 1.072299e+02 6.013914e+01 8.635789e+01 6.100269e+01 6.162879e+01 5.487575e+01 3.146141e+01 3.660427e+00 3.809644e+00 3.836354e+00 3.873890e+00 5.378893e+00 9.783028e+00 5.695659e+00 6.407380e+00 5.645624e+00 4.570659e+00 3.691707e+00 2.931702e+00 2.405514e+00
<GCONST> 1.138805e+02
<STATE> 3
<MEAN> 25
 5.862426e+00 3.822541e+00 -6.211772e-01 -3.680066e+00 -2.555643e+00 -5.845592e-01 -5.996090e+00 -4.421199e+00 -1.872540e+00 -2.472467e-01 1.166863e-01 -1.202692e+00 -1.751627e-01 3.783162e-01 -4.865667e-01 -6.779858e-01 3.448435e-01 1.131445e+00 3.773149e-01 -6.130728e-01 -9.808857e-01 3.611175e-01 7.732754e-01 2.579213e-01 -3.633148e-01
<VARIANCE> 25
 4.015149e+01 4.114598e+01 3.572565e+01 5.662894e+01 5.217341e+01 5.127552e+01 5.887663e+01 6.299105e+01 6.394518e+01 5.485172e+01 4.448545e+01 2.795081e+01 3.168117e+00 2.788756e+00 3.102905e+00 3.902785e+00 4.066029e+00 5.218651e+00 4.636368e+00 4.703269e+00 5.425703e+00 4.100779e+00 2.719002e+00 2.569437e+00 2.208128e+00
<GCONST> 1.090159e+02
<STATE> 4
<MEAN> 25
 4.884251e+00 5.691388e+00 -1.955803e+00 -4.787504e+00 -2.640211e+00 3.556313e+00 -2.811312e+00 -5.815557e+00 -4.531825e+00 -2.045706e+00 2.439035e+00 1.286051e+00 -4.376897e-01 -8.976202e-02 3.308339e-02 4.042492e-01 3.445741e-01 1.400923e-01 3.102066e-01 2.016706e-01 2.665932e-01 4.615203e-02 1.161884e-02 2.929049e-02 -3.693475e-01
<VARIANCE> 25
 3.129012e+01 2.912228e+01 2.669884e+01 6.133812e+01 4.083086e+01 3.869693e+01 4.472247e+01 3.963515e+01 5.234396e+01 4.848145e+01 3.094092e+01 2.280604e+01 9.250584e-01 1.432061e+00 1.388067e+00 2.082681e+00 1.826000e+00 2.263803e+00 2.455928e+00 2.386154e+00 2.473775e+00 2.592387e+00 1.728435e+00 1.623969e+00 7.342723e-01
<GCONST> 9.651795e+01
<TRANSP> 5
 0.000000e+00 1.000000e+00 0.000000e+00 0.000000e+00 0.000000e+00
 0.000000e+00 5.929036e-01 4.070965e-01 0.000000e+00 0.000000e+00
 0.000000e+00 0.000000e+00 3.323934e-01 6.676066e-01 0.000000e+00
 0.000000e+00 0.000000e+00 0.000000e+00 7.763138e-01 2.236861e-01
 0.000000e+00 0.000000e+00 0.000000e+00 0.000000e+00 0.000000e+00
<ENDHMM>
~h "v"
<BEGINHMM>
<NUMSTATES> 5
<STATE> 2
<MEAN> 25
 -5.155257e+00 -2.158229e+00 5.157270e-02 4.335424e+00 3.619311e+00 1.879050e+00 1.869751e+00 -1.627462e+00 -2.323886e+00 3.440692e-01 2.746158e+00 1.024821e+00 -8.828949e-01 -9.051657e-01 -4.516753e-02 -2.657686e-01 -6.034219e-01 4.801442e-01 3.019374e-01 4.856956e-01 7.149108e-01 -1.290248e-01 -3.992699e-02 -1.256083e-01 -3.452720e-01
<VARIANCE> 25
 4.603836e+01 2.143365e+01 1.297152e+01 2.290660e+01 2.789556e+01 5.075517e+01 2.233607e+01 1.535709e+01 1.801972e+01 1.491702e+01 1.548769e+01 1.133950e+01 1.165559e+00 2.181675e+00 9.259681e-01 3.099913e+00 3.529967e+00 4.197600e+00 2.554678e+00 2.340531e+00 2.981946e+00 2.075133e+00 1.851814e+00 1.697474e+00 4.093152e-01
<GCONST> 9.093759e+01
<STATE> 3
<MEAN> 25
 -6.072051e+00 -4.874379e+00 -2.042269e-01 1.710564e-01 8.662715e-01 5.146221e+00 -6.351306e-01 -1.159374e+00 -1.414364e-01 -1.068327e+00 1.469692e+00 1.592020e+00 -3.220157e-02 -1.471467e-01 -2.031657e-01 -2.664682e-01 -2.013976e-01 6.991750e-03 -2.032948e-01 1.411829e-01 1.671428e-01 -5.232507e-02 -1.524339e-01 -3.171461e-02 4.531123e-02
<VARIANCE> 25
 2.586643e+01 6.690562e+01 1.183880e+01 1.073207e+01 3.027282e+01 6.466045e+01 1.502159e+01 2.268475e+01 2.230805e+01 1.779592e+01 1.330922e+01 1.217057e+01 7.059052e-01 1.709027e+00 6.768589e-01 1.147914e+00 1.763509e+00 1.901672e+00 1.603627e+00 1.418509e+00 1.315416e+00 1.198737e+00 1.794637e+00 9.876786e-01 2.465364e-01
<GCONST> 8.432455e+01
<STATE> 4
<MEAN> 25
 2.521447e+00 -1.058872e+00 2.386807e+00 -9.143832e-01 -6.192344e+00 2.382343e+00 1.333698e+00 -2.456439e+00 -1.039923e+00 1.865818e+00 2.777689e+00 9.589589e-01 1.831812e+00 1.938084e+00 -5.269314e-01 2.334662e-01 3.935513e-01 -1.404338e+00 -3.084450e-01 -1.122802e-01 -6.174441e-01 1.962818e-01 -5.019437e-01 -3.676993e-01 4.744818e-01
<VARIANCE> 25
 4.796977e+01 6.606462e+01 3.320844e+01 2.719955e+01 7.778578e+01 7.117557e+01 3.842599e+01 2.374731e+01 3.499911e+01 2.624005e+01 1.712813e+01 1.250891e+01 5.586028e+00 5.878425e+00 3.701159e+00 4.548928e+00 1.052276e+01 5.895436e+00 3.754652e+00 2.588983e+00 4.997174e+00 2.175784e+00 2.616419e+00 1.076008e+00 3.325052e+00
<GCONST> 1.057791e+02
<TRANSP> 5
 0.000000e+00 1.000000e+00 0.000000e+00 0.000000e+00 0.000000e+00
 0.000000e+00 7.716491e-01 2.283510e-01 0.000000e+00 0.000000e+00
 0.000000e+00 0.000000e+00 8.445679e-01 1.554321e-01 0.000000e+00
 0.000000e+00 0.000000e+00 0.000000e+00 6.817328e-01 3.182672e-01
 0.000000e+00 0.000000e+00 0.000000e+00 0.000000e+00 0.000000e+00
<ENDHMM>
~h "w"
<BEGINHMM>
<NUMSTATES> 5
<STATE> 2
<MEAN> 25
 -1.206897e+01 5.494672e+00 -4.438184e+00 -4.739799e+00 3.770053e+00 1.136470e-01 -2.277644e-01 4.144770e-01 -2.074897e+00 3.882456e+00 1.446529e+00 -2.244669e+00 1.054907e-01 3.018411e-02 -3.350507e-03 -1.000683e-01 5.017213e-02 7.149044e-02 5.949061e-02 4.172686e-02 8.325152e-02 8.134723e-02 -1.636521e-01 -1.953026e-01 8.530319e-02
<VARIANCE> 25
 2.337880e+02 2.886459e+01 2.459413e+01 3.162528e+01 5.020132e+01 3.888014e+01 3.008268e+01 3.432244e+01 2.497811e+01 2.455022e+01 2.048201e+01 1.860284e+01 2.374854e+00 1.945543e+00 1.147943e+00 1.665689e+00 2.416746e+00 1.815717e+00 1.885320e+00 1.597419e+00 1.950999e+00 1.888804e+00 1.519888e+00 1.801066e+00 1.603122e+00
<GCONST> 9.584161e+01
<STATE> 3
<MEAN> 25
 2.118097e+00 5.207512e+00 -2.225735e+00 -4.225922e+00 1.826816e-01 1.581781e+00 -2.412812e+00 -2.376346e+00 -1.537924e+00 1.032555e+00 7.598624e-01 -1.335042e+00 2.677185e+00 -1.390738e-01 -4.525172e-01 -6.931221e-01 -8.093976e-01 -1.501008e-01 -4.313917e-01 -4.004183e-01 4.958743e-01 -9.561945e-02 -6.110623e-01 -5.827776e-01 2.134355e+00
<VARIANCE> 25
 1.149002e+02 3.566570e+01 4.994983e+01 5.485936e+01 6.289864e+01 7.123368e+01 4.129103e+01 4.553662e+01 3.570201e+01 4.287961e+01 3.006557e+01 2.479999e+01 8.287154e+00 3.846642e+00 6.086046e+00 5.888350e+00 7.740697e+00 6.319742e+00 3.771056e+00 4.500428e+00 4.607194e+00 4.588357e+00 2.675959e+00 4.078639e+00 3.883087e+00
<GCONST> 1.126359e+02
<STATE> 4
<MEAN> 25
 8.723433e+00 4.014397e+00 -5.917693e-01 -3.356480e+00 -4.484018e+00 -6.432442e+00 -4.187803e+00 2.002850e+00 2.572219e+00 -3.814726e-01 -1.239938e+00 -2.130949e+00 7.392076e-01 -1.451538e+00 -4.245880e-01 2.803637e-01 9.744794e-02 -8.144388e-01 -1.862315e-01 6.754425e-01 4.845094e-01 -3.086445e-01 -7.753218e-01 -4.996911e-01 1.230528e+00
<VARIANCE> 25
 3.696885e+01 4.775658e+01 8.928818e+01 6.878003e+01 9.552601e+01 2.279382e+02 4.841041e+01 1.050769e+02 5.073171e+01 5.513827e+01 3.702803e+01 3.364360e+01 2.393463e+00 2.976405e+00 3.660369e+00 3.685701e+00 6.132134e+00 8.545277e+00 4.663295e+00 5.044039e+00 4.704378e+00 4.288942e+00 2.885884e+00 3.511868e+00 1.880380e+00
<GCONST> 1.133670e+02
<TRANSP> 5
 0.000000e+00 1.000000e+00 0.000000e+00 0.000000e+00 0.000000e+00
 0.000000e+00 6.592352e-01 3.407647e-01 0.000000e+00 0.000000e+00
 0.000000e+00 0.000000e+00 4.353671e-01 5.646329e-01 0.000000e+00
 0.000000e+00 0.000000e+00 0.000000e+00 5.341764e-01 4.658236e-01
 0.000000e+00 0.000000e+00 0.000000e+00 0.000000e+00 0.000000e+00
<ENDHMM>
~h "y"
<BEGINHMM>
<NUMSTATES> 5
<STATE> 2
<MEAN> 25
 3.773919e+00 -2.166214e+00 7.275334e+00 7.408568e-01 -5.690549e+00 -6.487499e+00 -1.887795e+00 3.642679e-01 -5.531970e+00 9.696947e-01 2.341555e+00 1.412894e+00 8.400719e-01 -8.915657e-01 -3.168176e-02 -1.059211e-01 -5.584141e-01 -8.872494e-01 1.918170e-01 6.405957e-01 -7.731698e-02 5.979188e-02 5.716729e-02 4.181423e-01 1.146558e+00
<VARIANCE> 25
 5.440560e+01 4.657447e+01 6.210720e+01 6.379061e+01 7.149600e+01 4.761469e+01 5.310188e+01 7.108869e+01 4.723267e+01 2.749409e+01 2.631194e+01 2.510146e+01 3.237929e+00 3.564402e+00 4.477131e+00 4.167644e+00 3.882286e+00 3.828615e+00 3.735479e+00 4.433721e+00 3.615105e+00 2.352377e+00 2.334224e+00 2.027553e+00 2.209769e+00
<GCONST> 1.074661e+02
<STATE> 3
<MEAN> 25
 5.534051e+00 -7.902120e+00 4.656471e+00 -2.094396e+00 -6.540159e+00 -9.042521e+00 5.791691e-02 7.120337e+00 -2.896118e+00 3.595450e-01 -2.874681e-01 1.125641e+00 1.266849e-01 -3.534677e-01 -8.535564e-01 -9.660282e-02 7.772666e-01 4.205157e-01 2.636073e-01 2.990707e-01 5.528536e-01 -3.084505e-03 -8.685285e-01 -3.743918e-01 2.063243e-02
<VARIANCE> 25
 2.736559e+01 2.461300e+01 3.671231e+01 2.992268e+01 3.709858e+01 2.851797e+01 4.308171e+01 6.705501e+01 3.309053e+01 2.519909e+01 4.667596e+01 2.386177e+01 2.271864e-01 7.708254e-01 1.503842e+00 9.444883e-01 1.908491e+00 1.339110e+00 1.286103e+00 2.100592e+00 1.566837e+00 1.162808e+00 1.772264e+00 1.155896e+00 3.143954e-01
<GCONST> 8.883621e+01
<STATE> 4
<MEAN> 25
 -5.488467e-01 -8.141788e-01 -1.895224e+00 3.388347e+00 2.615473e+00 8.479717e-01 2.523247e+00 9.119433e-01 9.316931e-01 -1.288464e+00 -2.010280e+00 1.447590e+00 -6.434362e-02 1.527066e-01 -6.866203e-02 3.972337e-02 1.579112e-01 2.254974e-01 3.262708e-02 -1.425466e-01 5.824330e-02 1.358145e-02 -5.297150e-02 2.124555e-02 -1.878213e-01
<VARIANCE> 25
 5.652293e+01 3.929515e+01 1.898149e+01 3.889454e+01 3.259111e+01 3.505302e+01 3.414994e+01 4.624490e+01 3.012245e+01 2.678424e+01 3.766338e+01 2.961036e+01 1.961556e-01 4.538717e-01 6.830739e-01 8.870403e-01 1.234621e+00 1.306516e+00 1.442378e+00 1.581442e+00 1.582561e+00 1.513233e+00 1.435109e+00 1.204296e+00 1.856161e-01
<GCONST> 8.649181e+01
<TRANSP> 5
 0.000000e+00 1.000000e+00 0.000000e+00 0.000000e+00 0.000000e+00
 0.000000e+00 6.406640e-01 3.593360e-01 0.000000e+00 0.000000e+00
 0.000000e+00 0.000000e+00 7.840599e-01 2.159401e-01 0.000000e+00
 0.000000e+00 0.000000e+00 0.000000e+00 8.469113e-01 1.530887e-01
 0.000000e+00 0.000000e+00 0.000000e+00 0.000000e+00 0.000000e+00
<ENDHMM>
~h "z"
<BEGINHMM>
<NUMSTATES> 5
<STATE> 2
<MEAN> 25
 0.000000e+00 0.000000e+00 0.000000e+00 0.000000e+00 0.000000e+00 0.000000e+00 0.000000e+00 0.000000e+00 0.000000e+00 0.000000e+00 0.000000e+00 0.000000e+00 0.000000e+00 0.000000e+00 0.000000e+00 0.000000e+00 0.000000e+00 0.000000e+00 0.000000e+00 0.000000e+00 0.000000e+00 0.000000e+00 0.000000e+00 0.000000e+00 0.000000e+00
<VARIANCE> 25
 1.000000e+00 1.000000e+00 1.000000e+00 1.000000e+00 1.000000e+00 1.000000e+00 1.000000e+00 1.000000e+00 1.000000e+00 1.000000e+00 1.000000e+00 1.000000e+00 1.000000e+00 1.000000e+00 1.000000e+00 1.000000e+00 1.000000e+00 1.000000e+00 1.000000e+00 1.000000e+00 1.000000e+00 1.000000e+00 1.000000e+00 1.000000e+00 1.000000e+00
<GCONST> 4.594693e+01
<STATE> 3
<MEAN> 25
 0.000000e+00 0.000000e+00 0.000000e+00 0.000000e+00 0.000000e+00 0.000000e+00 0.000000e+00 0.000000e+00 0.000000e+00 0.000000e+00 0.000000e+00 0.000000e+00 0.000000e+00 0.000000e+00 0.000000e+00 0.000000e+00 0.000000e+00 0.000000e+00 0.000000e+00 0.000000e+00 0.000000e+00 0.000000e+00 0.000000e+00 0.000000e+00 0.000000e+00
<VARIANCE> 25
 1.000000e+00 1.000000e+00 1.000000e+00 1.000000e+00 1.000000e+00 1.000000e+00 1.000000e+00 1.000000e+00 1.000000e+00 1.000000e+00 1.000000e+00 1.000000e+00 1.000000e+00 1.000000e+00 1.000000e+00 1.000000e+00 1.000000e+00 1.000000e+00 1.000000e+00 1.000000e+00 1.000000e+00 1.000000e+00 1.000000e+00 1.000000e+00 1.000000e+00
<GCONST> 4.594693e+01
<STATE> 4
<MEAN> 25
 0.000000e+00 0.000000e+00 0.000000e+00 0.000000e+00 0.000000e+00 0.000000e+00 0.000000e+00 0.000000e+00 0.000000e+00 0.000000e+00 0.000000e+00 0.000000e+00 0.000000e+00 0.000000e+00 0.000000e+00 0.000000e+00 0.000000e+00 0.000000e+00 0.000000e+00 0.000000e+00 0.000000e+00 0.000000e+00 0.000000e+00 0.000000e+00 0.000000e+00
<VARIANCE> 25
 1.000000e+00 1.000000e+00 1.000000e+00 1.000000e+00 1.000000e+00 1.000000e+00 1.000000e+00 1.000000e+00 1.000000e+00 1.000000e+00 1.000000e+00 1.000000e+00 1.000000e+00 1.000000e+00 1.000000e+00 1.000000e+00 1.000000e+00 1.000000e+00 1.000000e+00 1.000000e+00 1.000000e+00 1.000000e+00 1.000000e+00 1.000000e+00 1.000000e+00
<GCONST> 4.594693e+01
<TRANSP> 5
 0.000000e+00 1.000000e+00 0.000000e+00 0.000000e+00 0.000000e+00
 0.000000e+00 6.000000e-01 4.000000e-01 0.000000e+00 0.000000e+00
 0.000000e+00 0.000000e+00 6.000000e-01 4.000000e-01 0.000000e+00
 0.000000e+00 0.000000e+00 0.000000e+00 7.000000e-01 3.000000e-01
 0.000000e+00 0.000000e+00 0.000000e+00 0.000000e+00 0.000000e+00
<ENDHMM>
~h "ai"
<BEGINHMM>
<NUMSTATES> 5
<STATE> 2
<MEAN> 25
 0.000000e+00 0.000000e+00 0.000000e+00 0.000000e+00 0.000000e+00 0.000000e+00 0.000000e+00 0.000000e+00 0.000000e+00 0.000000e+00 0.000000e+00 0.000000e+00 0.000000e+00 0.000000e+00 0.000000e+00 0.000000e+00 0.000000e+00 0.000000e+00 0.000000e+00 0.000000e+00 0.000000e+00 0.000000e+00 0.000000e+00 0.000000e+00 0.000000e+00
<VARIANCE> 25
 1.000000e+00 1.000000e+00 1.000000e+00 1.000000e+00 1.000000e+00 1.000000e+00 1.000000e+00 1.000000e+00 1.000000e+00 1.000000e+00 1.000000e+00 1.000000e+00 1.000000e+00 1.000000e+00 1.000000e+00 1.000000e+00 1.000000e+00 1.000000e+00 1.000000e+00 1.000000e+00 1.000000e+00 1.000000e+00 1.000000e+00 1.000000e+00 1.000000e+00
<GCONST> 4.594693e+01
<STATE> 3
<MEAN> 25
 0.000000e+00 0.000000e+00 0.000000e+00 0.000000e+00 0.000000e+00 0.000000e+00 0.000000e+00 0.000000e+00 0.000000e+00 0.000000e+00 0.000000e+00 0.000000e+00 0.000000e+00 0.000000e+00 0.000000e+00 0.000000e+00 0.000000e+00 0.000000e+00 0.000000e+00 0.000000e+00 0.000000e+00 0.000000e+00 0.000000e+00 0.000000e+00 0.000000e+00
<VARIANCE> 25
 1.000000e+00 1.000000e+00 1.000000e+00 1.000000e+00 1.000000e+00 1.000000e+00 1.000000e+00 1.000000e+00 1.000000e+00 1.000000e+00 1.000000e+00 1.000000e+00 1.000000e+00 1.000000e+00 1.000000e+00 1.000000e+00 1.000000e+00 1.000000e+00 1.000000e+00 1.000000e+00 1.000000e+00 1.000000e+00 1.000000e+00 1.000000e+00 1.000000e+00
<GCONST> 4.594693e+01
<STATE> 4
<MEAN> 25
 0.000000e+00 0.000000e+00 0.000000e+00 0.000000e+00 0.000000e+00 0.000000e+00 0.000000e+00 0.000000e+00 0.000000e+00 0.000000e+00 0.000000e+00 0.000000e+00 0.000000e+00 0.000000e+00 0.000000e+00 0.000000e+00 0.000000e+00 0.000000e+00 0.000000e+00 0.000000e+00 0.000000e+00 0.000000e+00 0.000000e+00 0.000000e+00 0.000000e+00
<VARIANCE> 25
 1.000000e+00 1.000000e+00 1.000000e+00 1.000000e+00 1.000000e+00 1.000000e+00 1.000000e+00 1.000000e+00 1.000000e+00 1.000000e+00 1.000000e+00 1.000000e+00 1.000000e+00 1.000000e+00 1.000000e+00 1.000000e+00 1.000000e+00 1.000000e+00 1.000000e+00 1.000000e+00 1.000000e+00 1.000000e+00 1.000000e+00 1.000000e+00 1.000000e+00
<GCONST> 4.594693e+01
<TRANSP> 5
 0.000000e+00 1.000000e+00 0.000000e+00 0.000000e+00 0.000000e+00
 0.000000e+00 6.000000e-01 4.000000e-01 0.000000e+00 0.000000e+00
 0.000000e+00 0.000000e+00 6.000000e-01 4.000000e-01 0.000000e+00
 0.000000e+00 0.000000e+00 0.000000e+00 7.000000e-01 3.000000e-01
 0.000000e+00 0.000000e+00 0.000000e+00 0.000000e+00 0.000000e+00
<ENDHMM>
~h "au"
<BEGINHMM>
<NUMSTATES> 5
<STATE> 2
<MEAN> 25
 -2.539588e+01 1.744905e+01 -4.731426e+00 -8.418178e+00 1.429210e+01 -1.411922e+00 -4.488897e+00 8.455955e+00 -8.255856e-01 9.146326e-01 1.895294e+00 -3.020581e+00 -2.408560e+00 1.026727e+00 -9.313643e-01 -1.553699e+00 6.103784e-01 -8.906713e-01 -7.793989e-01 -3.106127e-01 -4.759393e-01 -1.313679e-01 -9.430680e-01 -8.532722e-01 -2.338927e+00
<VARIANCE> 25
 1.709484e+02 6.656438e+01 1.326737e+01 2.776788e+01 5.560705e+01 1.186154e+01 3.180526e+01 1.220787e+01 7.775646e+00 3.373391e+00 5.696267e+00 2.651098e+01 1.931387e+01 6.022352e+00 1.610381e+00 9.961624e+00 2.915982e+00 2.005271e+00 7.878990e+00 3.471560e-01 6.118207e-01 5.908841e-01 4.735735e-01 9.244775e-01 1.489963e+01
<GCONST> 9.309487e+01
<STATE> 3
<MEAN> 25
 -1.317396e+01 1.006419e+01 -4.458377e+00 -2.058954e+00 9.015350e+00 1.277851e+00 2.702203e+00 6.341724e+00 -6.241339e+00 -1.880178e+00 8.739303e-01 -3.672412e+00 4.225052e+00 -5.469269e+00 -9.644420e-01 2.345608e+00 -1.738588e+00 2.067755e+00 2.545091e+00 -2.164344e+00 -1.876191e+00 -1.091357e+00 1.150115e-01 1.976497e+00 4.385167e+00
<VARIANCE> 25
 6.125663e+01 8.384148e+01 1.725742e+00 3.697113e+01 9.312477e+01 1.416040e+01 5.941545e+01 1.626146e+01 5.847346e+00 6.546062e+00 2.386385e+01 2.298396e+01 1.559793e+01 3.204213e+00 2.028212e+00 3.424210e+00 9.538402e-01 3.315239e+00 1.007048e+01 9.832123e-01 3.730087e+00 2.538860e+00 1.431140e+00 4.947471e+00 1.304542e+01
<GCONST> 9.872399e+01
<STATE> 4
<MEAN> 25
 -4.777393e+00 1.831240e+00 -6.204698e+00 1.143756e+00 3.802885e+00 -2.825930e-01 6.703403e+00 4.741737e+00 -5.442822e+00 -1.314734e+00 1.508651e+00 3.299015e+00 5.831345e-01 -4.812082e-01 2.801520e-01 -1.881381e-02 -6.447896e-01 -3.290212e-01 -1.145087e-01 -9.525692e-02 2.594706e-01 8.699971e-02 -4.441783e-02 1.622388e-01 6.445915e-01
<VARIANCE> 25
 1.020898e+02 6.539404e+01 7.278930e+01 5.948205e+01 6.989982e+01 7.937753e+01 4.037149e+01 3.110740e+01 4.553122e+01 5.676976e+01 1.581048e+01 2.440114e+01 7.863645e+00 9.195941e+00 4.768930e+00 3.620926e+00 5.532504e+00 9.254416e+00 5.519106e+00 2.535670e+00 3.248251e+00 4.167777e+00 1.863086e+00 2.819394e+00 8.815178e+00
<GCONST> 1.128410e+02
<TRANSP> 5
 0.000000e+00 1.000000e+00 0.000000e+00 0.000000e+00 0.000000e+00
 0.000000e+00 6.666691e-01 3.333308e-01 0.000000e+00 0.000000e+00
 0.000000e+00 0.000000e+00 4.000075e-01 5.999925e-01 0.000000e+00
 0.000000e+00 0.000000e+00 0.000000e+00 9.245306e-01 7.546937e-02
 0.000000e+00 0.000000e+00 0.000000e+00 0.000000e+00 0.000000e+00
<ENDHMM>
~h "aw"
<BEGINHMM>
<NUMSTATES> 5
<STATE> 2
<MEAN> 25
 -2.504776e+00 -1.458917e+00 -1.502197e+00 -2.344754e+00 1.658674e+00 1.975424e+00 -1.120082e+00 8.969352e-03 8.527974e-01 1.034125e+00 4.708422e-01 -1.010746e+00 -4.811714e-02 5.407893e-02 -1.366850e-02 -1.189855e-02 5.996773e-02 1.426528e-01 2.814577e-02 -7.345068e-02 -1.010300e-01 2.760161e-02 6.630859e-02 2.879991e-02 -1.111064e-01
<VARIANCE> 25
 8.233810e+01 2.473960e+01 2.142828e+01 3.589814e+01 2.110285e+01 2.180181e+01 1.831045e+01 2.228676e+01 2.429651e+01 1.876720e+01 2.176671e+01 3.808860e+01 1.805871e-01 3.331082e-01 5.486746e-01 6.944061e-01 7.402607e-01 1.044140e+00 1.193644e+00 1.298922e+00 1.277786e+00 1.224573e+00 1.111211e+00 1.057675e+00 1.471782e-01
<GCONST> 8.029552e+01
<STATE> 3
<MEAN> 25
 6.470006e+00 1.241682e+00 -4.644737e+00 -1.067963e+01 -1.639953e-01 6.643360e+00 9.354759e-01 -2.860779e+00 -1.284329e+00 6.147411e-01 1.471178e+00 4.394243e-01 -1.387695e-02 5.265116e-01 3.261673e-01 2.295506e-01 -1.805865e-01 1.634668e-01 1.902777e-02 -1.125195e-01 -1.778011e-01 -2.000926e-01 2.249976e-01 3.420720e-01 -3.852720e-01
<VARIANCE> 25
 3.045323e+01 2.422258e+01 2.268275e+01 4.555520e+01 3.874011e+01 4.527460e+01 4.635976e+01 3.136125e+01 3.993824e+01 3.558903e+01 1.994813e+01 2.218360e+01 2.910868e-01 9.289790e-01 1.205779e+00 1.549916e+00 1.555458e+00 1.891809e+00 1.669738e+00 1.538749e+00 1.504130e+00 1.975534e+00 1.280608e+00 1.372567e+00 3.152726e-01
<GCONST> 8.943364e+01
<STATE> 4
<MEAN> 25
 -6.304222e-01 6.922458e+00 -1.199085e+00 3.775874e+00 1.700174e+00 1.296289e+00 1.661178e+00 -1.003039e+00 8.170394e-01 -3.183894e-01 1.769322e-01 1.861745e+00 -2.630454e-01 5.916486e-02 2.422319e-01 5.331360e-01 1.860055e-01 -1.980721e-01 -2.837810e-02 -7.061414e-02 2.930617e-02 1.500433e-01 -6.736806e-02 -2.772988e-02 -2.123751e-01
<VARIANCE> 25
 5.303355e+01 2.311081e+01 2.757966e+01 8.073180e+01 5.492175e+01 4.651837e+01 3.603199e+01 3.921601e+01 3.547876e+01 2.922434e+01 2.625104e+01 2.150706e+01 7.339154e-01 7.446621e-01 1.414200e+00 1.704591e+00 1.814399e+00 1.769843e+00 1.579155e+00 1.646155e+00 1.652603e+00 1.449547e+00 1.277247e+00 1.822820e+00 4.260055e-01
<GCONST> 9.240870e+01
<TRANSP> 5
 0.000000e+00 1.000000e+00 0.000000e+00 0.000000e+00 0.000000e+00
 0.000000e+00 8.987164e-01 1.012836e-01 0.000000e+00 0.000000e+00
 0.000000e+00 0.000000e+00 7.998118e-01 2.001882e-01 0.000000e+00
 0.000000e+00 0.000000e+00 0.000000e+00 7.590316e-01 2.409684e-01
 0.000000e+00 0.000000e+00 0.000000e+00 0.000000e+00 0.000000e+00
<ENDHMM>
~h "ay"
<BEGINHMM>
<NUMSTATES> 5
<STATE> 2
<MEAN> 25
 8.033128e+00 -8.304611e+00 3.865072e-01 -1.008688e+00 -1.449026e+00 -3.265520e+00 -4.384936e+00 -4.381705e+00 3.798721e-01 2.122232e+00 -8.650293e-01 9.247060e-01 -3.664249e-01 4.884836e-02 5.753090e-01 4.837353e-01 2.785765e-02 -4.526482e-01 -3.781040e-02 5.697808e-02 -5.252818e-01 5.003781e-01 4.004492e-01 -5.388967e-02 -2.195103e-01
<VARIANCE> 25
 2.331739e+01 2.323932e+01 3.581053e+01 6.820776e+01 5.050507e+01 3.797182e+01 8.287574e+01 1.695002e+02 3.574078e+01 4.195437e+01 4.046273e+01 3.960876e+01 1.047159e+00 1.620991e+00 1.613208e+00 2.059744e+00 4.117961e+00 3.175054e+00 3.133585e+00 4.939829e+00 3.226599e+00 1.869290e+00 2.782995e+00 1.910197e+00 1.253877e+00
<GCONST> 1.025783e+02
<STATE> 3
<MEAN> 25
 3.551672e+00 -5.993451e+00 8.105389e-01 5.988084e-01 -2.023168e+00 -4.854287e+00 -1.566882e-01 -1.413930e+00 -4.558284e+00 5.188949e+00 3.832292e+00 1.172833e-01 -2.634006e-01 2.052458e-01 3.643835e-01 -2.584499e-01 -6.634443e-01 1.288508e-01 4.936670e-01 -6.350357e-01 -1.302033e+00 -2.550664e-01 6.672395e-01 4.386356e-01 -4.166177e-01
<VARIANCE> 25
 6.725011e+01 3.699055e+01 5.888069e+01 4.135058e+01 5.994178e+01 5.990464e+01 5.950010e+01 1.208096e+02 4.524284e+01 7.029260e+01 2.946642e+01 2.173629e+01 1.249295e+00 2.892241e+00 3.398520e+00 2.553454e+00 2.039039e+00 2.589957e+00 4.677039e+00 7.522749e+00 2.489681e+00 3.396531e+00 1.860418e+00 1.444266e+00 1.580862e+00
<GCONST> 1.054083e+02
<STATE> 4
<MEAN> 25
 -1.858276e+00 -6.149568e+00 -5.577693e+00 -4.072401e+00 -4.191085e+00 -9.309607e-01 6.752234e+00 4.059499e-01 -9.712369e+00 3.745140e-01 3.707831e+00 7.704072e-01 -2.270675e-01 7.485508e-01 7.791439e-02 -2.842081e-03 2.390413e-02 2.657551e-01 1.909763e-01 6.349610e-03 -7.193023e-04 -6.482547e-02 -1.259309e-01 -8.918904e-02 -5.305147e-01
<VARIANCE> 25
 6.567174e+01 3.295595e+01 2.005968e+02 4.164788e+01 4.214256e+01 6.998495e+01 6.502927e+01 4.384051e+01 2.817625e+01 1.933186e+01 1.932415e+01 1.919449e+01 2.400455e-01 1.160995e+00 9.842737e-01 1.084779e+00 1.554886e+00 2.111900e+00 1.970454e+00 2.201417e+00 1.377662e+00 1.455798e+00 1.270459e+00 1.339808e+00 3.818626e-01
<GCONST> 9.252763e+01
<TRANSP> 5
 0.000000e+00 1.000000e+00 0.000000e+00 0.000000e+00 0.000000e+00
 0.000000e+00 8.159646e-01 1.840354e-01 0.000000e+00 0.000000e+00
 0.000000e+00 0.000000e+00 5.498509e-01 4.501491e-01 0.000000e+00
 0.000000e+00 0.000000e+00 0.000000e+00 7.771112e-01 2.228888e-01
 0.000000e+00 0.000000e+00 0.000000e+00 0.000000e+00 0.000000e+00
<ENDHMM>
~h "eu"
<BEGINHMM>
<NUMSTATES> 5
<STATE> 2
<MEAN> 25
 4.331784e+00 8.787556e-01 -3.724971e-01 -2.182525e-01 1.719572e-01 -1.919071e+00 -2.314208e+00 -8.627228e-01 7.889319e-01 1.034059e+00 -9.573418e-01 -1.260960e+00 1.331318e+00 -6.389273e-01 -5.625341e-01 -6.692255e-01 -7.159642e-02 -9.287586e-01 -6.600783e-01 3.666486e-01 -1.091716e-01 5.361093e-01 -6.990371e-01 -4.167959e-01 1.257526e+00
<VARIANCE> 25
 4.565246e+01 4.220474e+01 4.015023e+01 4.096245e+01 4.766200e+01 5.379878e+01 4.556962e+01 4.682156e+01 4.992408e+01 4.143848e+01 3.459527e+01 2.921798e+01 5.994670e+00 5.891445e+00 5.047578e+00 5.545347e+00 5.931800e+00 6.790044e+00 5.058363e+00 5.090426e+00 6.007389e+00 5.078119e+00 4.025836e+00 4.169408e+00 5.260563e+00
<GCONST> 1.127231e+02
<STATE> 3
<MEAN> 25
 6.673445e+00 -1.193356e+00 -1.037196e+00 -1.757645e+00 -2.693311e-01 -3.451282e+00 -3.234532e+00 1.182541e-01 9.488327e-02 1.892208e+00 -2.093299e+00 -1.604255e+00 7.424780e-01 -7.529100e-01 -2.802384e-01 -3.711405e-01 -5.461185e-02 -5.248058e-01 -3.451608e-01 1.894033e-01 -2.336659e-01 4.141368e-01 -3.776189e-01 -1.654647e-01 8.413023e-01
<VARIANCE> 25
 3.672844e+01 4.540927e+01 4.037582e+01 4.672847e+01 5.685027e+01 5.774088e+01 4.523963e+01 4.645042e+01 4.567352e+01 4.979686e+01 3.485777e+01 3.146509e+01 2.508600e+00 3.633666e+00 3.809288e+00 3.354482e+00 4.291580e+00 4.713466e+00 3.819555e+00 3.826947e+00 4.729332e+00 3.417405e+00 3.111426e+00 2.860510e+00 2.280774e+00
<GCONST> 1.076254e+02
<STATE> 4
<MEAN> 25
 3.524635e+00 -1.097393e+00 -8.561380e-01 -4.488349e-01 1.345827e+00 -1.837557e+00 -2.226131e+00 -6.797588e-02 -1.040637e-01 2.243085e+00 -2.015126e+00 -1.090644e+00 -6.720730e-02 9.070407e-02 1.187396e-01 2.796748e-01 -2.018671e-02 1.139666e-01 1.508335e-01 -7.626279e-02 -1.323186e-01 -7.415184e-02 9.639180e-02 -2.496015e-03 -2.193556e-01
<VARIANCE> 25
 5.781693e+01 4.091344e+01 2.788709e+01 5.422075e+01 4.001642e+01 5.542420e+01 3.475487e+01 3.754369e+01 3.308032e+01 4.081449e+01 3.245911e+01 3.205771e+01 7.131360e-01 1.481217e+00 1.519709e+00 1.562908e+00 1.773199e+00 1.777342e+00 1.724966e+00 1.891702e+00 2.092187e+00 1.806308e+00 1.780755e+00 1.436530e+00 8.355683e-01
<GCONST> 9.541006e+01
<TRANSP> 5
 0.000000e+00 1.000000e+00 0.000000e+00 0.000000e+00 0.000000e+00
 0.000000e+00 2.811634e-01 7.188367e-01 0.000000e+00 0.000000e+00
 0.000000e+00 0.000000e+00 1.198488e-01 8.801512e-01 0.000000e+00
 0.000000e+00 0.000000e+00 0.000000e+00 6.659862e-01 3.340138e-01
 0.000000e+00 0.000000e+00 0.000000e+00 0.000000e+00 0.000000e+00
<ENDHMM>
~h "kh"
<BEGINHMM>
<NUMSTATES> 5
<STATE> 2
<MEAN> 25
 1.960604e+00 -2.730785e+00 1.559670e+00 -5.229272e-01 -7.093016e+00 -5.687908e-01 -1.213859e+01 -1.088994e+01 2.099958e+00 7.331374e+00 -1.009460e+01 -1.069565e+01 -3.832870e-01 5.323417e-01 -9.349146e-02 3.328598e-02 6.974086e-02 2.886794e-01 8.601464e-02 7.451633e-01 -2.520926e-01 1.134274e-02 -1.882316e-01 1.093937e-01 -4.970308e-01
<VARIANCE> 25
 1.303778e+01 4.419658e+01 1.352142e+01 3.079653e+01 5.111288e+01 3.544309e+01 8.768784e+01 2.993035e+02 4.203292e+01 1.958840e+01 7.108498e+01 1.080437e+02 3.572728e-01 1.776849e+00 2.086371e+00 2.424918e+00 4.473738e+00 5.363079e+00 3.628279e+00 4.849066e+00 4.800831e+00 3.323593e+00 3.043087e+00 2.344860e+00 1.687902e+00
<GCONST> 1.041426e+02
<STATE> 3
<MEAN> 25
 2.444498e+00 -6.149028e+00 1.728268e+00 2.571475e+00 -1.111549e+00 -2.698568e-01 -3.506902e+00 6.348083e+00 -1.057978e+00 3.051129e+00 -2.927476e+00 3.298240e-01 -6.043881e-01 7.369001e-01 4.753374e-01 1.199435e+00 1.574739e+00 -1.860701e-01 6.611731e-01 -1.427108e-01 -9.086145e-02 -1.426433e+00 1.352465e+00 8.306937e-01 -1.792404e+00
<VARIANCE> 25
 2.243997e+01 2.989096e+01 1.103870e+01 2.834597e+01 4.571963e+01 7.244978e+01 6.174511e+01 1.364787e+02 4.662521e+01 2.511030e+01 3.508577e+01 3.291279e+01 1.498714e+00 1.354173e+00 1.347654e+00 2.408234e+00 2.383255e+00 2.588791e+00 1.717483e+00 4.826613e+00 3.049759e+00 1.335997e+00 2.871248e+00 1.310768e+00 1.478587e+00
<GCONST> 9.840380e+01
<STATE> 4
<MEAN> 25
 -1.538466e+01 5.484741e+00 -1.352336e+00 -2.113542e+00 5.055838e+00 1.512912e+00 9.074282e-01 2.949853e+00 2.932814e-01 6.018977e-01 1.137682e+00 5.086742e-01 1.296844e-02 2.964648e-01 3.064788e-01 8.975994e-03 -1.005366e-01 1.299794e-01 8.096185e-02 -1.590567e-01 -2.209447e-02 -1.750321e-01 3.343459e-01 1.452066e-02 2.096446e-01
<VARIANCE> 25
 1.570634e+02 6.487823e+01 4.990717e+01 7.998809e+01 2.706956e+01 4.857376e+01 3.822105e+01 4.450848e+01 2.841560e+01 1.596320e+01 1.991460e+01 1.286949e+01 5.592209e+00 5.307838e+00 3.561012e+00 4.906750e+00 4.086372e+00 5.074595e+00 3.755550e+00 3.897314e+00 2.179697e+00 1.857006e+00 2.653235e+00 1.092054e+00 7.318111e+00
<GCONST> 1.061712e+02
<TRANSP> 5
 0.000000e+00 1.000000e+00 0.000000e+00 0.000000e+00 0.000000e+00
 0.000000e+00 6.787669e-01 3.212331e-01 0.000000e+00 0.000000e+00
 0.000000e+00 0.000000e+00 5.446535e-01 4.553464e-01 0.000000e+00
 0.000000e+00 0.000000e+00 0.000000e+00 8.902729e-01 1.097272e-01
 0.000000e+00 0.000000e+00 0.000000e+00 0.000000e+00 0.000000e+00
<ENDHMM>
~h "ng"
<BEGINHMM>
<NUMSTATES> 5
<STATE> 2
<MEAN> 25
 6.493497e+00 4.917397e-01 -2.013278e+00 -1.731127e+00 -1.293531e+00 -1.236276e-01 -5.138987e-01 -5.494989e-01 -1.333024e+00 2.123860e+00 2.580065e-01 -3.649726e+00 -6.756815e-01 1.623684e+00 5.445741e-01 1.104036e+00 2.990634e-01 7.208961e-01 -3.546481e-01 -1.197721e+00 3.278664e-02 3.878532e-01 1.316995e-01 -3.642631e-01 -1.515608e+00
<VARIANCE> 25
 1.785227e+01 3.017282e+01 3.530933e+01 3.572112e+01 5.740447e+01 5.813128e+01 5.706510e+01 5.658265e+01 6.016788e+01 3.759747e+01 3.249966e+01 3.380283e+01 7.577587e-01 1.758987e+00 2.131389e+00 2.490039e+00 3.975789e+00 3.160107e+00 6.395565e+00 3.650100e+00 5.483717e+00 2.802660e+00 3.275528e+00 2.549520e+00 1.158069e+00
<GCONST> 1.029336e+02
<STATE> 3
<MEAN> 25
 4.673117e+00 3.812411e+00 1.448587e+00 1.203014e+00 -1.213972e+00 1.430002e+00 -4.966812e-01 -4.026379e+00 -2.233801e+00 2.070058e+00 -4.461043e-01 -3.074701e+00 -3.672395e-01 6.137310e-01 5.272740e-01 5.348974e-01 2.012301e-01 -2.256184e-02 -1.089025e-01 -9.466867e-02 1.155972e-01 -1.103515e-01 -1.775331e-01 4.836799e-02 -5.291429e-01
<VARIANCE> 25
 1.257583e+01 2.445304e+01 2.604861e+01 2.339637e+01 3.693511e+01 4.742484e+01 5.361384e+01 4.513564e+01 7.536692e+01 3.182832e+01 2.511313e+01 2.746730e+01 4.809295e-01 8.549247e-01 1.253832e+00 1.175664e+00 1.614492e+00 1.477738e+00 2.063417e+00 1.729989e+00 2.071006e+00 1.696049e+00 1.599009e+00 1.269640e+00 4.440116e-01
<GCONST> 9.046072e+01
<STATE> 4
<MEAN> 25
 1.313531e+00 5.915781e+00 2.473993e+00 2.722125e+00 1.377078e+00 1.020902e+00 -1.683370e+00 -1.967667e+00 6.805639e-01 4.030595e-01 -9.752081e-01 -2.045854e+00 -7.312349e-01 -1.637848e-01 -1.082276e-02 1.792787e-01 3.090780e-01 7.686140e-02 3.139254e-01 4.262635e-01 8.798052e-02 -3.167562e-01 1.275055e-01 2.491970e-01 -3.820571e-01
<VARIANCE> 25
 2.867547e+01 3.645206e+01 2.819603e+01 2.952098e+01 4.549902e+01 4.710314e+01 7.367737e+01 4.441001e+01 7.267604e+01 4.004131e+01 3.216530e+01 2.661815e+01 1.302370e+00 1.540590e+00 1.711721e+00 1.587712e+00 2.236807e+00 2.576484e+00 2.743929e+00 2.499570e+00 2.891209e+00 2.224760e+00 1.849891e+00 1.684548e+00 9.660932e-01
<GCONST> 9.845143e+01
<TRANSP> 5
 0.000000e+00 1.000000e+00 0.000000e+00 0.000000e+00 0.000000e+00
 0.000000e+00 5.103469e-01 4.896531e-01 0.000000e+00 0.000000e+00
 0.000000e+00 0.000000e+00 6.287545e-01 3.712455e-01 0.000000e+00
 0.000000e+00 0.000000e+00 0.000000e+00 5.564712e-01 4.435288e-01
 0.000000e+00 0.000000e+00 0.000000e+00 0.000000e+00 0.000000e+00
<ENDHMM>
~h "ny"
<BEGINHMM>
<NUMSTATES> 5
<STATE> 2
<MEAN> 25
 3.816879e+00 1.427061e+00 4.014798e+00 4.302166e+00 3.287851e-01 -5.375699e-01 -2.942940e+00 -3.795141e+00 -3.388288e+00 -1.208708e+00 1.207315e+00 -1.080016e-02 5.151972e-02 -3.848118e-01 4.689569e-01 -2.092451e-03 -4.396684e-01 -5.078104e-01 -2.729107e-01 7.423087e-02 -4.863331e-01 -1.889084e-01 3.196890e-01 2.913772e-01 3.902723e-01
<VARIANCE> 25
 2.349607e+01 5.060310e+01 4.598954e+01 4.928883e+01 5.854127e+01 6.144114e+01 6.587870e+01 6.029983e+01 5.769797e+01 2.791985e+01 3.542390e+01 2.579425e+01 2.831426e+00 7.763260e+00 3.986905e+00 4.801939e+00 5.178867e+00 6.772167e+00 4.875530e+00 5.692315e+00 5.961668e+00 3.611199e+00 4.073040e+00 2.881457e+00 5.160822e+00
<GCONST> 1.115271e+02
<STATE> 3
<MEAN> 25
 5.294701e+00 -3.183167e+00 5.847779e+00 2.795174e+00 -2.351492e+00 -4.377851e+00 -4.161517e+00 -2.863541e+00 -5.841981e+00 -1.274284e-01 2.303710e+00 1.231238e+00 5.061556e-01 -1.761517e+00 -6.059088e-03 -1.096655e+00 -9.317272e-01 -8.349947e-01 6.380171e-03 -7.466167e-03 -4.391495e-01 6.481832e-01 -2.051662e-01 5.360842e-01 1.578077e+00
<VARIANCE> 25
 2.135465e+01 2.757749e+01 5.282081e+01 7.903077e+01 4.574226e+01 5.099496e+01 6.023831e+01 8.324955e+01 4.680531e+01 3.774498e+01 3.759913e+01 2.319337e+01 1.669488e+00 2.683504e+00 4.781166e+00 4.410267e+00 3.851167e+00 4.664061e+00 5.427426e+00 7.199222e+00 5.024060e+00 3.767412e+00 3.102089e+00 2.353434e+00 1.483364e+00
<GCONST> 1.076094e+02
<STATE> 4
<MEAN> 25
 7.300023e+00 -8.013384e+00 3.944751e+00 -1.396332e+00 -5.011049e+00 -1.239250e+00 -3.989117e+00 -5.837787e+00 -3.158187e+00 1.678369e-01 2.275867e+00 2.962807e+00 9.698450e-02 -4.839514e-01 -5.867841e-01 -6.742060e-01 -3.263563e-01 6.032550e-02 6.300194e-01 5.116977e-01 3.100856e-01 -6.855241e-02 -4.585448e-01 1.131131e-01 3.245787e-01
<VARIANCE> 25
 2.110044e+01 2.574891e+01 3.289070e+01 5.141373e+01 4.216173e+01 7.463124e+01 6.157657e+01 1.201457e+02 4.479391e+01 3.518250e+01 4.098261e+01 2.127448e+01 6.498412e-01 1.379921e+00 1.599360e+00 2.365691e+00 2.357170e+00 3.283919e+00 2.817741e+00 3.210922e+00 2.217280e+00 2.033503e+00 1.696241e+00 1.362796e+00 7.284418e-01
<GCONST> 9.827186e+01
<TRANSP> 5
 0.000000e+00 1.000000e+00 0.000000e+00 0.000000e+00 0.000000e+00
 0.000000e+00 6.064804e-01 3.935196e-01 0.000000e+00 0.000000e+00
 0.000000e+00 0.000000e+00 4.276727e-01 5.723273e-01 0.000000e+00
 0.000000e+00 0.000000e+00 0.000000e+00 6.983480e-01 3.016520e-01
 0.000000e+00 0.000000e+00 0.000000e+00 0.000000e+00 0.000000e+00
<ENDHMM>
~h "sp"
<BEGINHMM>
<NUMSTATES> 3
<STATE> 2
~s "silst"
<TRANSP> 3
 0.000000e+00 1.876841e-01 8.123159e-01
 0.000000e+00 9.286866e-01 7.131349e-02
 0.000000e+00 0.000000e+00 0.000000e+00
<ENDHMM>
~h "sy"
<BEGINHMM>
<NUMSTATES> 5
<STATE> 2
<MEAN> 25
 -5.808335e+00 5.946309e+00 -6.478606e-01 5.773619e+00 1.267242e+00 -4.743602e+00 2.409438e+00 -1.619878e+00 -2.417399e+00 -2.743534e+00 1.491554e+00 4.655105e+00 -2.872123e-01 6.117781e-01 -3.667789e-01 3.070028e-01 3.217029e-02 -1.445912e-01 -2.273854e-02 -4.819632e-01 5.011085e-01 3.377468e-01 4.880220e-02 1.064386e-01 -2.645702e-01
<VARIANCE> 25
 2.261675e+01 2.517091e+01 7.387166e+00 4.649768e+01 1.317095e+01 2.764590e+01 2.491082e+01 2.780748e+01 1.171661e+01 1.840617e+01 2.098595e+01 1.810572e+01 3.694442e-01 9.467261e-01 3.913097e-01 1.491833e+00 1.865766e+00 2.170108e+00 1.555295e+00 1.483051e+00 6.491330e-01 1.161422e+00 1.109528e+00 4.000679e+00 3.624614e-01
<GCONST> 8.272088e+01
<STATE> 3
<MEAN> 25
 -4.344525e+00 2.066264e+00 -8.049403e+00 8.789003e+00 4.543334e+00 5.873999e+00 5.919367e+00 -5.338866e-01 5.767411e+00 1.216194e-01 -3.767422e+00 5.358385e-01 -2.863840e-01 2.171497e-01 -2.460136e-01 4.590090e-01 6.104559e-02 2.779150e-01 1.247662e-01 -3.496976e-01 6.206125e-02 -1.194865e-01 -1.378129e-01 6.480376e-02 -5.158847e-01
<VARIANCE> 25
 1.251489e+01 3.368125e+01 2.781515e+01 3.578830e+01 1.006765e+01 1.883909e+01 1.579646e+01 4.276032e+01 3.633820e+01 1.551453e+01 9.605659e+00 1.556598e+01 1.296150e-01 3.705673e-01 5.711399e-01 1.113906e+00 1.023554e+00 2.294472e+00 1.803866e+00 1.605026e+00 2.694313e+00 1.399623e+00 7.158876e-01 8.139485e-01 2.570770e-01
<GCONST> 7.985431e+01
<STATE> 4
<MEAN> 25
 -3.582635e+00 4.697268e+00 3.676080e+00 1.133863e+00 -5.807188e-01 -4.441921e+00 3.322342e+00 -4.906267e+00 -2.472458e+00 1.002988e+00 -2.437569e+00 2.857537e+00 2.214220e+00 -1.090133e+00 1.017160e+00 -1.259166e+00 -1.938419e+00 -1.386666e+00 -5.075586e-01 9.343127e-01 -7.379293e-01 4.992747e-01 6.336989e-01 3.991846e-01 5.472258e-01
<VARIANCE> 25
 3.829591e+01 3.160780e+01 4.968848e+01 6.876132e+01 3.423545e+01 9.408055e+01 5.663932e+00 2.096939e+01 6.914586e+01 1.175446e+01 1.288424e+01 1.283841e+01 8.526152e-01 2.599792e+00 2.570317e+00 3.304503e+00 2.204657e+00 2.322092e+00 1.262847e+00 2.225474e+00 2.221264e+00 2.271694e+00 2.154607e+00 1.160920e+00 3.188600e+00
<GCONST> 9.514227e+01
<TRANSP> 5
 0.000000e+00 1.000000e+00 0.000000e+00 0.000000e+00 0.000000e+00
 0.000000e+00 7.430654e-01 2.569346e-01 0.000000e+00 0.000000e+00
 0.000000e+00 0.000000e+00 9.191049e-01 8.089516e-02 0.000000e+00
 0.000000e+00 0.000000e+00 0.000000e+00 7.230790e-01 2.769210e-01
 0.000000e+00 0.000000e+00 0.000000e+00 0.000000e+00 0.000000e+00
<ENDHMM>
~h "sil"
<BEGINHMM>
<NUMSTATES> 5
<STATE> 2
<MEAN> 25
 -9.062876e+00 2.074710e+00 -1.863075e+00 3.600424e+00 2.494219e+00 4.626855e+00 1.777854e+00 1.391980e+00 3.491724e+00 -4.406980e-01 2.895768e+00 2.484704e+00 -4.893132e-02 1.067753e-02 1.941756e-04 -1.293672e-04 -9.688609e-03 -8.163793e-03 -1.217874e-02 -1.332344e-02 -1.627831e-02 6.407219e-03 4.438719e-03 1.013697e-02 -5.416177e-02
<VARIANCE> 25
 1.189050e+01 1.814700e+01 1.879147e+01 2.055562e+01 2.133619e+01 1.978042e+01 2.616870e+01 2.378916e+01 3.388136e+01 2.126708e+01 1.817370e+01 1.353895e+01 1.831050e-01 3.217732e-01 5.311125e-01 6.872289e-01 8.624133e-01 1.046970e+00 1.200380e+00 1.272689e+00 1.366346e+00 1.341719e+00 1.271611e+00 1.180549e+00 1.190724e-01
<GCONST> 7.720869e+01
<STATE> 3
~s "silst"
<STATE> 4
<MEAN> 25
 -1.462928e+01 4.640442e+00 -5.836249e+00 -3.554529e+00 2.996234e+00 9.785219e-01 1.851741e+00 2.659500e+00 -1.206976e-02 1.652005e+00 -9.296715e-02 -1.202167e+00 -9.764234e-03 4.536757e-02 9.966251e-02 5.937144e-02 2.915566e-02 -4.258012e-03 4.011745e-03 1.468768e-02 -1.505097e-02 3.638184e-02 -5.498641e-03 -4.158024e-02 -1.671421e-02
<VARIANCE> 25
 7.842579e+01 2.407795e+01 2.674430e+01 4.440891e+01 2.797352e+01 2.289736e+01 2.504964e+01 2.417827e+01 2.929288e+01 2.290745e+01 1.563151e+01 1.707281e+01 9.968016e-01 7.663111e-01 8.128356e-01 1.004443e+00 1.145218e+00 1.184232e+00 1.280685e+00 1.186153e+00 1.348160e+00 1.246634e+00 1.085809e+00 1.018108e+00 7.629488e-01
<GCONST> 8.613386e+01
<TRANSP> 5
 0.000000e+00 1.000000e+00 0.000000e+00 0.000000e+00 0.000000e+00
 0.000000e+00 9.083197e-01 2.986127e-02 6.181903e-02 0.000000e+00
 0.000000e+00 0.000000e+00 8.809769e-01 1.190231e-01 0.000000e+00
 0.000000e+00 5.599621e-02 0.000000e+00 7.510538e-01 1.929500e-01
 0.000000e+00 0.000000e+00 0.000000e+00 0.000000e+00 0.000000e+00
<ENDHMM>
