~o
<STREAMINFO> 1 25
<VECSIZE> 25<NULLD><MFCC_D_N_Z_0><DIAGC>
~s "silst"
<MEAN> 25
 -7.252181e+00 3.026493e+00 -2.110896e+00 4.221489e+00 5.279962e+00 4.449871e+00 4.128088e+00 2.243835e+00 1.322773e+00 1.100602e+00 5.479655e-01 3.368217e+00 -1.708118e-01 3.137925e-02 1.057206e-02 4.321751e-02 6.704993e-02 5.542181e-02 3.004584e-02 1.002672e-02 4.397144e-03 1.845398e-02 3.705946e-02 2.969153e-02 -1.682300e-01
<VARIANCE> 25
 4.107822e+01 2.587579e+01 2.631378e+01 3.131382e+01 3.357305e+01 3.000121e+01 2.618841e+01 3.391881e+01 3.452689e+01 3.699843e+01 2.734364e+01 2.315833e+01 3.519588e-01 5.627555e-01 7.438812e-01 9.192504e-01 1.181481e+00 1.342067e+00 1.430125e+00 1.613116e+00 1.617002e+00 1.626500e+00 1.462157e+00 1.334796e+00 2.179107e-01
<GCONST> 8.634730e+01
~h "@"
<BEGINHMM>
<NUMSTATES> 5
<STATE> 2
<MEAN> 25
 3.053308e+00 -5.857167e-01 -6.568564e-01 -6.053202e-01 -1.207825e+00 -2.924420e+00 -3.057899e+00 -1.162065e+00 1.824694e+00 1.293778e+00 -1.901263e-01 -1.373491e+00 1.287569e+00 -8.696469e-01 -1.888680e-01 -5.950536e-01 -5.720689e-01 -5.900780e-01 -8.042244e-01 3.142129e-01 3.830413e-01 3.193353e-01 -1.990298e-01 -5.298288e-01 1.099243e+00
<VARIANCE> 25
 4.108469e+01 5.244053e+01 5.186249e+01 5.179642e+01 6.148773e+01 7.392918e+01 5.748883e+01 6.316652e+01 6.173030e+01 5.241391e+01 4.592671e+01 3.598185e+01 4.512846e+00 5.074119e+00 4.793340e+00 5.378032e+00 5.866503e+00 6.606836e+00 5.900048e+00 6.695589e+00 6.469038e+00 5.705064e+00 4.976102e+00 4.014507e+00 3.413560e+00
<GCONST> 1.151746e+02
<STATE> 3
<MEAN> 25
 4.938368e+00 -2.612828e+00 -1.219855e+00 -1.650353e+00 -1.935814e+00 -3.932311e+00 -4.174916e+00 -5.786850e-01 2.428103e+00 1.760946e+00 -3.554143e-01 -2.012172e+00 7.031835e-01 -3.964270e-01 -1.036744e-02 4.104434e-02 -2.528058e-01 1.531096e-01 -1.984009e-01 1.801313e-01 1.541566e-01 4.785207e-02 -2.306040e-01 -2.050810e-01 2.410929e-01
<VARIANCE> 25
 2.474817e+01 4.239019e+01 4.462976e+01 5.045815e+01 5.510205e+01 6.183292e+01 5.379722e+01 6.381186e+01 5.873773e+01 5.678697e+01 4.797230e+01 3.730282e+01 2.152389e+00 3.309757e+00 3.148311e+00 3.928134e+00 4.184820e+00 4.819569e+00 4.338855e+00 5.385149e+00 4.790899e+00 4.255583e+00 4.102663e+00 3.093474e+00 2.165954e+00
<GCONST> 1.094616e+02
<STATE> 4
<MEAN> 25
 5.006803e+00 -2.278953e+00 -1.017403e+00 -8.296024e-01 -1.358416e+00 -3.702590e+00 -3.838249e+00 1.987309e-01 1.956694e+00 7.660169e-01 -9.843507e-01 -2.111335e+00 -1.086764e-01 5.705557e-01 1.206850e-01 6.037343e-01 2.138384e-01 4.975768e-01 3.581136e-01 -2.249932e-01 -2.743442e-01 -1.985915e-01 -7.574371e-02 1.465829e-01 -7.409602e-01
<VARIANCE> 25
 2.235853e+01 4.714748e+01 4.586002e+01 5.804948e+01 5.744175e+01 5.945597e+01 5.439611e+01 6.740196e+01 5.950872e+01 6.101039e+01 4.752087e+01 3.887754e+01 1.086600e+00 2.358708e+00 2.064377e+00 2.904001e+00 2.982536e+00 3.318286e+00 3.265678e+00 3.499034e+00 3.463946e+00 3.268238e+00 2.965160e+00 2.397927e+00 1.730328e+00
<GCONST> 1.052528e+02
<TRANSP> 5
 0.000000e+00 1.000000e+00 0.000000e+00 0.000000e+00 0.000000e+00
 0.000000e+00 2.845181e-01 7.154819e-01 0.000000e+00 0.000000e+00
 0.000000e+00 0.000000e+00 6.055930e-02 9.394407e-01 0.000000e+00
 0.000000e+00 0.000000e+00 0.000000e+00 5.557374e-01 4.442626e-01
 0.000000e+00 0.000000e+00 0.000000e+00 0.000000e+00 0.000000e+00
<ENDHMM>
~h "a"
<BEGINHMM>
<NUMSTATES> 5
<STATE> 2
<MEAN> 25
 4.375536e+00 -6.296383e+00 -3.414056e+00 -3.525583e+00 -4.817093e-01 -1.284664e+00 -5.906321e-01 2.920276e+00 2.473794e+00 1.167810e-01 -2.186012e+00 -2.968054e+00 3.506958e-01 -1.175350e+00 -5.861535e-01 -5.861880e-01 4.624133e-01 3.147618e-01 1.083326e-01 7.553439e-01 3.401995e-01 -2.570470e-01 -6.734582e-01 -5.500343e-01 7.983006e-01
<VARIANCE> 25
 3.024377e+01 4.014746e+01 4.672277e+01 4.931763e+01 6.210048e+01 6.805663e+01 5.730456e+01 5.871314e+01 5.904504e+01 5.116205e+01 5.040231e+01 4.327446e+01 1.863101e+00 3.134690e+00 3.123881e+00 3.757627e+00 4.162927e+00 4.450723e+00 4.356347e+00 5.086636e+00 4.550332e+00 4.079855e+00 4.079134e+00 3.430506e+00 2.582778e+00
<GCONST> 1.097162e+02
<STATE> 3
<MEAN> 25
 4.977951e+00 -8.723798e+00 -3.929209e+00 -5.004640e+00 1.636063e-01 -1.129465e+00 -1.146881e+00 3.970020e+00 3.118419e+00 -1.474458e-01 -3.577296e+00 -4.246501e+00 -5.570909e-03 5.218632e-01 -2.736854e-02 5.449715e-01 2.390011e-01 1.702872e-01 1.160433e-01 -2.888831e-01 -2.128705e-01 -8.414649e-02 -4.843606e-02 2.903176e-01 -6.275826e-01
<VARIANCE> 25
 2.063418e+01 3.365248e+01 4.190938e+01 4.194865e+01 5.807616e+01 6.143562e+01 5.257172e+01 5.780211e+01 6.237836e+01 5.231224e+01 5.448373e+01 4.434772e+01 5.303881e-01 1.788459e+00 1.511073e+00 1.987605e+00 2.391482e+00 2.751257e+00 2.592015e+00 2.882043e+00 2.615701e+00 2.680318e+00 2.566346e+00 2.191220e+00 1.229482e+00
<GCONST> 1.008641e+02
<STATE> 4
<MEAN> 25
 3.313987e+00 -3.918837e+00 -4.416575e+00 -5.785234e-01 2.297521e+00 5.811739e-01 8.242787e-01 2.371545e+00 1.897729e+00 -9.224017e-01 -3.166827e+00 -1.570633e+00 -3.382652e-01 8.696333e-01 2.960706e-01 5.424038e-01 9.899911e-02 1.717055e-01 1.510401e-01 -3.298189e-01 -2.408396e-01 2.664706e-02 2.662484e-01 3.556301e-01 -9.051735e-01
<VARIANCE> 25
 2.174724e+01 3.378696e+01 3.408854e+01 4.211691e+01 4.463505e+01 4.815151e+01 3.978016e+01 4.302255e+01 4.310311e+01 4.368353e+01 4.232475e+01 3.322047e+01 6.541674e-01 1.206016e+00 1.329660e+00 1.680237e+00 2.021990e+00 2.091095e+00 2.117211e+00 2.386106e+00 2.317951e+00 2.165679e+00 2.129297e+00 1.825830e+00 6.916907e-01
<GCONST> 9.595390e+01
<TRANSP> 5
 0.000000e+00 1.000000e+00 0.000000e+00 0.000000e+00 0.000000e+00
 0.000000e+00 5.058585e-01 4.941415e-01 0.000000e+00 0.000000e+00
 0.000000e+00 0.000000e+00 6.230456e-01 3.769544e-01 0.000000e+00
 0.000000e+00 0.000000e+00 0.000000e+00 7.114879e-01 2.885120e-01
 0.000000e+00 0.000000e+00 0.000000e+00 0.000000e+00 0.000000e+00
<ENDHMM>
~h "b"
<BEGINHMM>
<NUMSTATES> 5
<STATE> 2
<MEAN> 25
 3.499734e+00 7.864893e+00 1.783314e+00 4.319968e+00 2.114748e+00 2.004482e+00 -3.420931e-01 -3.466350e+00 -3.038881e+00 -2.334043e+00 -1.259999e+00 -7.070240e-01 2.698718e-01 4.953699e-01 1.353395e-01 1.586568e-01 9.732942e-02 -7.397904e-02 -1.604255e-01 -3.085253e-01 -5.120313e-02 -1.848519e-01 3.366975e-02 -8.644927e-04 4.418759e-02
<VARIANCE> 25
 2.600700e+01 3.078866e+01 2.417004e+01 3.042724e+01 2.894080e+01 3.168114e+01 3.351358e+01 3.631180e+01 3.252038e+01 3.341943e+01 2.798322e+01 2.472441e+01 2.059507e+00 3.100827e+00 2.243932e+00 3.087184e+00 2.547476e+00 3.224423e+00 3.108055e+00 3.047195e+00 3.015345e+00 3.140431e+00 2.786498e+00 2.098139e+00 2.231879e+00
<GCONST> 9.964880e+01
<STATE> 3
<MEAN> 25
 4.918844e+00 5.568514e+00 1.057140e-01 1.737349e+00 1.737814e+00 1.189383e+00 -2.456826e+00 -4.765514e+00 -2.525471e+00 -5.940797e-01 1.051497e+00 -1.827342e-01 5.863962e-01 -2.309319e+00 -8.969917e-01 -1.905981e+00 -1.079038e+00 -1.253530e+00 -1.647933e+00 6.851429e-02 1.029277e+00 1.482231e+00 1.314917e+00 -4.213715e-01 2.379797e+00
<VARIANCE> 25
 2.229344e+01 3.857274e+01 2.872549e+01 4.880974e+01 3.295044e+01 3.712172e+01 3.834695e+01 3.837460e+01 3.761268e+01 4.403259e+01 4.236755e+01 2.928954e+01 2.727015e+00 4.908318e+00 4.555210e+00 7.199912e+00 4.831635e+00 6.183616e+00 5.840767e+00 5.808835e+00 6.748174e+00 7.677350e+00 5.258825e+00 4.544011e+00 2.798613e+00
<GCONST> 1.100448e+02
<STATE> 4
<MEAN> 25
 5.912221e+00 -1.551698e-01 -1.497399e+00 -1.425830e+00 -1.068567e+00 -2.408402e+00 -6.210083e+00 -2.583098e+00 1.331302e+00 2.571356e+00 2.497382e+00 -2.564018e+00 6.843086e-02 -2.098703e+00 -1.415293e-02 -1.093990e+00 -1.303514e+00 -1.188752e+00 -5.919691e-01 1.237025e+00 1.183158e+00 6.080045e-01 8.230193e-02 -5.561844e-01 1.827477e+00
<VARIANCE> 25
 2.464843e+01 4.205378e+01 4.280736e+01 7.656550e+01 4.368832e+01 6.487310e+01 5.437785e+01 5.213852e+01 5.900070e+01 8.505108e+01 5.084781e+01 4.083042e+01 1.834691e+00 3.785691e+00 5.226175e+00 5.960459e+00 5.045005e+00 6.074666e+00 5.440985e+00 6.780597e+00 7.703753e+00 6.197742e+00 6.099575e+00 5.604292e+00 1.983361e+00
<GCONST> 1.135338e+02
<TRANSP> 5
 0.000000e+00 1.000000e+00 0.000000e+00 0.000000e+00 0.000000e+00
 0.000000e+00 6.017932e-01 3.982068e-01 0.000000e+00 0.000000e+00
 0.000000e+00 0.000000e+00 3.626867e-01 6.373133e-01 0.000000e+00
 0.000000e+00 0.000000e+00 0.000000e+00 2.546028e-01 7.453972e-01
 0.000000e+00 0.000000e+00 0.000000e+00 0.000000e+00 0.000000e+00
<ENDHMM>
~h "c"
<BEGINHMM>
<NUMSTATES> 5
<STATE> 2
<MEAN> 25
 -8.336364e+00 5.207026e+00 -3.023732e-01 8.173862e-01 3.606530e+00 -3.257073e-01 1.042680e+00 -6.252785e-01 6.001621e-01 -5.481538e-01 1.350399e+00 1.426158e+00 -2.135338e+00 2.875767e-01 1.857273e-01 -6.322482e-01 3.033623e-01 -3.009242e-01 4.482897e-01 1.623128e-01 3.340876e-01 1.840823e-02 4.433653e-01 9.153815e-02 6.797293e-01
<VARIANCE> 25
 9.308796e+01 4.315797e+01 4.278333e+01 4.768692e+01 4.566320e+01 5.124292e+01 4.445894e+01 5.156643e+01 4.167558e+01 3.439918e+01 3.486596e+01 2.886586e+01 6.224545e+00 4.501938e+00 3.715072e+00 4.265176e+00 4.812500e+00 5.365829e+00 3.890493e+00 4.718312e+00 3.645291e+00 3.238728e+00 3.037225e+00 2.174726e+00 6.136904e+00
<GCONST> 1.099715e+02
<STATE> 3
<MEAN> 25
 -1.233861e+01 1.004597e+00 5.836977e+00 -5.924670e-01 -1.219994e+00 -6.593398e-01 1.979790e+00 4.320038e-01 2.305677e+00 -1.986452e+00 2.044035e+00 2.660253e+00 2.129219e+00 -2.130096e+00 1.332186e+00 3.786607e-01 -2.331220e+00 -1.159794e+00 -8.776321e-01 2.471074e-01 4.449555e-01 -6.480342e-01 -2.783442e-01 5.589899e-02 1.871396e+00
<VARIANCE> 25
 6.362843e+01 9.499429e+01 6.815517e+01 5.339234e+01 7.398671e+01 9.362770e+01 5.343484e+01 5.725199e+01 4.219813e+01 4.244892e+01 3.940847e+01 3.237115e+01 1.005199e+01 7.599298e+00 6.204777e+00 6.105566e+00 6.262209e+00 7.984715e+00 6.418047e+00 6.555233e+00 5.724647e+00 5.457660e+00 3.825787e+00 3.409721e+00 3.597456e+00
<GCONST> 1.172765e+02
<STATE> 4
<MEAN> 25
 2.916807e-01 -2.736532e+00 5.043735e+00 1.074628e+00 -4.935409e+00 -4.475186e+00 -2.183459e+00 7.284819e-02 2.550301e+00 -3.230287e+00 -2.733499e-01 1.039904e+00 2.992280e+00 -3.243458e-01 -1.172239e+00 -3.616949e-01 -3.692805e-01 -8.864390e-01 -9.304568e-01 -7.843813e-02 -2.183675e-01 4.435178e-01 -2.612495e-01 -7.224185e-01 9.079584e-01
<VARIANCE> 25
 6.061823e+01 7.718170e+01 6.293023e+01 4.635264e+01 6.844089e+01 1.114909e+02 7.459749e+01 7.985014e+01 5.836482e+01 5.091075e+01 3.790302e+01 3.426897e+01 7.224507e+00 9.444790e+00 7.361771e+00 4.544588e+00 7.285461e+00 8.495998e+00 6.747653e+00 7.353778e+00 6.653357e+00 5.458865e+00 4.905728e+00 3.726488e+00 2.763579e+00
<GCONST> 1.184520e+02
<TRANSP> 5
 0.000000e+00 1.000000e+00 0.000000e+00 0.000000e+00 0.000000e+00
 0.000000e+00 7.667844e-01 2.332156e-01 0.000000e+00 0.000000e+00
 0.000000e+00 0.000000e+00 5.539004e-01 4.460996e-01 0.000000e+00
 0.000000e+00 0.000000e+00 0.000000e+00 5.451455e-01 4.548545e-01
 0.000000e+00 0.000000e+00 0.000000e+00 0.000000e+00 0.000000e+00
<ENDHMM>
~h "d"
<BEGINHMM>
<NUMSTATES> 5
<STATE> 2
<MEAN> 25
 2.477475e+00 5.369711e+00 2.443250e+00 5.753817e+00 1.657206e+00 1.083343e-01 -9.237987e-01 -1.424348e+00 -9.231078e-01 -2.443733e+00 -1.477655e+00 -2.445164e-01 4.658923e-04 -3.899989e-01 6.476327e-01 2.062278e-01 -4.193011e-01 -5.514051e-01 -2.442778e-01 -1.259963e-01 -1.117232e-01 -2.777739e-01 2.572353e-01 1.767019e-01 6.406844e-01
<VARIANCE> 25
 5.129498e+01 5.493402e+01 4.259851e+01 4.937704e+01 6.190228e+01 5.894707e+01 4.988053e+01 4.918553e+01 4.976296e+01 4.391318e+01 4.504307e+01 3.295322e+01 4.380002e+00 7.179015e+00 3.968685e+00 5.419122e+00 5.855247e+00 6.930983e+00 5.501810e+00 5.585022e+00 5.326239e+00 4.776544e+00 4.460122e+00 3.418367e+00 5.678157e+00
<GCONST> 1.138840e+02
<STATE> 3
<MEAN> 25
 2.508403e+00 -4.630452e-01 5.842228e+00 3.308303e+00 -3.485652e+00 -4.537741e+00 -2.558603e+00 -9.709147e-01 -7.674003e-01 -2.308482e+00 4.803934e-01 1.572151e+00 -1.286740e-01 -2.402344e+00 1.089879e+00 -1.801425e+00 -2.387909e+00 -1.818244e+00 -1.046800e+00 6.933711e-01 1.851798e-01 7.891529e-01 1.439238e+00 2.720209e-01 2.624724e+00
<VARIANCE> 25
 2.227531e+01 4.413205e+01 4.184460e+01 5.057546e+01 6.092749e+01 5.573758e+01 5.822337e+01 5.416278e+01 5.134717e+01 4.263213e+01 4.142410e+01 3.512395e+01 2.787966e+00 4.293429e+00 5.393812e+00 5.326050e+00 5.528337e+00 5.534880e+00 7.027454e+00 8.349122e+00 7.393526e+00 6.338398e+00 5.644452e+00 3.769706e+00 2.803700e+00
<GCONST> 1.129246e+02
<STATE> 4
<MEAN> 25
 3.963703e+00 -3.453125e+00 6.489252e+00 1.313901e+00 -6.597311e+00 -6.313393e+00 -5.189884e+00 -6.497250e-01 -1.842020e-01 -1.875775e+00 1.557166e+00 5.252306e-01 6.044108e-02 -4.632049e-01 -2.150044e-02 -8.648841e-01 -6.628264e-01 -2.198810e-01 -1.516386e-01 2.865449e-01 1.459740e-01 4.459426e-01 1.804561e-01 -4.120395e-01 6.692276e-01
<VARIANCE> 25
 2.913188e+01 5.067966e+01 6.346489e+01 8.304453e+01 8.405643e+01 7.171058e+01 8.365441e+01 9.682436e+01 8.055534e+01 8.130949e+01 6.083589e+01 3.784638e+01 1.236468e+00 2.683906e+00 4.650006e+00 4.139278e+00 5.331581e+00 4.447856e+00 5.073765e+00 5.415104e+00 5.101412e+00 4.673455e+00 4.783021e+00 3.468642e+00 2.265987e+00
<GCONST> 1.134813e+02
<TRANSP> 5
 0.000000e+00 1.000000e+00 0.000000e+00 0.000000e+00 0.000000e+00
 0.000000e+00 5.953524e-01 4.046477e-01 0.000000e+00 0.000000e+00
 0.000000e+00 0.000000e+00 3.375400e-01 6.624600e-01 0.000000e+00
 0.000000e+00 0.000000e+00 0.000000e+00 5.157631e-01 4.842369e-01
 0.000000e+00 0.000000e+00 0.000000e+00 0.000000e+00 0.000000e+00
<ENDHMM>
~h "e"
<BEGINHMM>
<NUMSTATES> 5
<STATE> 2
<MEAN> 25
 2.832267e+00 -3.534370e+00 1.212405e+00 -2.028247e-01 -4.459802e+00 -5.254173e+00 1.914289e-01 1.913611e+00 -4.425703e-02 8.464893e-01 6.534453e-01 -4.758166e-01 8.633142e-01 -1.058836e+00 6.837690e-01 -5.846338e-01 -1.422078e+00 -8.372560e-01 2.473350e-01 8.361903e-01 -3.718622e-01 -7.607293e-03 1.930103e-01 -3.774277e-01 1.405572e+00
<VARIANCE> 25
 4.177968e+01 5.046145e+01 5.886663e+01 4.678415e+01 7.083702e+01 7.097450e+01 6.586990e+01 7.221717e+01 6.230621e+01 5.357825e+01 4.753178e+01 3.420764e+01 3.701315e+00 4.426406e+00 4.945198e+00 4.929576e+00 5.833885e+00 6.533112e+00 5.703104e+00 6.838329e+00 6.083714e+00 5.311467e+00 4.814000e+00 3.438555e+00 4.074447e+00
<GCONST> 1.149993e+02
<STATE> 3
<MEAN> 25
 4.155182e+00 -6.024932e+00 2.513384e+00 -1.613606e+00 -6.708585e+00 -6.954282e+00 7.483378e-03 3.606215e+00 -6.261528e-01 4.248842e-01 1.248291e+00 -1.474040e+00 1.267385e-01 6.937767e-02 2.668905e-01 8.191887e-02 -2.340589e-01 2.308851e-01 3.270040e-01 -4.438249e-03 -2.836944e-01 3.808377e-02 1.512725e-02 -9.373478e-02 -8.766860e-02
<VARIANCE> 25
 2.956993e+01 4.915194e+01 6.784141e+01 4.950873e+01 6.930750e+01 6.430167e+01 6.470950e+01 8.423071e+01 6.733230e+01 6.180766e+01 5.336814e+01 3.566178e+01 1.092510e+00 2.269230e+00 2.387864e+00 2.752688e+00 2.940071e+00 3.054936e+00 3.411316e+00 3.517126e+00 3.507066e+00 3.116149e+00 2.912986e+00 2.267837e+00 1.682703e+00
<GCONST> 1.065091e+02
<STATE> 4
<MEAN> 25
 2.883008e+00 -3.810153e+00 4.353343e+00 -4.543264e-01 -7.106016e+00 -6.026886e+00 2.312436e+00 3.259105e+00 -2.029289e+00 1.143364e+00 1.826378e+00 -8.099940e-01 -1.742470e-01 5.613955e-01 -1.723174e-01 3.784195e-01 5.937560e-01 4.850894e-01 1.087212e-01 -3.002045e-01 2.049325e-02 -1.032396e-01 -1.732834e-01 1.149085e-01 -6.235064e-01
<VARIANCE> 25
 2.578526e+01 4.078596e+01 5.942907e+01 4.683738e+01 5.945192e+01 5.497314e+01 6.050498e+01 6.314974e+01 5.885137e+01 4.545928e+01 4.379299e+01 2.972691e+01 5.454493e-01 1.158424e+00 1.324151e+00 1.467849e+00 2.047560e+00 1.934214e+00 2.151800e+00 2.076852e+00 2.091522e+00 1.851725e+00 1.814211e+00 1.481193e+00 7.006534e-01
<GCONST> 9.730587e+01
<TRANSP> 5
 0.000000e+00 1.000000e+00 0.000000e+00 0.000000e+00 0.000000e+00
 0.000000e+00 4.774782e-01 5.225218e-01 0.000000e+00 0.000000e+00
 0.000000e+00 0.000000e+00 4.083854e-01 5.916147e-01 0.000000e+00
 0.000000e+00 0.000000e+00 0.000000e+00 7.603691e-01 2.396310e-01
 0.000000e+00 0.000000e+00 0.000000e+00 0.000000e+00 0.000000e+00
<ENDHMM>
~h "f"
<BEGINHMM>
<NUMSTATES> 5
<STATE> 2
<MEAN> 25
 -2.394575e-02 5.057883e-01 -1.853317e+00 2.628737e+00 2.862945e+00 9.293319e-01 1.803415e+00 -2.170157e-01 1.269431e+00 -1.680686e-01 2.693756e-01 -1.909485e-01 -1.928658e+00 4.652213e-01 -1.346328e-01 6.127341e-01 1.073139e+00 -7.254898e-02 5.536047e-01 7.359488e-02 2.998959e-01 -3.552105e-01 -2.097856e-01 6.393189e-01 -8.302826e-01
<VARIANCE> 25
 3.522395e+01 3.098838e+01 3.483069e+01 3.313758e+01 3.542809e+01 5.319608e+01 4.168990e+01 5.781062e+01 3.621219e+01 4.332615e+01 3.279452e+01 3.474347e+01 2.473035e+00 3.304104e+00 2.696724e+00 2.477182e+00 3.873713e+00 3.913293e+00 3.846789e+00 4.041454e+00 4.073144e+00 3.230673e+00 3.267367e+00 2.486783e+00 1.342258e+00
<GCONST> 1.041474e+02
<STATE> 3
<MEAN> 25
 -5.576540e+00 1.357337e+00 -1.947207e+00 3.238382e+00 3.788258e+00 -1.386250e+00 2.979568e+00 -1.035338e+00 2.455284e+00 -5.628828e-01 -7.355451e-01 2.054688e+00 -1.237852e+00 -1.058456e-01 5.373365e-02 2.008166e-01 1.946071e-01 -1.442825e-01 3.513289e-01 1.802977e-01 2.239527e-01 -1.571897e-01 -1.925292e-01 3.198039e-01 -2.720653e-01
<VARIANCE> 25
 3.229372e+01 2.851483e+01 3.388007e+01 3.422745e+01 2.695636e+01 5.052247e+01 3.549464e+01 4.531158e+01 4.163497e+01 3.239254e+01 2.976604e+01 2.704151e+01 1.429929e+00 1.432264e+00 1.373302e+00 1.678972e+00 2.065286e+00 2.350822e+00 2.015549e+00 2.630092e+00 2.668408e+00 2.193268e+00 1.747316e+00 1.894449e+00 7.100801e-01
<GCONST> 9.574700e+01
<STATE> 4
<MEAN> 25
 -5.252946e+00 6.952456e-01 4.426191e-01 2.824556e+00 3.207673e+00 1.027201e-01 2.766285e+00 7.087070e-01 5.179419e-01 -9.413712e-01 -2.367077e-02 1.639238e+00 1.059932e-01 -1.230513e-01 2.076105e-01 -1.981318e-02 -2.197676e-01 -1.926003e-01 -2.035710e-01 -8.639067e-02 -7.753371e-02 3.791849e-02 5.825107e-02 6.603300e-03 -5.329461e-02
<VARIANCE> 25
 2.891816e+01 1.965054e+01 2.036065e+01 1.989831e+01 2.247330e+01 3.289532e+01 2.753961e+01 2.950660e+01 3.322198e+01 2.354350e+01 2.319244e+01 2.193673e+01 1.193606e+00 9.024925e-01 1.370484e+00 1.482789e+00 1.719536e+00 2.378714e+00 2.014082e+00 2.148681e+00 2.560167e+00 1.977530e+00 1.804413e+00 1.630656e+00 4.343483e-01
<GCONST> 9.001803e+01
<TRANSP> 5
 0.000000e+00 1.000000e+00 0.000000e+00 0.000000e+00 0.000000e+00
 0.000000e+00 5.102307e-01 4.897693e-01 0.000000e+00 0.000000e+00
 0.000000e+00 0.000000e+00 4.813021e-01 5.186979e-01 0.000000e+00
 0.000000e+00 0.000000e+00 0.000000e+00 7.383589e-01 2.616412e-01
 0.000000e+00 0.000000e+00 0.000000e+00 0.000000e+00 0.000000e+00
<ENDHMM>
~h "g"
<BEGINHMM>
<NUMSTATES> 5
<STATE> 2
<MEAN> 25
 2.058543e+00 4.441558e+00 3.562084e+00 4.237787e+00 1.358756e+00 2.147252e-01 -1.777532e+00 -2.636862e+00 -1.652306e+00 -1.211167e+00 -8.692942e-01 -1.320895e+00 1.191642e-01 -2.760157e-01 1.739869e-01 1.816419e-01 1.495616e-01 -7.772906e-01 -5.242813e-01 7.874617e-02 6.923207e-02 1.330022e-02 9.714346e-02 -7.701671e-02 6.543493e-01
<VARIANCE> 25
 4.391935e+01 6.668052e+01 5.303386e+01 5.893885e+01 7.472367e+01 6.876691e+01 5.735885e+01 5.802088e+01 5.343425e+01 4.850707e+01 3.734822e+01 3.173670e+01 4.959915e+00 7.263240e+00 4.962889e+00 5.538170e+00 7.602407e+00 7.642343e+00 6.246868e+00 5.793412e+00 5.291515e+00 5.418328e+00 4.013042e+00 3.400757e+00 5.474008e+00
<GCONST> 1.157875e+02
<STATE> 3
<MEAN> 25
 3.389823e+00 1.038664e+00 2.776061e+00 2.013639e+00 -1.194488e-01 -5.783370e+00 -5.298686e+00 -6.101127e-01 -1.548441e+00 6.304820e-01 8.749508e-01 -1.684971e+00 2.315246e-01 -1.380282e+00 3.084136e-01 -1.441365e+00 -1.369516e+00 -1.549555e+00 -8.047007e-01 1.112024e+00 6.585411e-01 6.170513e-01 6.427057e-01 -2.378530e-01 1.854523e+00
<VARIANCE> 25
 2.586431e+01 4.815549e+01 4.751589e+01 5.159003e+01 6.678366e+01 6.514726e+01 6.703751e+01 5.881530e+01 5.204748e+01 5.800492e+01 5.240031e+01 3.875556e+01 2.321970e+00 4.290563e+00 5.239859e+00 5.232736e+00 7.573919e+00 5.929921e+00 6.286515e+00 6.636648e+00 6.725123e+00 6.192450e+00 5.312418e+00 4.240414e+00 2.489503e+00
<GCONST> 1.140671e+02
<STATE> 4
<MEAN> 25
 5.637546e+00 -1.309264e+00 3.432284e+00 -8.628398e-02 -5.235586e+00 -6.995433e+00 -5.006212e+00 1.318697e+00 9.164203e-01 -2.017173e+00 3.729981e-01 -1.947911e+00 4.306622e-02 -4.783038e-01 -1.690564e-01 -7.861093e-01 -4.453263e-01 2.419160e-01 2.879130e-01 2.851966e-01 3.454841e-01 1.950585e-01 -7.545558e-02 -1.375945e-01 5.222174e-01
<VARIANCE> 25
 3.618921e+01 6.494518e+01 5.831386e+01 7.217775e+01 7.533796e+01 8.130763e+01 7.674881e+01 9.314043e+01 7.722796e+01 1.075416e+02 6.451221e+01 4.708986e+01 1.052867e+00 2.764280e+00 3.769177e+00 3.335626e+00 3.970186e+00 3.958014e+00 3.855875e+00 4.411274e+00 4.713040e+00 3.934189e+00 3.814566e+00 2.848854e+00 1.701154e+00
<GCONST> 1.117178e+02
<TRANSP> 5
 0.000000e+00 1.000000e+00 0.000000e+00 0.000000e+00 0.000000e+00
 0.000000e+00 6.098897e-01 3.901103e-01 0.000000e+00 0.000000e+00
 0.000000e+00 0.000000e+00 4.173388e-01 5.826612e-01 0.000000e+00
 0.000000e+00 0.000000e+00 0.000000e+00 5.879031e-01 4.120968e-01
 0.000000e+00 0.000000e+00 0.000000e+00 0.000000e+00 0.000000e+00
<ENDHMM>
~h "h"
<BEGINHMM>
<NUMSTATES> 5
<STATE> 2
<MEAN> 25
 7.499862e-01 -1.767502e+00 1.387922e+00 8.453625e-01 5.422327e-02 8.460300e-01 2.157924e+00 2.905375e-01 5.797588e-01 -5.369385e-01 -3.993256e-01 3.517852e-01 -7.046844e-01 2.443626e-01 -2.112939e-01 5.083785e-01 7.034945e-01 4.763161e-01 4.527649e-01 1.852394e-01 1.017646e-01 -8.085915e-02 1.133446e-01 2.770591e-01 -8.997081e-01
<VARIANCE> 25
 3.675535e+01 4.941796e+01 5.901440e+01 5.500808e+01 6.761354e+01 6.741379e+01 6.897187e+01 6.004480e+01 5.174843e+01 5.106025e+01 4.286050e+01 3.394591e+01 1.789513e+00 2.861081e+00 3.258165e+00 3.223019e+00 3.711253e+00 3.566979e+00 4.073187e+00 3.911770e+00 3.843171e+00 3.342027e+00 3.194517e+00 2.537531e+00 1.698583e+00
<GCONST> 1.079638e+02
<STATE> 3
<MEAN> 25
 -1.505840e+00 -2.897527e+00 -2.126236e-01 1.653835e+00 1.880238e+00 1.804880e+00 3.822787e+00 1.112993e+00 1.500763e-01 -7.431819e-01 -7.473556e-01 1.203547e+00 -4.190274e-01 2.926044e-01 -1.901308e-01 1.878113e-01 2.965552e-01 1.121987e-01 -4.717629e-02 -1.351643e-03 2.191627e-02 7.872371e-02 2.023809e-02 1.234685e-01 -7.405563e-01
<VARIANCE> 25
 3.754002e+01 5.773604e+01 5.729057e+01 4.950336e+01 6.379552e+01 5.149714e+01 5.726926e+01 5.481129e+01 4.882661e+01 4.687782e+01 4.454254e+01 3.093829e+01 7.056656e-01 1.249280e+00 1.565121e+00 1.666314e+00 2.098527e+00 2.139971e+00 2.317677e+00 2.378001e+00 2.324707e+00 2.145714e+00 1.935999e+00 1.708128e+00 5.001726e-01
<GCONST> 9.884319e+01
<STATE> 4
<MEAN> 25
 -2.724241e+00 5.301348e-01 -1.783974e-01 1.957212e+00 2.490363e+00 1.629208e+00 1.062288e+00 2.154046e-02 -6.161847e-01 -6.677587e-01 -5.101653e-01 9.494960e-01 -9.182214e-02 8.502038e-02 -1.607083e-02 5.259105e-02 5.220210e-02 8.474173e-03 -2.951728e-02 -2.143394e-02 -7.060044e-03 -5.294681e-03 6.799821e-03 1.195061e-02 -1.507031e-01
<VARIANCE> 25
 3.023363e+01 2.612046e+01 2.572810e+01 2.621214e+01 2.941313e+01 2.644881e+01 2.733710e+01 2.690160e+01 2.683842e+01 2.683457e+01 2.490943e+01 2.204339e+01 2.389862e-01 4.778444e-01 7.480355e-01 8.885822e-01 1.209564e+00 1.302485e+00 1.404183e+00 1.571631e+00 1.586188e+00 1.616660e+00 1.479555e+00 1.344322e+00 1.601429e-01
<GCONST> 8.374276e+01
<TRANSP> 5
 0.000000e+00 1.000000e+00 0.000000e+00 0.000000e+00 0.000000e+00
 0.000000e+00 4.758213e-01 5.241786e-01 0.000000e+00 0.000000e+00
 0.000000e+00 0.000000e+00 5.573821e-01 4.426178e-01 0.000000e+00
 0.000000e+00 0.000000e+00 0.000000e+00 8.309894e-01 1.690107e-01
 0.000000e+00 0.000000e+00 0.000000e+00 0.000000e+00 0.000000e+00
<ENDHMM>
~h "i"
<BEGINHMM>
<NUMSTATES> 5
<STATE> 2
<MEAN> 25
 5.162664e-01 1.171354e+00 9.943680e+00 4.593602e-01 -6.797551e+00 -4.820089e+00 -1.828051e+00 -3.415540e+00 -4.355672e+00 -1.614414e-01 1.917224e+00 -3.218214e-01 3.345647e-01 -3.039044e-01 2.506352e+00 -1.147493e+00 -2.176668e+00 -4.976268e-01 -7.527333e-01 -3.256656e-01 -1.319460e+00 3.468803e-01 6.260456e-01 -3.561074e-01 1.198959e+00
<VARIANCE> 25
 3.183815e+01 4.306857e+01 6.262003e+01 7.145696e+01 7.451339e+01 6.922363e+01 5.725492e+01 5.946455e+01 5.945258e+01 5.244469e+01 4.847340e+01 3.742692e+01 3.834103e+00 3.281112e+00 5.413187e+00 6.725343e+00 6.198755e+00 6.485622e+00 6.369030e+00 5.859015e+00 6.040860e+00 5.803864e+00 6.036584e+00 3.915485e+00 2.246411e+00
<GCONST> 1.147755e+02
<STATE> 3
<MEAN> 25
 4.545861e-01 8.537936e-01 1.564808e+01 -1.880842e+00 -1.227009e+01 -5.358510e+00 -3.138408e+00 -3.492619e+00 -8.251072e+00 1.398191e-01 4.565511e+00 -1.921474e+00 7.938428e-02 1.306310e-01 -4.142307e-03 -7.379737e-02 5.275726e-03 1.228658e-01 -3.450689e-02 5.132999e-02 3.560322e-02 1.431408e-01 -9.661004e-02 1.073007e-02 -1.281954e-01
<VARIANCE> 25
 1.883401e+01 2.861185e+01 4.919698e+01 6.897377e+01 5.531671e+01 6.540057e+01 4.977190e+01 5.410622e+01 5.529360e+01 6.317962e+01 6.382260e+01 4.452865e+01 7.410654e-01 1.473539e+00 2.311845e+00 2.346529e+00 2.845650e+00 2.818381e+00 2.696216e+00 2.872890e+00 2.777488e+00 2.480332e+00 2.473432e+00 1.972580e+00 8.858743e-01
<GCONST> 1.018707e+02
<STATE> 4
<MEAN> 25
 3.064339e-01 3.642593e+00 1.043900e+01 -4.537221e-01 -5.329884e+00 -2.223745e+00 -3.151842e+00 -4.327126e+00 -3.865895e+00 2.454548e-01 3.542024e-01 5.497419e-01 -6.059830e-02 3.386368e-01 -1.130415e+00 6.310568e-01 1.036972e+00 4.300304e-01 3.396085e-01 1.801839e-01 4.959633e-01 -1.976036e-01 -2.559036e-01 2.273557e-01 -8.547365e-01
<VARIANCE> 25
 1.920573e+01 3.983377e+01 4.705156e+01 1.023379e+02 5.413269e+01 6.491792e+01 5.686819e+01 5.175964e+01 5.432793e+01 4.684331e+01 4.752377e+01 3.407698e+01 9.129978e-01 1.467198e+00 2.169735e+00 2.558094e+00 2.879775e+00 2.866692e+00 2.897699e+00 2.776498e+00 2.977128e+00 2.768032e+00 2.589551e+00 2.008946e+00 1.091193e+00
<GCONST> 1.024976e+02
<TRANSP> 5
 0.000000e+00 1.000000e+00 0.000000e+00 0.000000e+00 0.000000e+00
 0.000000e+00 5.372166e-01 4.627833e-01 0.000000e+00 0.000000e+00
 0.000000e+00 0.000000e+00 6.822199e-01 3.177801e-01 0.000000e+00
 0.000000e+00 0.000000e+00 0.000000e+00 7.562091e-01 2.437909e-01
 0.000000e+00 0.000000e+00 0.000000e+00 0.000000e+00 0.000000e+00
<ENDHMM>
~h "j"
<BEGINHMM>
<NUMSTATES> 5
<STATE> 2
<MEAN> 25
 -2.307747e+00 6.578841e+00 3.385453e+00 3.296143e+00 1.076057e+00 -1.326905e+00 1.292170e+00 -1.547681e+00 -1.049667e+00 -2.844075e+00 -3.948876e-01 3.229336e-01 -1.311309e+00 7.591033e-01 7.970403e-01 -3.556952e-01 3.531568e-03 -3.522734e-01 5.098533e-02 -5.543795e-01 3.247886e-02 -1.400570e-01 3.805250e-01 9.603712e-02 6.128150e-01
<VARIANCE> 25
 8.183186e+01 5.646369e+01 4.567677e+01 4.632504e+01 5.378329e+01 5.399062e+01 4.314867e+01 4.283305e+01 4.022329e+01 3.779861e+01 3.508987e+01 3.099822e+01 6.026256e+00 5.086062e+00 4.660936e+00 4.996748e+00 5.643006e+00 6.415470e+00 4.351150e+00 4.264868e+00 4.090141e+00 4.156098e+00 3.566536e+00 2.819350e+00 5.150077e+00
<GCONST> 1.117176e+02
<STATE> 3
<MEAN> 25
 -2.742057e+00 3.720162e+00 1.111209e+01 9.251678e-01 -5.348207e+00 -5.418810e+00 -1.660125e+00 -3.636895e+00 -2.744817e+00 -2.314976e+00 2.482126e+00 2.014633e+00 1.612301e+00 -2.200955e+00 1.411802e+00 -6.121915e-01 -2.740634e+00 -1.942326e+00 -1.376802e+00 4.913983e-01 -5.952408e-01 4.558105e-01 9.446926e-01 2.743736e-01 1.705208e+00
<VARIANCE> 25
 4.594592e+01 6.491392e+01 4.601916e+01 5.661983e+01 6.666124e+01 7.992203e+01 5.743127e+01 4.792081e+01 4.450254e+01 4.663937e+01 3.918910e+01 3.755704e+01 5.162626e+00 5.088165e+00 5.979795e+00 6.256155e+00 6.693318e+00 5.840811e+00 6.039354e+00 6.101708e+00 5.567439e+00 5.784813e+00 4.722034e+00 3.186469e+00 1.898723e+00
<GCONST> 1.142336e+02
<STATE> 4
<MEAN> 25
 2.244318e+00 -2.192994e+00 9.678189e+00 -8.864534e-01 -9.459304e+00 -9.298409e+00 -3.749869e+00 1.798579e+00 -1.860623e+00 -5.353739e-01 3.514210e+00 1.862011e+00 7.253788e-01 -9.102568e-01 -1.394017e+00 -2.078198e-01 5.031648e-01 3.248939e-01 -5.079488e-02 9.959642e-01 7.800771e-01 2.339252e-01 -5.185831e-01 -6.562384e-01 1.811769e-01
<VARIANCE> 25
 2.218730e+01 3.497265e+01 3.837789e+01 6.272633e+01 4.916546e+01 4.537049e+01 7.041071e+01 7.065838e+01 5.529353e+01 5.910625e+01 4.679476e+01 3.601406e+01 9.676605e-01 3.002430e+00 2.601163e+00 2.697636e+00 4.036453e+00 3.612197e+00 4.620237e+00 4.227828e+00 3.542428e+00 3.641139e+00 3.542464e+00 2.970684e+00 1.363664e+00
<GCONST> 1.060188e+02
<TRANSP> 5
 0.000000e+00 1.000000e+00 0.000000e+00 0.000000e+00 0.000000e+00
 0.000000e+00 7.416518e-01 2.583482e-01 0.000000e+00 0.000000e+00
 0.000000e+00 0.000000e+00 6.072013e-01 3.927988e-01 0.000000e+00
 0.000000e+00 0.000000e+00 0.000000e+00 6.686643e-01 3.313356e-01
 0.000000e+00 0.000000e+00 0.000000e+00 0.000000e+00 0.000000e+00
<ENDHMM>
~h "k"
<BEGINHMM>
<NUMSTATES> 5
<STATE> 2
<MEAN> 25
 -3.201599e+00 2.430855e+00 -2.198605e+00 2.781076e+00 2.157093e+00 2.888416e+00 1.127525e+00 5.218154e-01 1.092531e+00 8.268476e-01 2.094828e+00 1.530303e+00 -6.348445e-01 -4.118865e-01 -5.549749e-01 5.328632e-02 4.745344e-01 -1.438348e-01 4.091025e-02 2.189689e-01 4.068788e-01 2.051706e-01 1.294671e-01 2.081998e-01 -8.072615e-03
<VARIANCE> 25
 4.605407e+01 6.676395e+01 5.686390e+01 6.968817e+01 7.035199e+01 7.539915e+01 5.550897e+01 5.297491e+01 5.539507e+01 4.677262e+01 5.145910e+01 3.733700e+01 3.179202e+00 5.378691e+00 4.528716e+00 5.340490e+00 6.092844e+00 6.156156e+00 5.279995e+00 4.925922e+00 5.205090e+00 4.307073e+00 4.123602e+00 3.406791e+00 5.341817e+00
<GCONST> 1.145816e+02
<STATE> 3
<MEAN> 25
 -2.587846e+00 -2.839863e+00 -5.018344e+00 3.112164e-01 4.019917e+00 -5.579948e-02 2.682075e-01 1.576642e+00 2.699523e+00 1.972348e+00 -8.752648e-02 1.170796e+00 9.718864e-01 -1.134107e+00 -2.980853e-01 -1.333997e+00 -3.592999e-01 -1.073303e+00 -3.436802e-01 4.470545e-02 -3.289293e-03 2.302659e-01 -3.925841e-01 -4.786915e-01 2.235599e+00
<VARIANCE> 25
 3.786092e+01 6.161911e+01 6.949078e+01 6.611602e+01 9.950172e+01 7.287704e+01 7.108756e+01 6.200730e+01 6.168197e+01 5.482856e+01 3.939504e+01 3.508968e+01 5.163587e+00 7.438798e+00 6.829211e+00 7.842869e+00 9.535027e+00 8.085501e+00 7.498214e+00 6.807359e+00 6.907736e+00 6.890185e+00 5.240486e+00 4.656287e+00 6.627145e+00
<GCONST> 1.196277e+02
<STATE> 4
<MEAN> 25
 1.109938e+00 -2.472432e+00 -4.569587e+00 -2.943302e+00 1.994627e+00 -1.422943e+00 -9.561226e-02 4.865213e-01 9.775788e-01 1.515497e+00 -8.679006e-01 -4.962892e-01 1.354605e+00 -1.117816e-02 6.586803e-01 -9.441144e-01 -1.258752e+00 -3.199596e-01 -2.661964e-01 -3.445938e-01 -5.926372e-01 -3.064350e-01 -8.986529e-02 -6.599232e-01 1.212249e+00
<VARIANCE> 25
 3.610126e+01 4.819574e+01 6.309487e+01 6.155448e+01 7.293243e+01 6.402588e+01 5.217854e+01 5.599871e+01 5.533413e+01 4.894174e+01 4.252765e+01 3.872343e+01 3.979205e+00 4.343178e+00 5.105061e+00 6.291678e+00 6.415376e+00 5.645394e+00 5.486987e+00 5.850889e+00 5.786248e+00 5.007216e+00 4.943425e+00 3.975911e+00 3.454992e+00
<GCONST> 1.143747e+02
<TRANSP> 5
 0.000000e+00 1.000000e+00 0.000000e+00 0.000000e+00 0.000000e+00
 0.000000e+00 6.249442e-01 3.750558e-01 0.000000e+00 0.000000e+00
 0.000000e+00 0.000000e+00 4.313634e-01 5.686366e-01 0.000000e+00
 0.000000e+00 0.000000e+00 0.000000e+00 3.817821e-01 6.182178e-01
 0.000000e+00 0.000000e+00 0.000000e+00 0.000000e+00 0.000000e+00
<ENDHMM>
~h "l"
<BEGINHMM>
<NUMSTATES> 5
<STATE> 2
<MEAN> 25
 5.718133e+00 -2.575994e+00 -1.860379e+00 -2.990741e+00 -1.392554e+00 -1.708140e+00 -5.062706e+00 -3.597073e+00 2.854570e+00 3.071152e+00 -2.653844e-01 -2.325928e+00 3.146236e-01 -3.143600e-01 -1.254775e-01 -2.198896e-01 -7.453804e-02 -4.572330e-02 -7.207275e-01 -2.273378e-01 5.840880e-01 6.164874e-01 -1.090267e-01 -2.719052e-01 2.120848e-01
<VARIANCE> 25
 2.606163e+01 3.817114e+01 4.610129e+01 6.357734e+01 5.603226e+01 7.894244e+01 6.745855e+01 8.061860e+01 6.193592e+01 6.724686e+01 5.339729e+01 4.295254e+01 1.108981e+00 2.389828e+00 2.820962e+00 3.920017e+00 3.892707e+00 5.184525e+00 4.791065e+00 5.496248e+00 4.736526e+00 4.510873e+00 4.191635e+00 3.387838e+00 1.329305e+00
<GCONST> 1.095539e+02
<STATE> 3
<MEAN> 25
 5.921709e+00 -3.423738e+00 -2.788434e+00 -5.477564e+00 -1.227207e+00 -1.948632e-01 -6.557032e+00 -3.571760e+00 5.309067e+00 5.394302e+00 -6.396741e-01 -3.398890e+00 -2.076706e-02 -5.470829e-02 3.942970e-02 2.632078e-02 -9.459162e-03 -7.811248e-02 1.329306e-02 2.941773e-01 1.591804e-02 -2.008684e-01 -1.522690e-01 1.547624e-02 -6.757884e-03
<VARIANCE> 25
 1.992406e+01 3.037350e+01 3.693895e+01 5.951752e+01 4.474584e+01 7.317625e+01 5.683836e+01 5.997971e+01 5.745321e+01 5.448140e+01 5.162948e+01 3.956251e+01 2.915305e-01 1.096220e+00 1.427572e+00 1.896533e+00 1.887485e+00 2.766699e+00 2.560621e+00 3.057407e+00 2.445105e+00 2.462309e+00 2.565470e+00 1.878058e+00 4.052446e-01
<GCONST> 9.797713e+01
<STATE> 4
<MEAN> 25
 7.583391e+00 -2.958879e+00 -2.347554e+00 -1.838055e+00 -4.026365e+00 -4.989022e+00 -4.150356e+00 -7.062302e-01 2.556405e+00 -1.539316e+00 -9.694321e-01 -1.624028e+00 -1.734886e-01 1.394093e-01 1.685777e-01 4.814488e-02 1.910372e-02 4.066829e-02 3.343050e-01 2.281762e-01 -3.896707e-01 -2.467942e-01 7.005516e-02 1.157259e-01 -1.637707e-01
<VARIANCE> 25
 2.656605e+01 4.066052e+01 5.119128e+01 6.441097e+01 8.533801e+01 8.749568e+01 6.369479e+01 8.408462e+01 6.002199e+01 1.026158e+02 6.014230e+01 4.252861e+01 3.531395e-01 1.150207e+00 1.454075e+00 1.811756e+00 2.371949e+00 2.533549e+00 2.383181e+00 2.671365e+00 2.590534e+00 2.684817e+00 2.455082e+00 1.727430e+00 5.707113e-01
<GCONST> 1.016449e+02
<TRANSP> 5
 0.000000e+00 1.000000e+00 0.000000e+00 0.000000e+00 0.000000e+00
 0.000000e+00 4.221912e-01 5.778088e-01 0.000000e+00 0.000000e+00
 0.000000e+00 0.000000e+00 4.939862e-01 5.060138e-01 0.000000e+00
 0.000000e+00 0.000000e+00 0.000000e+00 6.331025e-01 3.668975e-01
 0.000000e+00 0.000000e+00 0.000000e+00 0.000000e+00 0.000000e+00
<ENDHMM>
~h "m"
<BEGINHMM>
<NUMSTATES> 5
<STATE> 2
<MEAN> 25
 5.380313e+00 1.027777e+00 -7.113702e-01 7.819318e-01 4.418542e-01 2.561151e+00 -1.031727e+00 -4.962302e+00 -4.164965e+00 5.739156e-02 2.915904e-01 -1.610921e+00 -6.330851e-02 8.070843e-01 8.391415e-01 1.275524e+00 2.731272e-01 5.353611e-01 3.404725e-01 -1.430012e+00 -1.407299e+00 -4.771343e-01 -4.600156e-01 7.958991e-02 -6.925339e-01
<VARIANCE> 25
 1.952970e+01 3.188356e+01 3.550548e+01 4.129865e+01 3.557934e+01 4.200688e+01 3.895765e+01 3.961528e+01 4.729431e+01 3.227126e+01 3.502959e+01 2.733596e+01 1.258061e+00 1.989872e+00 2.833394e+00 3.341957e+00 2.839342e+00 2.971662e+00 2.918989e+00 3.381053e+00 3.961293e+00 2.735017e+00 3.206351e+00 2.388256e+00 1.467630e+00
<GCONST> 1.009075e+02
<STATE> 3
<MEAN> 25
 5.140587e+00 1.451036e+00 7.070932e-01 2.046267e+00 3.695158e-01 3.679068e+00 -3.924134e-02 -7.164586e+00 -6.856791e+00 -8.719534e-01 -2.726574e-01 -1.445257e+00 1.296207e-01 -2.273202e-01 -4.596301e-01 -4.560707e-01 7.309151e-02 2.217223e-01 1.293283e-02 3.114918e-01 3.743039e-01 -4.095808e-02 -8.422884e-02 -2.901827e-01 2.444101e-01
<VARIANCE> 25
 1.782260e+01 3.053525e+01 3.749266e+01 3.838519e+01 3.676277e+01 4.644626e+01 3.870808e+01 4.549716e+01 6.116056e+01 3.411808e+01 3.765121e+01 2.836603e+01 7.690949e-01 1.666649e+00 2.829267e+00 3.241213e+00 2.269300e+00 2.404884e+00 2.345963e+00 3.057887e+00 3.852894e+00 2.173116e+00 2.463142e+00 1.991293e+00 1.131118e+00
<GCONST> 9.902151e+01
<STATE> 4
<MEAN> 25
 5.045591e+00 2.152563e+00 -3.490578e-01 9.056981e-01 4.019392e-01 2.253382e+00 -6.720361e-01 -4.248331e+00 -3.737528e+00 -1.105524e+00 -1.414774e+00 -2.116528e+00 8.437391e-03 -1.411944e-01 -3.356476e-01 -4.598557e-01 -1.179338e-01 -2.130153e-01 -7.519396e-02 6.249450e-01 5.799185e-01 1.440135e-01 1.129458e-01 -5.243239e-02 1.278654e-01
<VARIANCE> 25
 1.879954e+01 3.154138e+01 3.564067e+01 3.854708e+01 4.095138e+01 4.277431e+01 3.511073e+01 3.794019e+01 4.466977e+01 3.507251e+01 3.528343e+01 2.784506e+01 4.201688e-01 1.082832e+00 1.481623e+00 1.887979e+00 1.767512e+00 1.813217e+00 1.709318e+00 2.180179e+00 2.384435e+00 1.941387e+00 2.041649e+00 1.663775e+00 5.564386e-01
<GCONST> 9.335737e+01
<TRANSP> 5
 0.000000e+00 1.000000e+00 0.000000e+00 0.000000e+00 0.000000e+00
 0.000000e+00 4.959989e-01 5.040011e-01 0.000000e+00 0.000000e+00
 0.000000e+00 0.000000e+00 4.084024e-01 5.915976e-01 0.000000e+00
 0.000000e+00 0.000000e+00 0.000000e+00 6.690423e-01 3.309577e-01
 0.000000e+00 0.000000e+00 0.000000e+00 0.000000e+00 0.000000e+00
<ENDHMM>
~h "n"
<BEGINHMM>
<NUMSTATES> 5
<STATE> 2
<MEAN> 25
 4.996504e+00 -2.331956e+00 1.438589e+00 1.816690e+00 -2.400479e+00 -3.043942e+00 -1.910229e+00 -3.096095e-01 -8.129420e-01 -8.879067e-01 -2.658944e+00 -1.550956e+00 1.824758e-01 1.868486e+00 4.739655e-01 1.457753e+00 1.188469e-01 4.757120e-01 -2.528864e-01 -1.818700e+00 -4.130024e-01 1.032751e-01 -4.423638e-01 1.125798e-01 -1.538886e+00
<VARIANCE> 25
 1.633828e+01 3.809980e+01 3.368306e+01 3.431964e+01 4.145191e+01 4.258097e+01 4.387694e+01 6.406697e+01 5.217999e+01 4.932356e+01 4.318858e+01 3.456783e+01 9.620810e-01 1.852670e+00 2.749544e+00 2.580291e+00 3.540476e+00 3.892519e+00 3.618968e+00 4.782784e+00 4.090967e+00 3.935941e+00 3.700149e+00 3.014125e+00 9.529730e-01
<GCONST> 1.031665e+02
<STATE> 3
<MEAN> 25
 5.247769e+00 2.235846e+00 2.707712e+00 4.206357e+00 -2.644992e+00 -1.448489e+00 -1.793469e+00 -4.576785e+00 -1.894546e+00 -5.638510e-01 -3.813364e+00 -1.525576e+00 -1.014111e-01 9.380494e-01 9.614342e-02 3.506380e-01 3.129820e-01 2.873209e-01 1.041808e-01 -3.572438e-01 -2.352615e-01 -1.196719e-01 -6.842043e-02 5.299155e-02 -6.888415e-01
<VARIANCE> 25
 1.365126e+01 3.251092e+01 2.590434e+01 2.800246e+01 3.506862e+01 3.839301e+01 3.691592e+01 4.456117e+01 4.184596e+01 4.830933e+01 4.060666e+01 2.976140e+01 3.640832e-01 9.025667e-01 1.262653e+00 1.247548e+00 1.693120e+00 1.792475e+00 1.943235e+00 2.183197e+00 2.143771e+00 2.072430e+00 1.862406e+00 1.585369e+00 3.822053e-01
<GCONST> 9.145747e+01
<STATE> 4
<MEAN> 25
 1.951478e+00 4.427067e+00 2.635836e+00 4.524789e+00 7.688915e-01 1.404937e-02 -7.735190e-01 -2.811439e+00 -1.857997e+00 -1.534080e+00 -2.143055e+00 -4.757828e-01 -4.435961e-01 -6.986538e-02 -9.397981e-02 -5.477313e-02 3.092925e-01 1.824972e-01 1.842784e-01 3.459204e-01 1.299906e-01 1.281628e-02 2.407040e-01 1.248793e-01 -2.433769e-01
<VARIANCE> 25
 1.974731e+01 2.635343e+01 2.477205e+01 2.745473e+01 3.772625e+01 3.156799e+01 3.163877e+01 3.696893e+01 3.529963e+01 3.619711e+01 3.275731e+01 2.561885e+01 6.419787e-01 1.099123e+00 1.197280e+00 1.329405e+00 1.821903e+00 1.949693e+00 1.996743e+00 2.391984e+00 2.137925e+00 2.179882e+00 2.010735e+00 1.692506e+00 5.481290e-01
<GCONST> 9.186594e+01
<TRANSP> 5
 0.000000e+00 1.000000e+00 0.000000e+00 0.000000e+00 0.000000e+00
 0.000000e+00 5.162805e-01 4.837194e-01 0.000000e+00 0.000000e+00
 0.000000e+00 0.000000e+00 6.109703e-01 3.890297e-01 0.000000e+00
 0.000000e+00 0.000000e+00 0.000000e+00 6.740578e-01 3.259422e-01
 0.000000e+00 0.000000e+00 0.000000e+00 0.000000e+00 0.000000e+00
<ENDHMM>
~h "o"
<BEGINHMM>
<NUMSTATES> 5
<STATE> 2
<MEAN> 25
 4.565882e+00 5.078633e-01 -4.841843e+00 -6.237198e+00 -9.808781e-01 1.573792e+00 -1.404249e+00 -4.368206e-01 1.199214e+00 1.412235e+00 1.150780e+00 -1.181240e+00 1.466755e+00 -4.005977e-01 -9.557791e-01 -2.016433e+00 -5.342548e-01 8.193706e-01 -1.460713e-01 -1.940387e-01 -9.509674e-02 3.916611e-01 5.635324e-01 -4.530082e-01 1.377136e+00
<VARIANCE> 25
 4.465199e+01 3.931927e+01 3.779972e+01 7.708076e+01 6.262458e+01 8.002218e+01 5.858469e+01 5.437130e+01 5.233685e+01 5.241823e+01 4.348619e+01 3.814157e+01 4.732986e+00 3.449271e+00 3.579729e+00 6.751028e+00 5.608962e+00 6.005571e+00 5.167409e+00 4.950586e+00 4.791350e+00 4.572757e+00 4.190410e+00 3.457041e+00 4.013633e+00
<GCONST> 1.131976e+02
<STATE> 3
<MEAN> 25
 7.156951e+00 -1.257346e+00 -7.215208e+00 -1.053133e+01 -1.145752e+00 5.259943e+00 -2.124212e+00 -2.296562e+00 1.011130e+00 2.453763e+00 3.035945e+00 -1.796514e+00 -7.151315e-02 2.408078e-01 -1.221713e-01 2.033555e-01 2.961123e-01 3.562769e-01 2.868989e-01 -7.958250e-02 -2.073844e-01 -8.156342e-02 -1.463434e-02 1.696368e-01 -4.411679e-01
<VARIANCE> 25
 2.352115e+01 3.366693e+01 3.449778e+01 6.571298e+01 6.567501e+01 8.529187e+01 5.566262e+01 5.751402e+01 6.568147e+01 6.166019e+01 5.298011e+01 4.144749e+01 8.736694e-01 1.955098e+00 1.609422e+00 3.538602e+00 2.740026e+00 3.562564e+00 3.210477e+00 3.048690e+00 3.657594e+00 3.368982e+00 2.961531e+00 2.614174e+00 1.689128e+00
<GCONST> 1.049673e+02
<STATE> 4
<MEAN> 25
 5.552275e+00 1.189918e+00 -6.459039e+00 -9.221330e+00 -3.305438e-01 5.133937e+00 4.263997e-01 -1.341215e+00 -1.621154e-01 1.349487e+00 1.885928e+00 -1.336513e-01 -3.407434e-01 1.443933e-01 3.269015e-01 7.138898e-01 2.190964e-01 -2.112561e-01 8.380504e-02 2.921567e-02 -4.578704e-03 -1.167927e-01 -2.261507e-01 4.276098e-02 -4.011546e-01
<VARIANCE> 25
 2.981610e+01 2.789987e+01 2.964449e+01 5.915937e+01 4.331276e+01 5.486645e+01 4.249875e+01 3.903392e+01 4.031055e+01 4.395159e+01 3.435354e+01 3.187609e+01 4.670011e-01 7.873937e-01 9.982065e-01 1.731933e+00 1.451212e+00 1.678799e+00 1.685323e+00 1.635694e+00 1.797099e+00 1.805695e+00 1.598398e+00 1.461276e+00 4.189728e-01
<GCONST> 9.241259e+01
<TRANSP> 5
 0.000000e+00 1.000000e+00 0.000000e+00 0.000000e+00 0.000000e+00
 0.000000e+00 5.355288e-01 4.644712e-01 0.000000e+00 0.000000e+00
 0.000000e+00 0.000000e+00 6.491852e-01 3.508148e-01 0.000000e+00
 0.000000e+00 0.000000e+00 0.000000e+00 7.916207e-01 2.083793e-01
 0.000000e+00 0.000000e+00 0.000000e+00 0.000000e+00 0.000000e+00
<ENDHMM>
~h "p"
<BEGINHMM>
<NUMSTATES> 5
<STATE> 2
<MEAN> 25
 -2.219140e+00 3.121559e+00 -2.698734e+00 1.789033e+00 2.560866e+00 3.011222e+00 1.703115e+00 -1.014618e-01 1.394829e+00 3.730946e-01 1.149826e+00 1.244161e+00 -8.150572e-01 -3.156766e-01 -1.087755e-02 -7.450116e-02 -9.788796e-02 -1.015910e-01 1.924916e-01 7.375367e-02 3.423448e-01 1.258399e-01 2.654005e-01 2.365606e-01 -1.113910e-01
<VARIANCE> 25
 4.798051e+01 2.872648e+01 3.332718e+01 3.562670e+01 3.250380e+01 4.051766e+01 3.395700e+01 3.359991e+01 3.832087e+01 3.153939e+01 3.063596e+01 2.551864e+01 3.722606e+00 3.294050e+00 2.528580e+00 3.150552e+00 3.035912e+00 3.979660e+00 3.082335e+00 3.077069e+00 3.281353e+00 2.840788e+00 2.735219e+00 2.333815e+00 4.984082e+00
<GCONST> 1.032520e+02
<STATE> 3
<MEAN> 25
 -9.154183e-01 4.489237e-01 -2.932101e+00 6.432009e-01 1.431837e+00 1.619915e+00 1.153851e+00 -6.792967e-01 1.656754e+00 9.884573e-01 1.065559e+00 9.743353e-01 2.052592e+00 -1.870322e+00 -5.547417e-01 -1.626128e+00 -1.132336e+00 -9.214506e-01 -8.400347e-01 -2.968428e-01 1.871581e-01 3.388373e-01 1.454425e-01 -9.115864e-01 3.183201e+00
<VARIANCE> 25
 3.412110e+01 3.831005e+01 3.219947e+01 4.430113e+01 3.600693e+01 4.508772e+01 3.359419e+01 3.669196e+01 3.699673e+01 3.105352e+01 2.995591e+01 2.574428e+01 5.985043e+00 6.600087e+00 6.046587e+00 7.566129e+00 5.889166e+00 8.196670e+00 5.624556e+00 5.494145e+00 5.938690e+00 5.944278e+00 5.606170e+00 4.554895e+00 5.281792e+00
<GCONST> 1.118647e+02
<STATE> 4
<MEAN> 25
 4.784350e+00 -2.849126e+00 -5.167682e+00 -3.483172e+00 -1.333985e+00 3.414487e-01 -1.464794e+00 -1.544244e+00 1.459382e+00 1.266443e+00 1.148296e+00 -1.861512e+00 1.512330e+00 -1.401385e+00 -1.153759e-01 -1.102927e+00 -9.653275e-01 -7.176700e-01 -8.181354e-01 7.159489e-02 -2.424173e-02 -3.684640e-03 -6.230539e-02 -9.453117e-01 2.210152e+00
<VARIANCE> 25
 3.852737e+01 5.278116e+01 5.742086e+01 7.617896e+01 5.274572e+01 7.947531e+01 4.496688e+01 4.825201e+01 5.021265e+01 4.932651e+01 4.126414e+01 3.936221e+01 3.624809e+00 5.258216e+00 7.011605e+00 6.988337e+00 6.915923e+00 7.995611e+00 5.830250e+00 6.128180e+00 6.885378e+00 5.678445e+00 5.805570e+00 4.748256e+00 3.787173e+00
<GCONST> 1.159211e+02
<TRANSP> 5
 0.000000e+00 1.000000e+00 0.000000e+00 0.000000e+00 0.000000e+00
 0.000000e+00 6.436128e-01 3.563872e-01 0.000000e+00 0.000000e+00
 0.000000e+00 0.000000e+00 3.509900e-01 6.490100e-01 0.000000e+00
 0.000000e+00 0.000000e+00 0.000000e+00 2.663090e-01 7.336911e-01
 0.000000e+00 0.000000e+00 0.000000e+00 0.000000e+00 0.000000e+00
<ENDHMM>
~h "r"
<BEGINHMM>
<NUMSTATES> 5
<STATE> 2
<MEAN> 25
 4.958690e+00 -5.024018e+00 -2.539735e+00 5.830659e-01 -3.200400e+00 -3.368173e+00 -2.918002e+00 4.068025e-01 4.378105e+00 9.638582e-01 -3.562777e-01 -1.590272e+00 4.366921e-02 1.745014e-01 1.667484e-01 1.217988e+00 -1.269320e-01 -2.430107e-01 -2.798711e-01 -2.005887e-01 2.487836e-01 -3.610004e-01 6.967115e-02 4.147214e-01 -6.755949e-01
<VARIANCE> 25
 2.502540e+01 3.423406e+01 4.254777e+01 3.937724e+01 4.830289e+01 5.291161e+01 5.308449e+01 5.950624e+01 6.429313e+01 5.227432e+01 4.804330e+01 3.943493e+01 1.844078e+00 2.795742e+00 2.646066e+00 3.772450e+00 4.145045e+00 4.199337e+00 4.052748e+00 4.345310e+00 4.530326e+00 4.316805e+00 3.948603e+00 3.529045e+00 2.044755e+00
<GCONST> 1.076838e+02
<STATE> 3
<MEAN> 25
 4.643404e+00 -3.717213e+00 -1.931484e+00 3.024702e+00 -2.520704e+00 -3.689936e+00 -3.076999e+00 -2.891169e-01 3.905354e+00 3.631198e-01 -1.783620e-01 -2.902663e-01 -2.952964e-01 5.731175e-01 4.236501e-01 5.999185e-01 2.871293e-01 9.981959e-02 1.132040e-01 -1.988187e-01 -4.470899e-01 -3.694836e-01 4.606347e-02 4.067158e-01 -6.945521e-01
<VARIANCE> 25
 2.285299e+01 3.190602e+01 4.098362e+01 3.483294e+01 4.898232e+01 4.982836e+01 4.726390e+01 5.371456e+01 5.446122e+01 4.864487e+01 3.780402e+01 3.127218e+01 1.573264e+00 2.382579e+00 2.518470e+00 2.500064e+00 3.384543e+00 3.561688e+00 3.295599e+00 3.867985e+00 3.788079e+00 3.534368e+00 3.516785e+00 3.004504e+00 1.428590e+00
<GCONST> 1.039040e+02
<STATE> 4
<MEAN> 25
 3.587930e+00 -1.515446e+00 -7.742513e-01 3.704569e+00 -1.359178e+00 -2.948412e+00 -2.032757e+00 -3.311054e-01 1.961476e+00 -8.471498e-01 -4.085162e-01 1.197716e-01 -2.837414e-01 4.811924e-01 3.142820e-01 -1.037934e-01 1.615612e-01 3.609087e-01 2.992187e-01 -5.198057e-02 -5.494659e-01 -3.597381e-02 6.658888e-02 1.246380e-03 -4.153632e-01
<VARIANCE> 25
 2.460921e+01 3.994517e+01 4.105746e+01 3.337981e+01 4.550995e+01 5.277382e+01 4.190286e+01 5.415717e+01 4.734870e+01 4.945021e+01 3.560902e+01 2.991833e+01 1.110728e+00 1.841370e+00 2.045792e+00 1.732105e+00 2.697139e+00 2.937290e+00 2.595683e+00 3.006920e+00 3.022873e+00 2.667943e+00 2.492429e+00 2.074818e+00 1.023784e+00
<GCONST> 1.001605e+02
<TRANSP> 5
 0.000000e+00 1.000000e+00 0.000000e+00 0.000000e+00 0.000000e+00
 0.000000e+00 3.621702e-01 6.378298e-01 0.000000e+00 0.000000e+00
 0.000000e+00 0.000000e+00 1.778983e-01 8.221017e-01 0.000000e+00
 0.000000e+00 0.000000e+00 0.000000e+00 5.341815e-01 4.658185e-01
 0.000000e+00 0.000000e+00 0.000000e+00 0.000000e+00 0.000000e+00
<ENDHMM>
~h "s"
<BEGINHMM>
<NUMSTATES> 5
<STATE> 2
<MEAN> 25
 -6.035505e+00 5.238029e+00 -6.839657e-02 2.123456e+00 3.442936e+00 -4.622006e+00 2.735770e+00 5.670334e-01 1.113613e+00 -1.746367e+00 2.327467e-01 1.189626e+00 -3.352179e+00 1.924009e+00 -7.731481e-01 3.550442e-01 1.393970e+00 -3.377069e-01 1.227143e+00 2.851870e-01 3.826786e-01 -4.374857e-01 6.133770e-01 4.156729e-01 7.069391e-03
<VARIANCE> 25
 6.816953e+01 5.156143e+01 5.893055e+01 5.085135e+01 7.215295e+01 6.574409e+01 6.867434e+01 6.171392e+01 4.914857e+01 4.481935e+01 4.515231e+01 3.435047e+01 3.732719e+00 3.930763e+00 4.258522e+00 4.526260e+00 4.608346e+00 4.628687e+00 4.770564e+00 4.924833e+00 4.150753e+00 4.313649e+00 3.831323e+00 3.029525e+00 1.354257e+00
<GCONST> 1.114792e+02
<STATE> 3
<MEAN> 25
 -1.582319e+01 7.928147e+00 -2.920722e+00 1.489027e+00 6.392442e+00 -4.189293e+00 5.016089e+00 1.834858e+00 1.864875e+00 -1.704169e+00 1.422787e+00 2.628796e+00 1.955335e-01 -5.099317e-01 1.213482e-01 2.223501e-02 -2.556465e-01 1.498119e-01 -8.128117e-02 6.490038e-02 6.477167e-02 3.285012e-02 -3.007414e-02 6.718540e-02 -3.774899e-01
<VARIANCE> 25
 5.218914e+01 4.108251e+01 4.340260e+01 5.883289e+01 4.688532e+01 5.325947e+01 4.683040e+01 5.012657e+01 3.821465e+01 3.955940e+01 3.255724e+01 3.091413e+01 3.298201e+00 1.830428e+00 2.090480e+00 1.801428e+00 2.157651e+00 2.603733e+00 2.487952e+00 2.579698e+00 2.437702e+00 2.248397e+00 2.086865e+00 1.835078e+00 9.231223e-01
<GCONST> 1.009548e+02
<STATE> 4
<MEAN> 25
 -5.954898e+00 -6.216034e-01 3.839762e+00 2.068536e+00 -2.415383e-02 1.083692e+00 2.338372e+00 1.063052e-01 2.235360e+00 -1.869064e+00 1.347756e+00 2.632339e+00 2.347086e+00 -9.470872e-01 2.575086e-01 -4.234056e-01 -1.064114e+00 -1.144114e-01 -1.000246e+00 -5.380199e-01 -1.487738e-01 1.113952e-01 -4.910643e-01 -4.477761e-01 5.962239e-01
<VARIANCE> 25
 7.586080e+01 1.261757e+02 1.366871e+02 6.513291e+01 8.003487e+01 1.293447e+02 6.386631e+01 6.308896e+01 4.945976e+01 4.794372e+01 4.626432e+01 3.565850e+01 8.510931e+00 7.540446e+00 8.368327e+00 5.262867e+00 5.847856e+00 6.980148e+00 5.851545e+00 5.556438e+00 5.328221e+00 5.189194e+00 4.265975e+00 3.734481e+00 3.513645e+00
<GCONST> 1.194156e+02
<TRANSP> 5
 0.000000e+00 1.000000e+00 0.000000e+00 0.000000e+00 0.000000e+00
 0.000000e+00 6.800145e-01 3.199855e-01 0.000000e+00 0.000000e+00
 0.000000e+00 0.000000e+00 7.768310e-01 2.231690e-01 0.000000e+00
 0.000000e+00 0.000000e+00 0.000000e+00 6.728235e-01 3.271764e-01
 0.000000e+00 0.000000e+00 0.000000e+00 0.000000e+00 0.000000e+00
<ENDHMM>
~h "t"
<BEGINHMM>
<NUMSTATES> 5
<STATE> 2
<MEAN> 25
 -2.616453e+00 3.230975e+00 -8.002664e-01 3.184382e+00 1.258541e+00 8.409801e-01 1.330112e+00 -1.770336e-01 1.386794e+00 -2.302454e-01 1.157741e+00 1.906980e+00 -1.098264e+00 -2.424070e-01 -4.464880e-01 -2.460718e-01 2.659772e-01 2.205277e-01 4.160096e-01 1.080608e-01 5.793776e-01 -1.165074e-01 3.577713e-01 3.221073e-01 -3.726001e-01
<VARIANCE> 25
 3.732607e+01 2.511484e+01 3.504410e+01 3.354604e+01 3.726526e+01 4.706227e+01 3.553812e+01 3.689936e+01 4.269150e+01 3.130289e+01 3.567613e+01 2.509578e+01 2.672008e+00 3.254068e+00 2.822543e+00 3.355013e+00 3.648781e+00 5.121726e+00 3.581273e+00 3.656222e+00 3.845899e+00 3.075606e+00 3.286183e+00 2.336343e+00 5.791415e+00
<GCONST> 1.046789e+02
<STATE> 3
<MEAN> 25
 -4.697570e+00 -6.080610e-02 -1.638167e+00 7.333870e-01 1.717906e+00 -7.931824e-01 2.345394e+00 1.788004e-01 2.650736e+00 -3.872977e-01 1.317373e+00 2.370800e+00 5.903014e-01 -1.679193e+00 1.178897e-01 -1.634426e+00 -6.003549e-01 -1.537980e+00 -6.211212e-01 1.012107e-02 6.442251e-01 1.493220e-02 -1.141158e-01 -5.185554e-01 3.186785e+00
<VARIANCE> 25
 3.271203e+01 3.936773e+01 3.469256e+01 4.031222e+01 4.595873e+01 6.421918e+01 3.840612e+01 4.120020e+01 3.973519e+01 3.576201e+01 3.658155e+01 2.801323e+01 5.135964e+00 5.098016e+00 5.262604e+00 5.414840e+00 6.464962e+00 7.955897e+00 6.322509e+00 6.404868e+00 6.436743e+00 5.155766e+00 5.538134e+00 4.319049e+00 6.426705e+00
<GCONST> 1.126925e+02
<STATE> 4
<MEAN> 25
 -7.449033e-01 -2.013603e+00 -9.732638e-01 -2.254011e+00 -3.379835e-01 -3.988229e+00 -1.272454e+00 -1.811487e-01 3.229537e+00 -7.708023e-02 -3.817226e-02 1.179981e-01 1.912305e+00 -6.450359e-01 2.556457e-01 -1.091254e+00 -8.231569e-01 -7.184909e-01 -1.561698e+00 -2.466081e-01 -1.828278e-01 4.307457e-01 -2.662917e-01 -1.070922e+00 2.019392e+00
<VARIANCE> 25
 3.637870e+01 4.024558e+01 4.787914e+01 4.312276e+01 5.325624e+01 6.890876e+01 5.822380e+01 5.559603e+01 5.086383e+01 4.851226e+01 4.138434e+01 3.638300e+01 4.665864e+00 5.064775e+00 6.150703e+00 6.022869e+00 6.400489e+00 7.775710e+00 7.622557e+00 7.452955e+00 7.600288e+00 6.277214e+00 6.304623e+00 4.708022e+00 4.324712e+00
<GCONST> 1.157287e+02
<TRANSP> 5
 0.000000e+00 1.000000e+00 0.000000e+00 0.000000e+00 0.000000e+00
 0.000000e+00 6.307593e-01 3.692407e-01 0.000000e+00 0.000000e+00
 0.000000e+00 0.000000e+00 3.637114e-01 6.362886e-01 0.000000e+00
 0.000000e+00 0.000000e+00 0.000000e+00 2.598140e-01 7.401860e-01
 0.000000e+00 0.000000e+00 0.000000e+00 0.000000e+00 0.000000e+00
<ENDHMM>
~h "u"
<BEGINHMM>
<NUMSTATES> 5
<STATE> 2
<MEAN> 25
 5.514517e+00 2.415057e+00 -1.167626e+00 -3.472739e+00 -1.459261e+00 -1.361007e+00 -6.946542e+00 -4.775093e+00 -1.781133e+00 7.063103e-01 2.040936e+00 -5.995154e-01 1.192054e+00 4.397575e-01 -4.330420e-01 -1.325023e+00 -4.579147e-01 7.436636e-01 -1.021374e+00 -1.070300e+00 -8.409597e-01 4.891731e-01 9.053927e-01 -6.588008e-02 4.186692e-01
<VARIANCE> 25
 2.397468e+01 3.761583e+01 4.007208e+01 6.415253e+01 5.179019e+01 6.092159e+01 6.608910e+01 5.476118e+01 5.624522e+01 5.826717e+01 4.563097e+01 3.667589e+01 2.824075e+00 3.305768e+00 3.650270e+00 5.045516e+00 5.479853e+00 5.851650e+00 5.326525e+00 5.598488e+00 5.778259e+00 5.049223e+00 4.143423e+00 3.405419e+00 1.928396e+00
<GCONST> 1.110586e+02
<STATE> 3
<MEAN> 25
 6.740354e+00 2.479159e+00 -2.469465e+00 -5.899137e+00 -1.627172e+00 1.585422e+00 -8.231884e+00 -7.044694e+00 -2.994682e+00 1.634441e+00 4.000487e+00 -4.285646e-01 6.524171e-02 3.455460e-01 -1.028544e-01 2.691244e-01 5.003912e-02 3.221250e-01 4.379243e-01 -2.543590e-02 -1.078571e-01 -1.401102e-01 -1.749967e-01 1.813337e-01 -4.695614e-01
<VARIANCE> 25
 1.971664e+01 3.465765e+01 4.092046e+01 7.044118e+01 5.518634e+01 6.079250e+01 5.862164e+01 6.326767e+01 6.370694e+01 6.574521e+01 5.492492e+01 3.956669e+01 7.714377e-01 2.233099e+00 2.079735e+00 4.590953e+00 3.417110e+00 3.756080e+00 4.286344e+00 3.911479e+00 4.586067e+00 4.093773e+00 3.687004e+00 3.106222e+00 1.494956e+00
<GCONST> 1.067456e+02
<STATE> 4
<MEAN> 25
 5.324328e+00 5.540543e+00 -1.795551e+00 -3.762693e+00 -1.694550e+00 1.014648e+00 -3.855535e+00 -4.773909e+00 -3.748022e+00 -5.519012e-01 2.177710e+00 1.314599e+00 -4.789506e-01 4.499718e-02 2.008041e-01 6.665155e-01 3.524110e-01 5.669334e-02 4.998875e-01 3.640297e-01 2.665128e-01 -1.137947e-01 -3.115102e-01 6.225981e-02 -4.912694e-01
<VARIANCE> 25
 2.244297e+01 3.105372e+01 3.071256e+01 5.882530e+01 4.030038e+01 4.429347e+01 4.055368e+01 3.837010e+01 4.554209e+01 4.824851e+01 3.805149e+01 3.468019e+01 6.971844e-01 1.132914e+00 1.319644e+00 2.148859e+00 1.998261e+00 2.173127e+00 2.268053e+00 2.276122e+00 2.402380e+00 2.385341e+00 2.156151e+00 1.828451e+00 6.270673e-01
<GCONST> 9.627720e+01
<TRANSP> 5
 0.000000e+00 1.000000e+00 0.000000e+00 0.000000e+00 0.000000e+00
 0.000000e+00 4.091125e-01 5.908875e-01 0.000000e+00 0.000000e+00
 0.000000e+00 0.000000e+00 5.437483e-01 4.562517e-01 0.000000e+00
 0.000000e+00 0.000000e+00 0.000000e+00 7.499585e-01 2.500415e-01
 0.000000e+00 0.000000e+00 0.000000e+00 0.000000e+00 0.000000e+00
<ENDHMM>
~h "v"
<BEGINHMM>
<NUMSTATES> 5
<STATE> 2
<MEAN> 25
 -3.974435e+00 1.989407e-01 1.170974e+00 2.584179e+00 3.112641e+00 2.248144e+00 1.210594e+00 9.353487e-02 -1.306583e+00 -7.955002e-01 1.075201e-01 -6.860002e-02 -2.375022e-01 -1.689970e-02 6.880730e-03 9.014852e-02 1.739859e-01 1.509944e-01 4.947960e-02 1.930579e-02 -4.451440e-02 -6.842691e-02 -3.645778e-02 5.924597e-03 -1.063522e-01
<VARIANCE> 25
 1.419248e+01 1.490436e+01 1.102827e+01 1.304183e+01 1.572694e+01 2.078945e+01 2.043088e+01 2.227152e+01 1.984976e+01 2.066580e+01 2.598682e+01 1.858660e+01 5.445675e-01 5.349091e-01 7.202191e-01 8.294580e-01 1.253217e+00 1.648100e+00 1.710098e+00 1.556595e+00 1.620766e+00 1.633705e+00 1.799911e+00 1.313820e+00 1.475516e-01
<GCONST> 8.025343e+01
<STATE> 3
<MEAN> 25
 -4.609511e+00 -3.684168e+00 -1.663040e-01 3.707400e+00 1.222066e+00 3.718702e+00 7.726267e-01 1.158587e+00 1.986183e+00 -1.888427e+00 6.185089e-01 7.124333e-01 5.247315e-01 -1.657774e-01 -6.279501e-01 -4.327273e-01 -3.636290e-01 -5.975980e-01 -4.054849e-01 -1.728393e-01 4.818811e-01 1.141208e-01 -1.913806e-01 -3.006686e-01 7.269692e-02
<VARIANCE> 25
 2.838900e+01 4.964504e+01 2.241540e+01 4.122208e+01 3.156355e+01 6.027843e+01 2.503303e+01 3.090248e+01 2.609203e+01 3.323131e+01 1.538405e+01 1.968173e+01 2.414464e+00 2.841747e+00 1.065251e+00 2.234382e+00 2.237210e+00 3.360112e+00 2.216747e+00 2.228081e+00 2.786298e+00 2.659088e+00 2.007183e+00 1.535484e+00 5.629665e-01
<GCONST> 9.566791e+01
<STATE> 4
<MEAN> 25
 4.385832e+00 -1.566688e+00 -5.260078e-01 3.219171e+00 -1.579478e+00 -1.681918e+00 1.864202e-01 -3.637707e-01 -2.302626e+00 -3.691053e+00 2.377667e+00 1.127507e+00 1.559271e+00 3.437347e-01 -5.091243e-01 -5.409478e-01 -3.675203e-01 -9.956304e-01 -1.979901e-01 -3.620552e-01 -5.918617e-01 1.306467e-01 1.264966e-01 -5.781651e-02 5.808467e-01
<VARIANCE> 25
 6.440105e+01 2.613023e+01 3.393148e+01 4.678567e+01 1.016799e+02 6.391206e+01 3.445389e+01 3.744683e+01 8.765341e+01 4.820568e+01 2.149716e+01 2.759434e+01 4.661207e+00 3.821221e+00 3.883643e+00 4.129967e+00 6.622626e+00 7.290376e+00 3.369477e+00 3.327652e+00 7.116850e+00 3.560223e+00 2.581812e+00 2.663516e+00 1.670418e+00
<GCONST> 1.090438e+02
<TRANSP> 5
 0.000000e+00 1.000000e+00 0.000000e+00 0.000000e+00 0.000000e+00
 0.000000e+00 8.777316e-01 1.222684e-01 0.000000e+00 0.000000e+00
 0.000000e+00 0.000000e+00 4.310439e-01 5.689562e-01 0.000000e+00
 0.000000e+00 0.000000e+00 0.000000e+00 6.279833e-01 3.720166e-01
 0.000000e+00 0.000000e+00 0.000000e+00 0.000000e+00 0.000000e+00
<ENDHMM>
~h "w"
<BEGINHMM>
<NUMSTATES> 5
<STATE> 2
<MEAN> 25
 7.513182e+00 6.114213e+00 -3.809355e+00 -7.064949e+00 -3.145145e+00 8.930197e-01 -2.071030e+00 -2.383458e+00 -3.235926e+00 -6.162609e-01 2.509787e+00 1.129780e+00 1.117385e+00 -3.279132e-01 -1.013769e+00 -1.702882e+00 -4.214764e-01 5.380364e-01 -4.250625e-01 -4.559936e-01 -2.981752e-01 2.567069e-01 8.835599e-01 -5.382166e-02 1.197752e+00
<VARIANCE> 25
 4.410387e+01 5.142725e+01 3.725214e+01 6.487051e+01 4.896600e+01 7.108620e+01 4.601583e+01 4.595021e+01 4.481718e+01 4.710913e+01 4.009698e+01 3.677869e+01 3.786854e+00 3.996979e+00 3.117588e+00 4.723540e+00 4.561767e+00 5.258199e+00 4.186573e+00 3.904565e+00 4.083166e+00 4.301825e+00 4.119703e+00 3.520717e+00 2.753311e+00
<GCONST> 1.101580e+02
<STATE> 3
<MEAN> 25
 9.112923e+00 1.247627e+00 -7.281200e+00 -1.277444e+01 -1.976364e+00 5.971748e+00 -4.575335e+00 -4.779589e+00 -2.442017e+00 3.971993e+00 6.776360e+00 -5.244925e-01 -2.215901e-01 -1.579426e+00 -3.063178e-01 -6.138916e-02 8.422293e-01 2.720089e-01 -5.777868e-01 2.478444e-01 1.363785e+00 1.155245e+00 -3.402418e-01 -1.514421e+00 8.440214e-01
<VARIANCE> 25
 1.939491e+01 2.837625e+01 2.758780e+01 5.265230e+01 4.251197e+01 6.167738e+01 5.079257e+01 4.523534e+01 4.595543e+01 5.538522e+01 4.688337e+01 4.152184e+01 5.468358e-01 2.160871e+00 1.328930e+00 2.720896e+00 2.383076e+00 3.393279e+00 3.196500e+00 3.133078e+00 3.701869e+00 3.576984e+00 3.803150e+00 3.584090e+00 9.386877e-01
<GCONST> 1.015447e+02
<STATE> 4
<MEAN> 25
 7.873286e+00 -3.877403e+00 -6.732804e+00 -9.053367e+00 8.971652e-01 3.977766e+00 -6.384439e+00 -1.818708e+00 3.599351e+00 3.432827e+00 1.719886e+00 -5.923383e+00 -4.540942e-01 -5.908465e-01 4.466153e-01 1.013691e+00 1.812972e-01 -8.485832e-01 4.522183e-01 8.471367e-01 4.645166e-01 -5.505323e-01 -1.107971e+00 -1.630987e-01 7.057789e-03
<VARIANCE> 25
 2.058194e+01 3.659231e+01 3.138429e+01 7.342272e+01 5.685995e+01 1.080221e+02 5.843477e+01 5.568757e+01 6.223143e+01 8.805233e+01 6.292617e+01 5.160719e+01 4.340814e-01 1.919800e+00 1.511481e+00 2.297798e+00 2.401460e+00 3.150043e+00 2.684791e+00 3.111984e+00 2.917170e+00 2.640843e+00 3.075638e+00 2.517354e+00 8.771329e-01
<GCONST> 1.029852e+02
<TRANSP> 5
 0.000000e+00 1.000000e+00 0.000000e+00 0.000000e+00 0.000000e+00
 0.000000e+00 5.866043e-01 4.133957e-01 0.000000e+00 0.000000e+00
 0.000000e+00 0.000000e+00 6.318567e-01 3.681433e-01 0.000000e+00
 0.000000e+00 0.000000e+00 0.000000e+00 6.673597e-01 3.326403e-01
 0.000000e+00 0.000000e+00 0.000000e+00 0.000000e+00 0.000000e+00
<ENDHMM>
~h "y"
<BEGINHMM>
<NUMSTATES> 5
<STATE> 2
<MEAN> 25
 8.460358e-01 -1.418821e-01 1.047096e+01 -3.167561e+00 -7.713612e+00 -3.640046e+00 -2.165228e+00 -2.657623e+00 -3.246987e+00 1.133481e+00 1.304811e+00 3.500405e-01 1.982351e-01 -5.586777e-01 5.248558e-01 -4.688566e-01 -1.157331e+00 -6.224418e-01 2.236282e-01 2.767057e-01 -1.601581e-01 2.741955e-01 4.981003e-01 6.040617e-02 8.844351e-01
<VARIANCE> 25
 3.333633e+01 5.441681e+01 8.565009e+01 1.090812e+02 7.993559e+01 6.436884e+01 6.592188e+01 7.137340e+01 6.353282e+01 6.478750e+01 5.712080e+01 4.086901e+01 2.340051e+00 3.646212e+00 6.791102e+00 5.913826e+00 5.562011e+00 4.954715e+00 5.378764e+00 5.709980e+00 4.844794e+00 4.659059e+00 3.917336e+00 3.110920e+00 2.753428e+00
<GCONST> 1.148807e+02
<STATE> 3
<MEAN> 25
 1.779190e+00 -4.580278e+00 9.557525e+00 -4.768135e+00 -1.217257e+01 -7.613073e+00 2.476828e-01 3.220067e+00 -2.617641e+00 1.722085e+00 3.965707e+00 3.818567e-02 2.924834e-01 -1.017238e+00 -1.502551e+00 8.903885e-02 7.315958e-01 -2.214248e-01 7.461020e-01 1.546383e+00 8.065147e-01 -4.423392e-01 -7.265716e-01 -2.543617e-01 3.384834e-01
<VARIANCE> 25
 2.088171e+01 2.663959e+01 4.687459e+01 4.272703e+01 4.359354e+01 4.321004e+01 5.220356e+01 6.494589e+01 4.860056e+01 4.843468e+01 4.908191e+01 2.724963e+01 3.467471e-01 1.415478e+00 2.553250e+00 1.756776e+00 2.774959e+00 2.212472e+00 2.605511e+00 3.198488e+00 3.280032e+00 2.847246e+00 3.182879e+00 2.056067e+00 4.378193e-01
<GCONST> 9.851363e+01
<STATE> 4
<MEAN> 25
 3.869522e+00 -7.574621e+00 7.571001e-01 -3.029392e+00 -5.436758e+00 -6.085589e+00 2.376818e+00 6.154102e+00 7.039090e-01 -1.504082e+00 -9.651907e-01 -9.964372e-01 1.284769e-01 -6.176575e-02 -7.735390e-01 1.328844e-01 9.506677e-01 4.622189e-01 -1.444090e-01 -8.826820e-02 2.359348e-01 -1.416415e-01 -6.218352e-01 -2.176727e-01 -2.066036e-01
<VARIANCE> 25
 2.742224e+01 3.369382e+01 3.954920e+01 4.014533e+01 4.294843e+01 4.236702e+01 5.201851e+01 6.588074e+01 4.361985e+01 4.141631e+01 5.097912e+01 3.189419e+01 2.762480e-01 6.816671e-01 1.413904e+00 1.146173e+00 2.077200e+00 1.486824e+00 1.709096e+00 1.876187e+00 1.797580e+00 1.820408e+00 2.082928e+00 1.495090e+00 2.625141e-01
<GCONST> 9.277448e+01
<TRANSP> 5
 0.000000e+00 1.000000e+00 0.000000e+00 0.000000e+00 0.000000e+00
 0.000000e+00 7.047843e-01 2.952157e-01 0.000000e+00 0.000000e+00
 0.000000e+00 0.000000e+00 6.779943e-01 3.220056e-01 0.000000e+00
 0.000000e+00 0.000000e+00 0.000000e+00 7.338573e-01 2.661427e-01
 0.000000e+00 0.000000e+00 0.000000e+00 0.000000e+00 0.000000e+00
<ENDHMM>
~h "z"
<BEGINHMM>
<NUMSTATES> 5
<STATE> 2
<MEAN> 25
 -6.519227e+00 1.641814e+00 1.104412e+01 2.066349e+00 -3.208416e+00 6.515296e+00 -2.451235e+00 -9.005672e+00 -2.759229e+00 -1.413914e+00 -9.482685e-01 1.181891e+00 6.522381e-02 -6.269127e-01 2.906897e-01 5.364391e-01 1.223135e-01 -3.558469e-02 -1.815016e-01 -3.633226e-01 6.490038e-02 -3.345827e-01 5.985202e-01 -7.429855e-02 7.323849e-01
<VARIANCE> 25
 7.373492e+01 1.460459e+02 1.126148e+02 1.400211e+02 1.474704e+02 2.180733e+02 6.161589e+01 1.038910e+02 7.272189e+01 5.334582e+01 4.126350e+01 6.622211e+01 6.956160e+00 5.920854e+00 7.424014e+00 1.025210e+01 8.085018e+00 8.789891e+00 5.232189e+00 6.271183e+00 6.744718e+00 5.396838e+00 3.274148e+00 3.992186e+00 3.510933e+00
<GCONST> 1.234418e+02
<STATE> 3
<MEAN> 25
 1.929517e+00 -7.584601e+00 1.330511e+01 1.036202e+01 2.254862e+00 8.333846e+00 -7.982081e+00 -1.064522e+01 2.913112e-01 -5.404626e+00 5.364993e-01 1.045092e-01 2.620096e-01 -7.610436e-02 -4.194237e-01 -3.644394e-01 -4.169957e-01 -1.945513e-01 4.765752e-02 1.106321e-01 2.373015e-01 -6.127776e-02 1.759249e-01 3.588800e-01 2.616667e-01
<VARIANCE> 25
 2.042624e+01 4.318064e+01 1.144944e+02 6.718811e+01 6.233868e+01 1.197959e+02 5.311570e+01 5.470438e+01 5.085267e+01 6.661861e+01 5.264111e+01 5.513969e+01 2.200974e+00 2.265957e+00 9.978974e+00 3.430339e+00 2.712090e+00 8.976789e+00 3.531196e+00 4.174272e+00 3.840626e+00 5.782570e+00 3.934264e+00 2.991267e+00 1.642308e+00
<GCONST> 1.117562e+02
<STATE> 4
<MEAN> 25
 7.233877e+00 -4.215293e+00 -4.511890e+00 -1.396713e-01 -4.462512e+00 -1.115961e+00 -3.185354e+00 -4.299773e+00 1.038228e+00 -6.317976e+00 3.126193e+00 3.608265e+00 1.156544e-01 1.402535e-01 -6.002461e-01 -4.627022e-01 -1.564742e-01 -1.830693e-01 4.128388e-01 5.701528e-01 2.092509e-01 2.159797e-01 -1.787108e-01 -2.288879e-01 -2.588326e-01
<VARIANCE> 25
 2.125704e+01 7.734554e+01 3.846373e+01 3.984152e+01 7.447479e+01 5.659280e+01 3.567860e+01 3.900772e+01 3.607537e+01 8.417756e+01 1.253905e+02 3.446780e+01 2.899294e-01 1.049395e+00 2.155062e+00 1.895348e+00 1.943409e+00 2.033601e+00 1.655723e+00 2.294931e+00 1.909475e+00 3.286385e+00 1.714552e+00 1.187659e+00 6.763750e-01
<GCONST> 9.774442e+01
<TRANSP> 5
 0.000000e+00 1.000000e+00 0.000000e+00 0.000000e+00 0.000000e+00
 0.000000e+00 8.273783e-01 1.726217e-01 0.000000e+00 0.000000e+00
 0.000000e+00 0.000000e+00 8.919468e-01 1.080533e-01 0.000000e+00
 0.000000e+00 0.000000e+00 0.000000e+00 8.348308e-01 1.651692e-01
 0.000000e+00 0.000000e+00 0.000000e+00 0.000000e+00 0.000000e+00
<ENDHMM>
~h "ai"
<BEGINHMM>
<NUMSTATES> 5
<STATE> 2
<MEAN> 25
 5.202254e+00 -5.900897e+00 -1.036433e+00 -9.917959e-01 -5.050706e+00 -3.799420e+00 -1.410810e+00 4.839433e+00 5.584194e+00 -3.227994e+00 -4.910648e+00 -5.094600e-01 -1.941189e-01 6.939603e-02 6.215168e-01 -8.241700e-02 -1.560995e-01 4.613899e-02 2.693730e-01 -3.706757e-01 -4.415213e-01 3.219835e-01 5.772869e-01 3.217880e-01 -8.968756e-02
<VARIANCE> 25
 1.343472e+01 2.000109e+01 2.548811e+01 6.544854e+00 1.717685e+01 1.105559e+02 2.030246e+01 1.155043e+02 1.150544e+02 1.405212e+01 4.800851e+01 1.569850e+01 2.094897e-01 9.671597e-01 1.620085e+00 4.617923e-01 1.648744e+00 1.039515e+00 1.029166e+00 1.651753e+00 2.328143e+00 1.056278e+00 1.899907e+00 2.217451e+00 4.637752e-01
<GCONST> 8.673205e+01
<STATE> 3
<MEAN> 25
 1.807549e+00 -1.434199e-01 3.530125e+00 -1.418639e+00 -3.693960e+00 -5.865380e-02 3.473318e-01 2.833649e+00 6.823177e+00 6.852923e+00 5.268960e-01 -9.924367e-01 -5.063075e-01 7.161219e-01 -3.810175e-01 2.646102e-01 6.338770e-01 4.244639e-01 1.277948e-01 -7.643273e-01 1.959174e-01 2.955201e-01 -3.670252e-01 -2.086168e-01 -7.156830e-01
<VARIANCE> 25
 2.362209e+01 1.614521e+01 5.318994e+01 1.238830e+01 2.043170e+01 2.797590e+01 2.717064e+01 1.140295e+02 5.692850e+01 1.756658e+01 1.826982e+01 8.370496e+00 2.989449e-01 1.996564e+00 1.032494e+00 1.324902e+00 2.735951e+00 1.422682e+00 2.161401e+00 1.182793e+00 1.709796e+00 1.462557e+00 1.524596e+00 5.332891e-01 9.207242e-01
<GCONST> 8.742805e+01
<STATE> 4
<MEAN> 25
 -6.029408e+00 -7.271547e+00 3.137118e+00 3.140008e+00 4.113837e+00 2.637397e+00 8.153284e+00 -2.471021e-01 -5.705360e-01 5.261332e+00 -3.214312e+00 -1.502481e+00 -4.054583e-01 -5.086718e-02 2.167588e-01 3.837421e-01 -2.095138e-01 7.521350e-02 4.871511e-01 7.088799e-01 -6.898326e-01 -5.870188e-02 1.774663e-01 4.531150e-01 -5.259151e-01
<VARIANCE> 25
 2.114077e+01 1.906396e+01 8.956443e+00 8.714416e+00 2.777645e+01 1.593617e+01 2.056008e+01 6.391117e+01 4.283150e+01 8.319376e+01 1.464483e+01 1.190994e+01 2.983259e+00 6.397721e-01 8.784375e-01 6.736076e-01 2.026335e+00 1.928173e+00 2.586268e+00 1.609418e+00 1.798950e+00 3.945758e+00 1.861593e+00 1.302185e+00 2.108499e+00
<GCONST> 8.941866e+01
<TRANSP> 5
 0.000000e+00 1.000000e+00 0.000000e+00 0.000000e+00 0.000000e+00
 0.000000e+00 9.158125e-01 8.418754e-02 0.000000e+00 0.000000e+00
 0.000000e+00 0.000000e+00 8.755187e-01 1.244813e-01 0.000000e+00
 0.000000e+00 0.000000e+00 0.000000e+00 8.979818e-01 1.020182e-01
 0.000000e+00 0.000000e+00 0.000000e+00 0.000000e+00 0.000000e+00
<ENDHMM>
~h "au"
<BEGINHMM>
<NUMSTATES> 5
<STATE> 2
<MEAN> 25
 -2.206952e+01 1.031583e+01 -3.598890e+00 -5.711192e+00 1.035198e+01 2.519408e+00 -1.641092e+00 3.003159e+00 -1.552343e-01 4.530027e+00 2.218675e+00 -1.913209e+00 -2.830222e-01 5.211745e-01 2.030827e-01 1.357908e-01 4.039051e-01 2.375537e-02 2.988917e-01 1.153173e-01 -1.300154e-02 2.295896e-01 -6.321678e-04 -1.598788e-01 -3.411928e-01
<VARIANCE> 25
 1.145402e+02 5.403089e+01 1.249737e+01 2.557818e+01 3.718067e+01 1.510710e+01 2.100623e+01 2.692594e+01 1.413920e+01 2.292848e+01 1.042731e+01 1.500706e+01 9.192039e+00 1.756897e+00 1.039115e+00 3.900642e+00 1.571247e+00 8.799125e-01 2.308534e+00 6.791040e-01 9.514780e-01 1.040038e+00 1.097201e+00 8.575510e-01 6.860083e+00
<GCONST> 9.075711e+01
<STATE> 3
<MEAN> 25
 4.021397e-01 4.122805e+00 -2.534801e+00 5.527891e-01 2.570599e+00 -1.163171e+00 7.189931e+00 5.778442e+00 -1.419198e+00 3.181120e+00 2.153070e+00 -2.757259e+00 2.901924e+00 -2.150989e+00 -1.031037e+00 6.074883e-01 -1.274676e+00 -6.539913e-01 1.591558e+00 -3.208586e-01 -2.003582e+00 -9.649727e-01 3.519396e-01 8.212572e-01 2.677492e+00
<VARIANCE> 25
 1.364908e+02 7.663443e+01 2.446687e+01 2.594739e+01 6.785342e+01 5.635440e+01 5.499382e+01 2.191747e+01 3.672858e+01 3.179004e+01 1.135163e+01 2.421382e+01 1.115936e+01 7.226342e+00 2.139854e+00 2.783563e+00 2.916745e+00 7.228146e+00 3.985383e+00 1.198303e+00 1.164040e+00 1.201885e+00 1.134258e+00 3.276884e+00 8.803665e+00
<GCONST> 1.042884e+02
<STATE> 4
<MEAN> 25
 -3.215881e+00 2.322620e+00 -5.477179e+00 9.472498e-01 3.339686e+00 1.604827e-01 7.490020e+00 4.418916e+00 -6.013440e+00 -1.294082e+00 2.141090e+00 3.680210e+00 -1.016991e-01 -7.690595e-03 3.453324e-01 -2.186202e-01 -2.725034e-01 4.345706e-02 -3.034434e-01 -8.117516e-02 2.730663e-01 -1.026293e-01 -9.251515e-02 2.069093e-01 -1.498540e-02
<VARIANCE> 25
 1.038555e+02 6.043213e+01 6.945155e+01 5.691032e+01 6.396789e+01 7.094611e+01 4.008469e+01 3.093733e+01 5.533165e+01 5.026655e+01 1.823609e+01 2.207641e+01 8.683396e+00 8.300653e+00 4.664963e+00 3.099473e+00 5.830282e+00 7.939395e+00 4.953579e+00 1.815246e+00 4.472567e+00 3.894606e+00 1.864632e+00 2.702724e+00 9.022030e+00
<GCONST> 1.121003e+02
<TRANSP> 5
 0.000000e+00 1.000000e+00 0.000000e+00 0.000000e+00 0.000000e+00
 0.000000e+00 7.706042e-01 2.293958e-01 0.000000e+00 0.000000e+00
 0.000000e+00 0.000000e+00 6.079603e-01 3.920397e-01 0.000000e+00
 0.000000e+00 0.000000e+00 0.000000e+00 8.718132e-01 1.281868e-01
 0.000000e+00 0.000000e+00 0.000000e+00 0.000000e+00 0.000000e+00
<ENDHMM>
~h "aw"
<BEGINHMM>
<NUMSTATES> 5
<STATE> 2
<MEAN> 25
 5.721878e+00 -5.221065e+00 -6.280772e+00 -8.958155e+00 2.103289e+00 3.256957e+00 -1.148632e+00 1.581518e+00 1.940811e+00 1.750286e+00 -9.147072e-01 -4.632300e+00 2.868378e-01 1.653291e-01 -4.086738e-01 -6.924549e-01 1.865729e-01 6.621127e-01 -1.391588e-01 -2.006692e-01 -3.066957e-01 1.986098e-01 6.150359e-01 7.469318e-02 -8.981718e-02
<VARIANCE> 25
 1.812313e+01 3.588562e+01 2.660850e+01 4.582082e+01 5.741642e+01 5.402560e+01 5.340993e+01 4.525480e+01 5.346770e+01 5.321808e+01 5.464599e+01 4.165542e+01 5.296367e-01 1.118280e+00 1.406781e+00 1.853908e+00 2.295985e+00 2.346950e+00 2.390057e+00 2.796916e+00 2.083545e+00 2.233949e+00 2.306069e+00 1.888458e+00 5.243109e-01
<GCONST> 9.742671e+01
<STATE> 3
<MEAN> 25
 7.513432e+00 -7.762687e-01 -6.924803e+00 -1.242185e+01 -2.666491e-01 6.729864e+00 -3.132131e+00 -2.560665e+00 -9.002392e-01 2.833518e+00 3.171527e+00 -8.456634e-01 7.720040e-02 9.285873e-01 1.617885e-01 3.934996e-01 -2.571065e-01 -1.751467e-01 1.245199e-02 -3.445202e-01 -4.950496e-01 -3.620343e-01 4.324653e-02 5.338991e-01 -6.378869e-01
<VARIANCE> 25
 1.741580e+01 2.040799e+01 2.891726e+01 5.749249e+01 4.901168e+01 6.171161e+01 5.301236e+01 4.922155e+01 4.812424e+01 5.390303e+01 3.458091e+01 3.558542e+01 3.400780e-01 1.304481e+00 1.177221e+00 2.789693e+00 2.198315e+00 2.522447e+00 2.751448e+00 2.593414e+00 3.081703e+00 2.823762e+00 2.308992e+00 2.242510e+00 5.988477e-01
<GCONST> 9.744348e+01
<STATE> 4
<MEAN> 25
 6.446568e+00 4.671508e+00 -3.338097e+00 -7.050910e+00 -2.502510e+00 2.533697e+00 -1.804867e-01 -1.656725e+00 -2.907290e+00 -8.170136e-01 7.442222e-01 2.363641e-01 -4.643573e-01 2.901866e-01 5.609102e-01 1.050406e+00 2.019505e-01 -2.639790e-01 1.231117e-01 -1.405061e-02 1.023876e-01 -1.317480e-01 -2.428115e-01 1.698709e-02 -5.806316e-01
<VARIANCE> 25
 1.892320e+01 2.629775e+01 2.161618e+01 4.815679e+01 4.040293e+01 3.989569e+01 4.280644e+01 3.882430e+01 4.733675e+01 4.740519e+01 3.224958e+01 3.138599e+01 5.223354e-01 9.408434e-01 1.150504e+00 1.926259e+00 2.109544e+00 1.993509e+00 2.331184e+00 2.094196e+00 2.281286e+00 2.380739e+00 1.948380e+00 1.726838e+00 4.635364e-01
<GCONST> 9.378534e+01
<TRANSP> 5
 0.000000e+00 1.000000e+00 0.000000e+00 0.000000e+00 0.000000e+00
 0.000000e+00 7.022472e-01 2.977528e-01 0.000000e+00 0.000000e+00
 0.000000e+00 0.000000e+00 7.063615e-01 2.936385e-01 0.000000e+00
 0.000000e+00 0.000000e+00 0.000000e+00 7.925810e-01 2.074190e-01
 0.000000e+00 0.000000e+00 0.000000e+00 0.000000e+00 0.000000e+00
<ENDHMM>
~h "ay"
<BEGINHMM>
<NUMSTATES> 5
<STATE> 2
<MEAN> 25
 2.951090e+00 -1.049143e+01 -2.818980e+00 -4.448296e+00 -1.608490e+00 -2.934895e+00 1.156851e+00 6.946572e+00 4.509953e+00 -2.247173e+00 -2.718604e+00 -4.221386e+00 -3.667199e-01 -1.430164e-01 1.347672e+00 2.641202e-01 -1.436688e+00 -1.212952e+00 6.606447e-01 1.024493e+00 -7.989330e-01 -4.602780e-01 6.670742e-01 6.612189e-01 1.530034e-01
<VARIANCE> 25
 2.439727e+01 2.577574e+01 4.347568e+01 3.102483e+01 5.171389e+01 5.981573e+01 5.440657e+01 5.736639e+01 6.853233e+01 3.921223e+01 4.442918e+01 3.756451e+01 4.505444e-01 1.118704e+00 1.718986e+00 1.625669e+00 2.642957e+00 2.670170e+00 2.464429e+00 3.461955e+00 2.518953e+00 2.831821e+00 3.093346e+00 2.117647e+00 3.496660e-01
<GCONST> 9.823092e+01
<STATE> 3
<MEAN> 25
 1.705468e+00 -6.797289e+00 7.689574e+00 -4.325058e+00 -1.155352e+01 -8.013845e+00 2.442575e+00 5.331279e+00 -1.859747e+00 7.277523e-01 4.245526e+00 -3.831577e-01 -2.764834e-01 1.072374e+00 1.471110e+00 -1.676132e-01 -7.156588e-01 7.883450e-02 -5.109295e-01 -1.213466e+00 -8.899715e-01 5.256010e-01 5.649881e-01 2.904691e-01 -4.717851e-01
<VARIANCE> 25
 2.377174e+01 2.030017e+01 4.563580e+01 4.044018e+01 4.491684e+01 4.446387e+01 5.910181e+01 6.910057e+01 4.850453e+01 4.544880e+01 5.170137e+01 2.660040e+01 2.915441e-01 9.188811e-01 1.669928e+00 1.509307e+00 2.204798e+00 1.734114e+00 2.461647e+00 2.625911e+00 3.427254e+00 2.447376e+00 2.598745e+00 1.862208e+00 2.673413e-01
<GCONST> 9.568457e+01
<STATE> 4
<MEAN> 25
 9.503201e-01 5.055892e-02 9.429643e+00 -2.636238e+00 -8.358767e+00 -5.374352e+00 -1.707182e+00 2.631241e-01 -3.646659e+00 5.122269e-01 2.132195e+00 1.164252e+00 1.695974e-01 8.727407e-01 -8.170401e-01 9.180189e-01 9.543417e-01 6.449741e-01 -2.166808e-02 -2.919652e-01 5.368514e-02 -2.271280e-01 -5.466027e-01 1.038425e-02 -1.159740e+00
<VARIANCE> 25
 1.626859e+01 3.441746e+01 5.003095e+01 5.898656e+01 4.622903e+01 4.839332e+01 4.894715e+01 6.264266e+01 4.619526e+01 5.143665e+01 5.099021e+01 3.408529e+01 7.670528e-01 1.364383e+00 2.225514e+00 2.216278e+00 2.511853e+00 2.705776e+00 3.096629e+00 3.301285e+00 3.244976e+00 2.841552e+00 2.642263e+00 2.162340e+00 9.492734e-01
<GCONST> 1.010342e+02
<TRANSP> 5
 0.000000e+00 1.000000e+00 0.000000e+00 0.000000e+00 0.000000e+00
 0.000000e+00 7.335746e-01 2.664254e-01 0.000000e+00 0.000000e+00
 0.000000e+00 0.000000e+00 7.189225e-01 2.810775e-01 0.000000e+00
 0.000000e+00 0.000000e+00 0.000000e+00 7.794457e-01 2.205543e-01
 0.000000e+00 0.000000e+00 0.000000e+00 0.000000e+00 0.000000e+00
<ENDHMM>
~h "kh"
<BEGINHMM>
<NUMSTATES> 5
<STATE> 2
<MEAN> 25
 6.223713e-01 -4.398468e+00 -1.682248e+00 3.251859e+00 4.363443e+00 1.382888e-01 4.549156e+00 2.796759e+00 8.731250e-01 -3.407770e+00 -2.499769e+00 1.439314e+00 -7.994602e-01 7.167608e-01 1.100211e+00 3.886344e-01 -2.895932e-01 3.724102e-01 6.745382e-01 2.526799e-01 -7.940952e-01 4.548960e-01 7.228369e-01 3.794273e-01 -9.552916e-01
<VARIANCE> 25
 1.265231e+01 2.980914e+01 3.611248e+01 2.702031e+01 4.027415e+01 4.283260e+01 2.928519e+01 3.947222e+01 3.006778e+01 2.610639e+01 2.387430e+01 2.772105e+01 1.075832e+00 2.171549e+00 1.694554e+00 3.114954e+00 2.583072e+00 3.436003e+00 3.765458e+00 2.668140e+00 2.226226e+00 2.960806e+00 4.334085e+00 2.445021e+00 2.216723e+00
<GCONST> 9.847420e+01
<STATE> 3
<MEAN> 25
 -2.995050e+00 -2.051350e+00 2.555681e+00 2.267061e+00 2.672782e+00 7.181194e-01 6.362325e+00 1.891045e+00 -8.389532e-01 -9.052382e-02 7.340291e-01 1.112305e+00 -8.992940e-01 4.059139e-01 1.338578e+00 -3.796171e-01 -6.791565e-01 -2.785460e-01 2.252944e-01 -1.307342e+00 -1.035559e-01 1.158543e+00 8.221200e-01 2.279273e-01 4.816370e-02
<VARIANCE> 25
 2.601969e+01 2.652309e+01 4.461071e+01 2.771912e+01 5.494107e+01 5.310011e+01 3.505251e+01 4.508605e+01 3.340137e+01 2.290147e+01 2.794049e+01 2.098630e+01 1.479661e+00 2.517108e+00 2.995001e+00 2.469886e+00 3.539837e+00 4.239144e+00 2.881199e+00 2.658587e+00 3.700180e+00 2.991769e+00 2.823364e+00 2.405730e+00 1.236801e+00
<GCONST> 1.005545e+02
<STATE> 4
<MEAN> 25
 -5.756888e+00 -2.892522e+00 3.780890e+00 2.298310e-01 1.805209e+00 7.382470e-01 6.236462e+00 -2.257298e+00 7.322618e-01 2.203308e+00 1.342919e+00 3.195738e+00 6.020806e-01 2.128646e-01 1.326865e+00 -9.325626e-01 -1.291773e+00 -1.276821e+00 -1.117942e+00 -1.114979e+00 -7.691786e-01 1.281870e-01 1.307482e-01 -1.562798e-01 1.113512e+00
<VARIANCE> 25
 3.847297e+01 4.617320e+01 3.895334e+01 5.582269e+01 4.950026e+01 5.920344e+01 4.454404e+01 3.983247e+01 3.814114e+01 3.171868e+01 2.816599e+01 2.567862e+01 4.189371e+00 3.980415e+00 5.253380e+00 3.242047e+00 5.471861e+00 5.562407e+00 4.584038e+00 3.723868e+00 4.050768e+00 3.725364e+00 3.903639e+00 3.265195e+00 3.504357e+00
<GCONST> 1.086752e+02
<TRANSP> 5
 0.000000e+00 1.000000e+00 0.000000e+00 0.000000e+00 0.000000e+00
 0.000000e+00 5.851800e-01 4.148200e-01 0.000000e+00 0.000000e+00
 0.000000e+00 0.000000e+00 5.097398e-01 4.902603e-01 0.000000e+00
 0.000000e+00 0.000000e+00 0.000000e+00 5.556678e-01 4.443322e-01
 0.000000e+00 0.000000e+00 0.000000e+00 0.000000e+00 0.000000e+00
<ENDHMM>
~h "ng"
<BEGINHMM>
<NUMSTATES> 5
<STATE> 2
<MEAN> 25
 5.299666e+00 -8.461216e-01 -1.110327e+00 -1.402229e+00 -1.125676e+00 1.954309e+00 -1.112838e-01 -2.787104e+00 -2.080549e+00 7.604681e-01 -1.254073e+00 -2.799105e+00 -1.556126e-02 9.683278e-01 6.608935e-01 8.335819e-01 -4.555125e-01 3.891748e-01 4.213288e-01 -1.122621e+00 -5.081956e-01 3.272728e-02 -2.571377e-01 3.488468e-01 -8.640816e-01
<VARIANCE> 25
 1.674183e+01 3.334692e+01 3.685378e+01 3.407143e+01 4.493011e+01 4.955653e+01 4.193989e+01 4.010793e+01 4.695958e+01 4.489054e+01 3.610068e+01 3.359890e+01 5.257444e-01 1.094799e+00 2.335936e+00 2.095859e+00 2.828219e+00 2.545477e+00 2.796267e+00 3.062770e+00 3.232478e+00 2.836463e+00 2.786226e+00 2.210084e+00 5.068752e-01
<GCONST> 9.780917e+01
<STATE> 3
<MEAN> 25
 5.037478e+00 1.580034e+00 1.511275e+00 -2.299047e-01 -3.091440e+00 2.793633e+00 9.163969e-01 -4.817732e+00 -2.885265e+00 9.603604e-01 -1.942422e+00 -1.928602e+00 -1.045222e-01 6.338432e-01 2.161150e-01 4.035200e-01 7.180739e-02 -1.612279e-02 1.200525e-01 -1.459784e-01 -1.039620e-01 -1.457033e-01 -1.437485e-01 8.462972e-02 -4.864654e-01
<VARIANCE> 25
 1.323535e+01 3.038909e+01 3.113079e+01 3.186015e+01 3.732677e+01 4.545585e+01 3.946785e+01 3.875324e+01 4.518149e+01 3.967308e+01 3.096843e+01 2.686174e+01 3.020709e-01 7.814257e-01 1.116996e+00 1.149006e+00 1.506390e+00 1.426588e+00 1.553687e+00 1.684373e+00 1.673079e+00 1.642799e+00 1.479768e+00 1.305762e+00 3.795549e-01
<GCONST> 8.906144e+01
<STATE> 4
<MEAN> 25
 2.096166e+00 3.737191e+00 1.691543e+00 1.510209e+00 -9.087546e-02 1.181041e+00 4.853009e-01 -2.370081e+00 -1.677282e+00 -7.984796e-01 -1.449869e+00 -7.034343e-01 -3.404279e-01 -2.852160e-02 -7.824393e-02 1.289445e-01 3.471913e-01 -1.156401e-01 2.504168e-02 3.220106e-01 1.767609e-01 -3.140353e-02 1.335099e-01 9.607513e-02 -1.839283e-01
<VARIANCE> 25
 1.836057e+01 2.552419e+01 2.780830e+01 2.828787e+01 3.361883e+01 3.243643e+01 3.315283e+01 3.538885e+01 3.526128e+01 3.196047e+01 2.883340e+01 2.496460e+01 6.017616e-01 9.350343e-01 1.284585e+00 1.436385e+00 1.958585e+00 1.924724e+00 1.931809e+00 2.271825e+00 2.164580e+00 2.106881e+00 1.891968e+00 1.666901e+00 4.910801e-01
<GCONST> 9.123111e+01
<TRANSP> 5
 0.000000e+00 1.000000e+00 0.000000e+00 0.000000e+00 0.000000e+00
 0.000000e+00 4.207442e-01 5.792559e-01 0.000000e+00 0.000000e+00
 0.000000e+00 0.000000e+00 5.979432e-01 4.020567e-01 0.000000e+00
 0.000000e+00 0.000000e+00 0.000000e+00 6.780673e-01 3.219328e-01
 0.000000e+00 0.000000e+00 0.000000e+00 0.000000e+00 0.000000e+00
<ENDHMM>
~h "ny"
<BEGINHMM>
<NUMSTATES> 5
<STATE> 2
<MEAN> 25
 2.823393e+00 2.275777e+00 7.183927e+00 -2.754755e+00 -4.288938e+00 -1.045654e+00 -7.142975e-01 -2.840086e+00 -4.088428e+00 7.560372e-01 5.199488e-01 -4.510101e-01 -4.414023e-01 -9.903758e-01 1.139539e+00 -1.203400e+00 -1.184456e+00 3.651296e-02 5.459200e-01 7.983218e-01 -5.755378e-01 7.799655e-02 3.941931e-01 -1.929352e-01 9.678200e-01
<VARIANCE> 25
 2.027716e+01 4.654665e+01 4.957275e+01 7.074549e+01 4.962636e+01 5.319389e+01 4.973153e+01 5.905014e+01 4.792955e+01 5.431972e+01 4.231652e+01 3.742958e+01 1.821697e+00 4.029647e+00 4.216877e+00 5.642296e+00 4.265877e+00 4.968801e+00 4.704331e+00 6.180008e+00 4.135075e+00 4.705579e+00 3.635844e+00 2.847559e+00 1.868842e+00
<GCONST> 1.095725e+02
<STATE> 3
<MEAN> 25
 1.625588e+00 -4.782980e+00 8.781381e+00 -4.674745e+00 -8.907508e+00 -2.295190e+00 2.624942e+00 3.888922e+00 -5.024881e+00 -1.081774e+00 1.539103e+00 -9.582327e-01 1.545807e-01 -1.383329e+00 -9.472142e-01 5.231594e-01 2.093475e-01 -5.790687e-01 2.283436e-01 1.427470e+00 5.222198e-01 -8.934572e-01 -5.086536e-01 3.158002e-02 5.521460e-01
<VARIANCE> 25
 1.972688e+01 2.871629e+01 4.316039e+01 4.575681e+01 4.741610e+01 4.760576e+01 5.473816e+01 6.872198e+01 4.596014e+01 5.344467e+01 3.904803e+01 3.775972e+01 4.461693e-01 1.623150e+00 1.738544e+00 2.119075e+00 2.638837e+00 2.605885e+00 2.690465e+00 2.843349e+00 2.889726e+00 2.468705e+00 2.545322e+00 1.979741e+00 5.387036e-01
<GCONST> 9.883928e+01
<STATE> 4
<MEAN> 25
 2.456697e+00 -7.449091e+00 3.377851e+00 -1.547611e+00 -3.850717e+00 -3.538301e+00 4.443884e-01 6.908329e+00 -2.446228e+00 -5.197219e+00 -1.927684e+00 -7.973904e-01 1.511481e-01 7.029712e-02 -8.767452e-01 4.224199e-01 8.702958e-01 4.451510e-02 -3.621219e-01 -9.730265e-02 5.083303e-01 -2.551860e-02 -5.276880e-01 -1.029851e-01 -3.468806e-01
<VARIANCE> 25
 1.817274e+01 3.149134e+01 2.864519e+01 4.348945e+01 4.798419e+01 4.238475e+01 5.271568e+01 5.928881e+01 5.059036e+01 5.391688e+01 4.562586e+01 2.908436e+01 3.596996e-01 1.063470e+00 1.390359e+00 1.460479e+00 1.907373e+00 1.539043e+00 1.983595e+00 1.959453e+00 2.046070e+00 1.907005e+00 1.848942e+00 1.516082e+00 5.697559e-01
<GCONST> 9.420243e+01
<TRANSP> 5
 0.000000e+00 1.000000e+00 0.000000e+00 0.000000e+00 0.000000e+00
 0.000000e+00 7.255120e-01 2.744880e-01 0.000000e+00 0.000000e+00
 0.000000e+00 0.000000e+00 6.067025e-01 3.932974e-01 0.000000e+00
 0.000000e+00 0.000000e+00 0.000000e+00 7.023638e-01 2.976362e-01
 0.000000e+00 0.000000e+00 0.000000e+00 0.000000e+00 0.000000e+00
<ENDHMM>
~h "sp"
<BEGINHMM>
<NUMSTATES> 3
<STATE> 2
~s "silst"
<TRANSP> 3
 0.000000e+00 2.029373e-01 7.970627e-01
 0.000000e+00 9.295995e-01 7.040052e-02
 0.000000e+00 0.000000e+00 0.000000e+00
<ENDHMM>
~h "sy"
<BEGINHMM>
<NUMSTATES> 5
<STATE> 2
<MEAN> 25
 -1.263121e+01 6.684266e+00 7.426334e+00 -8.515166e-01 1.150493e+00 2.101125e-01 4.230157e+00 2.521523e-01 -2.798117e-01 -1.253136e+00 2.671620e+00 2.683475e+00 -2.222393e+00 4.227704e-01 -1.434680e-01 2.522192e-02 6.638528e-01 6.623162e-01 6.038420e-01 -2.423790e-01 6.223107e-01 -9.318939e-02 -6.493059e-02 2.789968e-01 2.041948e-01
<VARIANCE> 25
 9.307121e+01 2.892518e+01 3.908812e+01 3.246318e+01 4.318533e+01 7.069755e+01 7.779947e+01 5.088158e+01 3.608416e+01 4.582328e+01 3.794121e+01 3.023321e+01 4.661777e+00 3.299532e+00 2.110994e+00 2.812083e+00 4.717190e+00 4.593414e+00 3.243445e+00 2.276062e+00 2.320703e+00 3.040173e+00 2.135064e+00 2.174792e+00 6.806511e-01
<GCONST> 1.044478e+02
<STATE> 3
<MEAN> 25
 -1.143108e+01 1.375884e+00 8.257294e+00 -2.691233e-01 -4.748890e+00 -1.629021e+00 2.067494e+00 -7.339987e-01 1.764524e+00 -8.604987e-01 2.868987e+00 4.414583e+00 2.690541e+00 -1.352030e+00 -1.104205e-01 1.788682e-01 -1.982291e+00 -2.092201e+00 -9.892726e-01 4.579032e-01 9.633888e-02 5.012929e-02 -5.043243e-02 -1.639810e-01 2.435069e-01
<VARIANCE> 25
 1.123334e+02 3.917382e+01 3.057885e+01 3.428297e+01 5.017016e+01 9.014387e+01 4.183697e+01 4.326946e+01 5.267579e+01 3.534044e+01 3.575803e+01 2.426980e+01 5.060867e+00 2.637380e+00 1.969413e+00 2.147469e+00 5.619119e+00 6.430528e+00 3.313254e+00 2.789107e+00 4.205159e+00 2.689719e+00 2.417669e+00 2.350160e+00 1.155624e+00
<GCONST> 1.056565e+02
<STATE> 4
<MEAN> 25
 -7.834095e+00 6.678250e+00 4.482234e+00 9.296005e+00 -7.201137e+00 4.081033e+00 5.557280e+00 5.758786e+00 4.565133e+00 1.739753e-02 2.031079e+00 3.547373e-01 7.356884e-01 -1.710271e-01 -3.252839e-01 -1.997968e-01 -1.557260e-01 -4.845468e-02 -2.749865e-01 9.047277e-02 2.589128e-01 1.844244e-01 -3.214567e-01 -5.047491e-01 2.931405e-01
<VARIANCE> 25
 8.386428e+01 1.540138e+02 1.033187e+02 1.006968e+02 7.001666e+01 1.324717e+02 1.071746e+02 9.741259e+01 1.179192e+02 7.398228e+01 5.884411e+01 4.236814e+01 6.032809e+00 6.650911e+00 6.429562e+00 8.935928e+00 5.779533e+00 7.746419e+00 7.975049e+00 8.668694e+00 9.607466e+00 8.414516e+00 4.887519e+00 5.584850e+00 3.077764e+00
<GCONST> 1.245507e+02
<TRANSP> 5
 0.000000e+00 1.000000e+00 0.000000e+00 0.000000e+00 0.000000e+00
 0.000000e+00 8.310389e-01 1.689611e-01 0.000000e+00 0.000000e+00
 0.000000e+00 0.000000e+00 7.651852e-01 2.348148e-01 0.000000e+00
 0.000000e+00 0.000000e+00 0.000000e+00 8.092109e-01 1.907890e-01
 0.000000e+00 0.000000e+00 0.000000e+00 0.000000e+00 0.000000e+00
<ENDHMM>
~h "sil"
<BEGINHMM>
<NUMSTATES> 5
<STATE> 2
<MEAN> 25
 -6.159213e+00 1.807607e+00 -1.001310e+00 2.856406e+00 3.321726e+00 3.432681e+00 2.372176e+00 1.039215e+00 6.596734e-01 -6.432033e-02 7.487038e-01 2.227853e+00 -4.455494e-02 1.565187e-02 -6.476302e-03 1.225415e-02 2.861449e-02 3.250528e-02 1.051478e-02 7.826753e-03 4.884317e-03 6.238800e-03 1.395551e-02 7.009070e-03 -4.983136e-02
<VARIANCE> 25
 2.541465e+01 2.156866e+01 1.774391e+01 2.423706e+01 2.268545e+01 2.206795e+01 2.147126e+01 2.504995e+01 2.668597e+01 3.001907e+01 2.406017e+01 1.884521e+01 1.512628e-01 3.088950e-01 4.800178e-01 6.838916e-01 9.252410e-01 1.081804e+00 1.219408e+00 1.352148e+00 1.408644e+00 1.408600e+00 1.329788e+00 1.221183e+00 8.807545e-02
<GCONST> 7.868775e+01
<STATE> 3
~s "silst"
<STATE> 4
<MEAN> 25
 -4.455225e+00 9.363323e-01 -2.991273e-01 -4.601422e-02 1.184828e+00 1.523052e+00 1.592062e+00 8.966705e-01 -1.351154e-01 1.085013e+00 4.453725e-01 8.607997e-01 2.556300e-01 -5.367998e-02 5.793142e-02 -1.250286e-01 -5.973003e-02 -1.429128e-01 -6.065711e-02 -8.640819e-02 -8.735389e-02 -2.120144e-02 -4.340716e-02 -7.228328e-02 3.591821e-01
<VARIANCE> 25
 7.425922e+01 6.201157e+01 6.366240e+01 7.946970e+01 7.340392e+01 6.999342e+01 5.446570e+01 5.529263e+01 5.885648e+01 5.325872e+01 4.530614e+01 3.651390e+01 3.099845e+00 3.093421e+00 3.060783e+00 3.705281e+00 4.288864e+00 3.896071e+00 3.483873e+00 3.873164e+00 3.728225e+00 3.369539e+00 3.016858e+00 2.457852e+00 3.869134e+00
<GCONST> 1.109213e+02
<TRANSP> 5
 0.000000e+00 1.000000e+00 0.000000e+00 0.000000e+00 0.000000e+00
 0.000000e+00 9.151602e-01 2.575120e-02 5.908858e-02 0.000000e+00
 0.000000e+00 0.000000e+00 8.629194e-01 1.370806e-01 0.000000e+00
 0.000000e+00 5.899768e-02 0.000000e+00 7.825075e-01 1.584948e-01
 0.000000e+00 0.000000e+00 0.000000e+00 0.000000e+00 0.000000e+00
<ENDHMM>
