~o
<STREAMINFO> 1 24
<VECSIZE> 24<NULLD><MFCC_D><DIAGC>
~h "a"
<BEGINHMM>
<NUMSTATES> 5
<STATE> 2
<MEAN> 24
 -4.641029e-01 -3.311486e+00 -1.137865e+00 4.440857e-01 -8.014053e+00 6.629149e-01 -6.035493e+00 6.259747e-01 -3.084021e+00 -3.361898e-01 -1.675329e+00 -4.292382e+00 6.786999e-04 6.765906e-03 6.911901e-03 6.627817e-03 -1.211369e-03 2.932313e-03 -1.567287e-03 -8.028247e-03 -1.503640e-03 -6.292294e-03 7.662371e-03 3.150298e-03
<VARIANCE> 24
 7.430117e+01 7.035150e+01 8.177396e+01 9.771053e+01 1.108387e+02 9.207899e+01 6.138286e+01 6.461668e+01 5.938306e+01 4.935483e+01 4.720028e+01 5.269167e+01 2.002958e+00 2.798150e+00 2.655064e+00 2.995590e+00 3.207310e+00 3.487006e+00 3.234411e+00 3.551823e+00 3.245143e+00 2.759324e+00 2.718430e+00 2.318258e+00
<GCONST> 1.076609e+02
<STATE> 3
<MEAN> 24
 -4.661260e-01 -3.290266e+00 -1.122401e+00 4.659931e-01 -8.018287e+00 6.737551e-01 -6.039135e+00 6.030320e-01 -3.088656e+00 -3.518243e-01 -1.657064e+00 -4.279747e+00 -3.374195e-03 1.204443e-02 7.260852e-03 1.044373e-02 -2.098865e-03 5.371666e-03 -2.181727e-03 -1.121445e-02 -1.930516e-03 -6.584525e-03 8.972825e-03 5.777903e-03
<VARIANCE> 24
 7.411656e+01 7.023367e+01 8.186501e+01 9.785461e+01 1.105261e+02 9.207508e+01 6.140693e+01 6.450043e+01 5.937061e+01 4.925710e+01 4.721051e+01 5.264822e+01 1.992532e+00 2.780809e+00 2.647061e+00 2.981987e+00 3.199630e+00 3.479165e+00 3.230903e+00 3.541102e+00 3.243153e+00 2.753081e+00 2.719260e+00 2.313983e+00
<GCONST> 1.076200e+02
<STATE> 4
<MEAN> 24
 -9.292943e-01 -2.800118e+00 -1.319374e+00 4.937493e-01 -7.748252e+00 7.995348e-01 -5.839466e+00 7.190490e-01 -3.525065e+00 -1.893163e-01 -1.516008e+00 -4.213413e+00 -7.959253e-03 1.447629e-02 5.450877e-03 1.184666e-02 -1.299341e-03 6.123927e-03 -1.869954e-03 -1.161081e-02 -1.256380e-03 -4.677698e-03 7.904100e-03 7.742794e-03
<VARIANCE> 24
 7.507963e+01 7.048843e+01 8.069069e+01 9.608019e+01 1.055347e+02 8.969697e+01 5.947666e+01 6.245104e+01 6.183040e+01 4.806958e+01 4.679678e+01 5.086041e+01 1.924960e+00 2.664951e+00 2.584433e+00 2.946865e+00 3.134086e+00 3.419051e+00 3.120588e+00 3.476263e+00 3.212243e+00 2.712862e+00 2.683878e+00 2.250112e+00
<GCONST> 1.071705e+02
<TRANSP> 5
 0.000000e+00 1.000000e+00 0.000000e+00 0.000000e+00 0.000000e+00
 0.000000e+00 6.125203e-01 3.874797e-01 0.000000e+00 0.000000e+00
 0.000000e+00 0.000000e+00 6.125171e-01 3.874829e-01 0.000000e+00
 0.000000e+00 0.000000e+00 0.000000e+00 7.498953e-01 2.501047e-01
 0.000000e+00 0.000000e+00 0.000000e+00 0.000000e+00 0.000000e+00
<ENDHMM>
~h "b"
<BEGINHMM>
<NUMSTATES> 5
<STATE> 2
<MEAN> 24
 -1.994369e-02 -1.525941e+00 -1.648363e-01 -9.131157e-02 -7.445368e+00 -9.815208e-02 -7.338870e+00 -5.508847e-01 -3.858716e+00 -1.535048e-01 -1.034923e+00 -4.691800e+00 1.543626e-02 1.205639e-03 1.162687e-02 -2.192606e-02 -7.565696e-04 -1.108468e-02 -1.159955e-02 8.796109e-03 6.048036e-03 1.208025e-02 -7.796091e-03 -2.204997e-02
<VARIANCE> 24
 6.879096e+01 6.785751e+01 8.032027e+01 9.177009e+01 8.982781e+01 8.382290e+01 6.193718e+01 6.083318e+01 5.907949e+01 5.031160e+01 4.697409e+01 4.987381e+01 1.841142e+00 2.883836e+00 2.656730e+00 3.269542e+00 3.102001e+00 3.497810e+00 3.438372e+00 3.666626e+00 3.509434e+00 3.054335e+00 2.832623e+00 2.470228e+00
<GCONST> 1.074472e+02
<STATE> 3
<MEAN> 24
 2.205212e-02 -1.523177e+00 -1.295556e-01 -1.414374e-01 -7.447013e+00 -1.170101e-01 -7.361279e+00 -5.309198e-01 -3.845268e+00 -1.191545e-01 -1.064280e+00 -4.743363e+00 1.026559e-02 1.618378e-04 1.444205e-02 -1.494532e-02 -2.192805e-03 -9.192951e-03 -7.468183e-03 1.098410e-02 8.088919e-03 1.241000e-02 -1.345381e-02 -1.890468e-02
<VARIANCE> 24
 6.860482e+01 6.783057e+01 7.991903e+01 9.227859e+01 8.958988e+01 8.404343e+01 6.194304e+01 6.133442e+01 5.907446e+01 5.060396e+01 4.714983e+01 5.009447e+01 1.836367e+00 2.880996e+00 2.660178e+00 3.271202e+00 3.085968e+00 3.485472e+00 3.431128e+00 3.686837e+00 3.503131e+00 3.060730e+00 2.826221e+00 2.463926e+00
<GCONST> 1.074550e+02
<STATE> 4
<MEAN> 24
 -4.103923e-01 -1.316962e+00 -3.007148e-01 -2.069986e-01 -7.272054e+00 -1.446847e-01 -7.070121e+00 -3.098920e-01 -4.230207e+00 4.467949e-02 -1.105980e+00 -4.665420e+00 6.978950e-03 -1.702400e-03 1.440138e-02 -8.043880e-03 -4.247393e-03 -6.774725e-03 -1.183023e-03 9.659657e-03 7.132182e-03 1.335256e-02 -1.675721e-02 -1.081896e-02
<VARIANCE> 24
 6.977445e+01 6.712882e+01 7.872839e+01 9.180405e+01 8.614502e+01 8.380416e+01 6.091266e+01 6.101242e+01 6.117303e+01 4.982090e+01 4.657651e+01 4.849907e+01 1.785976e+00 2.782765e+00 2.626781e+00 3.255966e+00 3.021404e+00 3.450519e+00 3.302633e+00 3.658426e+00 3.455228e+00 3.004937e+00 2.780374e+00 2.375653e+00
<GCONST> 1.071101e+02
<TRANSP> 5
 0.000000e+00 1.000000e+00 0.000000e+00 0.000000e+00 0.000000e+00
 0.000000e+00 6.089135e-01 3.910865e-01 0.000000e+00 0.000000e+00
 0.000000e+00 0.000000e+00 6.089162e-01 3.910838e-01 0.000000e+00
 0.000000e+00 0.000000e+00 0.000000e+00 7.401307e-01 2.598693e-01
 0.000000e+00 0.000000e+00 0.000000e+00 0.000000e+00 0.000000e+00
<ENDHMM>
~h "c"
<BEGINHMM>
<NUMSTATES> 5
<STATE> 2
<MEAN> 24
 -1.427151e+00 -3.120930e+00 7.230037e-02 1.621393e+00 -9.048904e+00 1.011324e+00 -6.511116e+00 -5.888342e-01 -3.167287e+00 -1.030995e+00 -6.541037e-01 -3.019860e+00 3.006980e-02 -1.830046e-03 1.956196e-02 6.416174e-03 -2.593573e-02 -9.595714e-03 -1.865646e-04 1.840487e-02 -1.035212e-03 -9.411902e-03 4.474292e-03 -7.794488e-03
<VARIANCE> 24
 8.060533e+01 7.875026e+01 7.846542e+01 9.676034e+01 1.024429e+02 1.147943e+02 5.996865e+01 7.396426e+01 5.775187e+01 4.702268e+01 4.403168e+01 5.036060e+01 3.060543e+00 3.556493e+00 2.858763e+00 3.179589e+00 3.409078e+00 3.677165e+00 3.520827e+00 3.779374e+00 3.464744e+00 2.765964e+00 2.712338e+00 2.375194e+00
<GCONST> 1.090148e+02
<STATE> 3
<MEAN> 24
 -1.320667e+00 -3.159286e+00 1.494701e-01 1.642687e+00 -9.126845e+00 9.937317e-01 -6.507164e+00 -5.348364e-01 -3.150598e+00 -1.047368e+00 -6.484744e-01 -3.045096e+00 3.490824e-02 -1.519419e-02 2.866680e-02 1.257979e-02 -3.080860e-02 -1.076244e-02 -3.097622e-03 2.116959e-02 5.870861e-03 -5.199916e-03 1.766494e-03 -1.261338e-02
<VARIANCE> 24
 7.917419e+01 7.862615e+01 7.867735e+01 9.834061e+01 1.012852e+02 1.158662e+02 6.037518e+01 7.312545e+01 5.874576e+01 4.694431e+01 4.421741e+01 5.056615e+01 3.037955e+00 3.638467e+00 2.907604e+00 3.218703e+00 3.432451e+00 3.690113e+00 3.556491e+00 3.763015e+00 3.511664e+00 2.809107e+00 2.734372e+00 2.377472e+00
<GCONST> 1.091298e+02
<STATE> 4
<MEAN> 24
 -1.451545e+00 -3.142618e+00 -1.645907e-02 1.690790e+00 -9.339505e+00 1.070773e+00 -6.441266e+00 -4.493299e-01 -3.134171e+00 -1.054222e+00 -7.188447e-01 -3.026694e+00 4.562306e-02 -1.282533e-02 2.421409e-02 1.011140e-02 -3.186244e-02 -5.621717e-03 3.748065e-03 1.904993e-02 -1.098347e-03 4.268787e-04 -4.440559e-03 -2.254884e-02
<VARIANCE> 24
 8.150534e+01 7.934328e+01 7.924437e+01 9.963399e+01 1.001517e+02 1.156910e+02 6.016756e+01 7.140155e+01 6.045975e+01 4.618160e+01 4.419814e+01 5.032738e+01 2.981260e+00 3.714598e+00 2.955088e+00 3.199587e+00 3.421955e+00 3.745973e+00 3.555178e+00 3.673389e+00 3.599569e+00 2.832788e+00 2.723947e+00 2.386691e+00
<GCONST> 1.091880e+02
<TRANSP> 5
 0.000000e+00 1.000000e+00 0.000000e+00 0.000000e+00 0.000000e+00
 0.000000e+00 6.074740e-01 3.925260e-01 0.000000e+00 0.000000e+00
 0.000000e+00 0.000000e+00 6.074747e-01 3.925253e-01 0.000000e+00
 0.000000e+00 0.000000e+00 0.000000e+00 7.187266e-01 2.812733e-01
 0.000000e+00 0.000000e+00 0.000000e+00 0.000000e+00 0.000000e+00
<ENDHMM>
~h "d"
<BEGINHMM>
<NUMSTATES> 5
<STATE> 2
<MEAN> 24
 -4.635272e-01 -2.450134e+00 1.565571e+00 1.566510e+00 -8.866191e+00 -5.185335e-01 -7.629389e+00 5.132123e-01 -3.520620e+00 -7.471261e-01 -7.995033e-01 -4.139549e+00 1.168009e-02 -5.053823e-03 1.608614e-02 -7.958403e-03 -1.210361e-02 1.328749e-04 2.259239e-03 4.087518e-04 -8.220239e-03 8.217446e-03 -4.831394e-04 -2.142868e-03
<VARIANCE> 24
 6.862096e+01 6.940122e+01 9.596745e+01 9.890633e+01 9.267572e+01 9.034102e+01 6.494208e+01 7.042176e+01 6.117342e+01 4.949781e+01 5.306358e+01 5.200923e+01 1.851441e+00 2.886944e+00 2.813100e+00 3.167814e+00 3.281013e+00 3.655665e+00 3.508368e+00 3.744428e+00 3.308115e+00 2.806570e+00 3.027637e+00 2.319813e+00
<GCONST> 1.082359e+02
<STATE> 3
<MEAN> 24
 -4.346068e-01 -2.455918e+00 1.603432e+00 1.543660e+00 -8.895722e+00 -5.185874e-01 -7.620166e+00 5.011510e-01 -3.539361e+00 -7.175995e-01 -7.975856e-01 -4.144578e+00 7.525763e-03 -1.303020e-03 7.882665e-03 -1.249052e-02 -7.454969e-03 4.932898e-03 7.285913e-03 -3.805557e-03 -4.126172e-03 1.122084e-02 -1.922308e-03 -2.270923e-03
<VARIANCE> 24
 6.800488e+01 6.943957e+01 9.525124e+01 9.945244e+01 9.304347e+01 9.053831e+01 6.492732e+01 7.054006e+01 6.121522e+01 4.972284e+01 5.318417e+01 5.241719e+01 1.859231e+00 2.880656e+00 2.816864e+00 3.176794e+00 3.298229e+00 3.652412e+00 3.508948e+00 3.745087e+00 3.314878e+00 2.819495e+00 3.026610e+00 2.333742e+00
<GCONST> 1.082715e+02
<STATE> 4
<MEAN> 24
 -8.763449e-01 -2.317937e+00 1.211783e+00 1.618945e+00 -8.908650e+00 -3.228051e-01 -7.417892e+00 4.199623e-01 -3.553869e+00 -6.430233e-01 -8.801917e-01 -3.953651e+00 2.784802e-03 2.487160e-03 -3.924653e-03 -1.552645e-02 1.142782e-03 8.982303e-03 1.401643e-02 -7.882439e-03 -5.213774e-04 9.403217e-03 -2.393250e-03 -1.815998e-03
<VARIANCE> 24
 7.284043e+01 6.988702e+01 9.452995e+01 9.964579e+01 9.369576e+01 9.067622e+01 6.415825e+01 6.922605e+01 6.120320e+01 4.963041e+01 5.289069e+01 5.210778e+01 1.886468e+00 2.854962e+00 2.776119e+00 3.178346e+00 3.276425e+00 3.648253e+00 3.440838e+00 3.663192e+00 3.294322e+00 2.797840e+00 2.980123e+00 2.312044e+00
<GCONST> 1.082085e+02
<TRANSP> 5
 0.000000e+00 1.000000e+00 0.000000e+00 0.000000e+00 0.000000e+00
 0.000000e+00 6.124071e-01 3.875929e-01 0.000000e+00 0.000000e+00
 0.000000e+00 0.000000e+00 6.124077e-01 3.875923e-01 0.000000e+00
 0.000000e+00 0.000000e+00 0.000000e+00 7.270963e-01 2.729036e-01
 0.000000e+00 0.000000e+00 0.000000e+00 0.000000e+00 0.000000e+00
<ENDHMM>
~h "e"
<BEGINHMM>
<NUMSTATES> 5
<STATE> 2
<MEAN> 24
 -1.138196e+00 -2.798191e+00 -7.929186e-01 4.013545e-01 -8.126752e+00 -7.034935e-01 -5.522043e+00 3.683824e-01 -3.529762e+00 -1.400051e-01 -9.814910e-01 -3.860729e+00 -7.660782e-03 -1.179126e-02 2.350078e-02 1.334590e-02 -1.282080e-02 -4.635726e-03 2.194910e-02 -3.441530e-04 8.833300e-03 -4.531116e-03 -3.968994e-03 -6.492330e-03
<VARIANCE> 24
 7.438286e+01 6.680020e+01 8.202979e+01 9.279136e+01 9.526326e+01 1.029741e+02 5.980210e+01 6.410746e+01 5.845912e+01 4.656771e+01 4.509282e+01 4.593026e+01 2.194000e+00 2.782452e+00 2.629526e+00 2.886637e+00 3.148055e+00 3.612191e+00 3.098783e+00 3.447606e+00 3.146291e+00 2.782705e+00 2.601478e+00 2.198563e+00
<GCONST> 1.070945e+02
<STATE> 3
<MEAN> 24
 -1.158967e+00 -2.821849e+00 -7.314454e-01 4.426087e-01 -8.157595e+00 -7.084713e-01 -5.466330e+00 3.724656e-01 -3.500973e+00 -1.549930e-01 -9.972998e-01 -3.874429e+00 -1.102082e-02 -5.826936e-03 1.807410e-02 1.216793e-02 -6.028860e-03 3.569505e-03 2.447057e-02 -3.309460e-03 1.270779e-02 -7.196147e-03 -8.401003e-03 -1.853401e-03
<VARIANCE> 24
 7.393005e+01 6.677094e+01 8.202767e+01 9.206517e+01 9.625646e+01 1.029699e+02 5.949654e+01 6.369400e+01 5.848425e+01 4.655071e+01 4.523897e+01 4.587546e+01 2.166784e+00 2.775775e+00 2.629603e+00 2.874127e+00 3.156982e+00 3.593314e+00 3.095019e+00 3.434237e+00 3.130095e+00 2.773993e+00 2.590300e+00 2.192160e+00
<GCONST> 1.070387e+02
<STATE> 4
<MEAN> 24
 -1.686061e+00 -2.661633e+00 -9.284630e-01 5.205097e-01 -8.195792e+00 -5.612106e-01 -5.256165e+00 3.720531e-01 -3.466200e+00 -8.956131e-02 -1.047990e+00 -3.707705e+00 -1.244337e-02 2.680307e-03 9.020664e-03 1.298058e-02 2.693362e-03 1.355056e-02 2.269208e-02 -6.352098e-03 1.260729e-02 -1.094137e-02 -1.129352e-02 3.158595e-03
<VARIANCE> 24
 7.801382e+01 6.658799e+01 8.214267e+01 9.072606e+01 9.605569e+01 1.025988e+02 5.807231e+01 6.155942e+01 5.846679e+01 4.617474e+01 4.505780e+01 4.483068e+01 2.119640e+00 2.711450e+00 2.569621e+00 2.821712e+00 3.084867e+00 3.492413e+00 3.010774e+00 3.312515e+00 3.074863e+00 2.710202e+00 2.534468e+00 2.134003e+00
<GCONST> 1.066851e+02
<TRANSP> 5
 0.000000e+00 1.000000e+00 0.000000e+00 0.000000e+00 0.000000e+00
 0.000000e+00 6.166897e-01 3.833103e-01 0.000000e+00 0.000000e+00
 0.000000e+00 0.000000e+00 6.166864e-01 3.833137e-01 0.000000e+00
 0.000000e+00 0.000000e+00 0.000000e+00 7.337778e-01 2.662222e-01
 0.000000e+00 0.000000e+00 0.000000e+00 0.000000e+00 0.000000e+00
<ENDHMM>
~h "f"
<BEGINHMM>
<NUMSTATES> 5
<STATE> 2
<MEAN> 24
 -1.674351e+00 -2.042686e+00 1.864782e+00 1.543742e-01 -8.100890e+00 -2.033013e-02 -6.788158e+00 -9.353251e-02 -3.320768e+00 -6.047594e-01 9.395610e-01 -5.328378e+00 3.156182e-03 2.309475e-04 2.843162e-02 2.903108e-02 9.218698e-03 3.069530e-02 4.945861e-02 4.704920e-02 -7.538441e-03 -1.072638e-02 5.960329e-03 2.592394e-02
<VARIANCE> 24
 5.818506e+01 5.991708e+01 1.064871e+02 7.531217e+01 7.343312e+01 8.894191e+01 6.243341e+01 6.344915e+01 6.791475e+01 4.561631e+01 4.603597e+01 5.065425e+01 2.147329e+00 2.406214e+00 2.871565e+00 2.695951e+00 3.223458e+00 3.226092e+00 3.167943e+00 3.470654e+00 3.481663e+00 2.816312e+00 2.678036e+00 2.173312e+00
<GCONST> 1.065893e+02
<STATE> 3
<MEAN> 24
 -1.683949e+00 -2.025162e+00 1.945069e+00 2.379120e-01 -8.073227e+00 4.404281e-02 -6.648373e+00 3.548235e-02 -3.326030e+00 -6.419735e-01 9.348702e-01 -5.275399e+00 1.276230e-03 7.310282e-04 3.171059e-02 2.798714e-02 8.449035e-03 2.231654e-02 5.159413e-02 3.609614e-02 -1.095171e-02 -1.955733e-02 -1.924595e-03 1.963750e-02
<VARIANCE> 24
 5.706586e+01 5.962400e+01 1.052718e+02 7.524066e+01 7.345890e+01 9.046750e+01 6.176055e+01 6.297091e+01 6.735496e+01 4.584066e+01 4.637407e+01 5.071286e+01 2.116605e+00 2.381434e+00 2.824837e+00 2.654491e+00 3.196257e+00 3.223417e+00 3.107923e+00 3.438763e+00 3.462550e+00 2.812710e+00 2.678989e+00 2.147196e+00
<GCONST> 1.064437e+02
<STATE> 4
<MEAN> 24
 -2.059076e+00 -1.918610e+00 1.747582e+00 4.471746e-01 -7.996059e+00 3.222970e-01 -6.290917e+00 1.833199e-01 -3.243254e+00 -6.769953e-01 8.577545e-01 -5.093326e+00 -8.533313e-03 7.641983e-03 3.148571e-02 2.144441e-02 3.860251e-03 1.155282e-02 4.810078e-02 2.819911e-02 -1.707059e-02 -2.494814e-02 -1.010168e-02 1.177614e-02
<VARIANCE> 24
 5.913131e+01 5.974137e+01 1.040713e+02 7.820646e+01 7.276929e+01 9.452882e+01 6.116407e+01 6.142762e+01 6.679042e+01 4.626026e+01 4.692740e+01 5.019466e+01 2.034354e+00 2.398926e+00 2.744685e+00 2.639944e+00 3.140466e+00 3.190182e+00 2.997393e+00 3.373974e+00 3.462210e+00 2.800416e+00 2.689681e+00 2.099074e+00
<GCONST> 1.063377e+02
<TRANSP> 5
 0.000000e+00 1.000000e+00 0.000000e+00 0.000000e+00 0.000000e+00
 0.000000e+00 6.111053e-01 3.888946e-01 0.000000e+00 0.000000e+00
 0.000000e+00 0.000000e+00 6.111045e-01 3.888956e-01 0.000000e+00
 0.000000e+00 0.000000e+00 0.000000e+00 7.212468e-01 2.787532e-01
 0.000000e+00 0.000000e+00 0.000000e+00 0.000000e+00 0.000000e+00
<ENDHMM>
~h "g"
<BEGINHMM>
<NUMSTATES> 5
<STATE> 2
<MEAN> 24
 -2.357119e-01 -2.557368e+00 1.566540e-01 1.629844e+00 -1.004952e+01 1.449344e-01 -7.159710e+00 -1.964456e-01 -3.236047e+00 -5.989701e-01 -9.278123e-01 -4.337998e+00 -2.355748e-02 4.922883e-03 -1.464116e-02 8.771533e-03 2.809834e-02 5.168104e-03 1.517138e-02 -4.695783e-03 8.760673e-03 1.271635e-02 -1.041276e-02 5.541187e-03
<VARIANCE> 24
 8.201599e+01 7.342572e+01 8.889146e+01 1.132861e+02 1.142865e+02 1.012905e+02 6.795549e+01 6.800288e+01 6.247495e+01 5.274981e+01 5.055756e+01 5.458979e+01 2.055417e+00 2.794455e+00 2.776515e+00 2.964717e+00 3.529572e+00 3.673965e+00 3.536711e+00 3.508778e+00 3.433674e+00 2.837610e+00 2.910234e+00 2.413443e+00
<GCONST> 1.090109e+02
<STATE> 3
<MEAN> 24
 -3.047319e-01 -2.548607e+00 1.013538e-01 1.634928e+00 -9.980864e+00 1.817089e-01 -7.116656e+00 -2.030805e-01 -3.209121e+00 -5.722994e-01 -9.406654e-01 -4.316392e+00 -3.173969e-02 4.900578e-03 -2.189575e-02 3.678052e-03 3.348577e-02 1.387507e-02 2.098481e-02 -4.586347e-03 1.194978e-02 1.125672e-02 -7.931717e-03 1.229336e-02
<VARIANCE> 24
 8.218838e+01 7.317331e+01 8.789852e+01 1.133013e+02 1.140275e+02 1.016906e+02 6.773714e+01 6.757072e+01 6.227250e+01 5.279610e+01 5.044213e+01 5.406303e+01 2.051416e+00 2.773994e+00 2.745073e+00 2.953710e+00 3.499869e+00 3.652229e+00 3.521968e+00 3.499779e+00 3.410107e+00 2.833525e+00 2.878580e+00 2.394095e+00
<GCONST> 1.089033e+02
<STATE> 4
<MEAN> 24
 -8.357738e-01 -2.462206e+00 -4.155245e-01 1.726566e+00 -9.864772e+00 5.163346e-01 -6.958650e+00 -2.014419e-01 -3.115122e+00 -5.487718e-01 -1.029732e+00 -4.097449e+00 -3.595142e-02 4.714176e-03 -2.668713e-02 -4.780052e-03 2.898182e-02 1.991578e-02 2.331145e-02 7.110463e-04 1.562575e-02 7.197759e-03 -2.103768e-03 1.669901e-02
<VARIANCE> 24
 8.757899e+01 7.356851e+01 8.711099e+01 1.134933e+02 1.133799e+02 1.022764e+02 6.641924e+01 6.614994e+01 6.208799e+01 5.269447e+01 5.015718e+01 5.275866e+01 2.046363e+00 2.745954e+00 2.688563e+00 2.949002e+00 3.409710e+00 3.599137e+00 3.439480e+00 3.426717e+00 3.341797e+00 2.798454e+00 2.798182e+00 2.337908e+00
<GCONST> 1.086837e+02
<TRANSP> 5
 0.000000e+00 1.000000e+00 0.000000e+00 0.000000e+00 0.000000e+00
 0.000000e+00 6.149336e-01 3.850664e-01 0.000000e+00 0.000000e+00
 0.000000e+00 0.000000e+00 6.149322e-01 3.850678e-01 0.000000e+00
 0.000000e+00 0.000000e+00 0.000000e+00 7.318380e-01 2.681621e-01
 0.000000e+00 0.000000e+00 0.000000e+00 0.000000e+00 0.000000e+00
<ENDHMM>
~h "h"
<BEGINHMM>
<NUMSTATES> 5
<STATE> 2
<MEAN> 24
 -1.791138e+00 -2.503762e+00 -1.297850e+00 -3.108585e-01 -7.743816e+00 -1.244142e-01 -4.971623e+00 3.684148e-01 -3.324785e+00 -9.634324e-01 -2.018503e+00 -3.590701e+00 1.946443e-03 7.896504e-03 -1.571376e-02 8.078403e-03 1.218087e-02 -1.019641e-03 9.019763e-04 3.972968e-03 3.048677e-03 -1.883502e-03 8.128700e-03 -3.435405e-03
<VARIANCE> 24
 7.172720e+01 6.173487e+01 8.266873e+01 8.889320e+01 9.639183e+01 8.783292e+01 5.820069e+01 5.715478e+01 5.562225e+01 4.340060e+01 4.497670e+01 4.263906e+01 1.706770e+00 2.085761e+00 2.242840e+00 2.593370e+00 2.764216e+00 2.955996e+00 2.819965e+00 2.834916e+00 2.735016e+00 2.375740e+00 2.334654e+00 2.017807e+00
<GCONST> 1.045396e+02
<STATE> 3
<MEAN> 24
 -1.791165e+00 -2.473861e+00 -1.333762e+00 -2.846148e-01 -7.713733e+00 -1.356253e-01 -4.974583e+00 3.807505e-01 -3.320702e+00 -9.688103e-01 -1.989218e+00 -3.596159e+00 3.445205e-03 1.564241e-02 -1.160224e-02 1.294511e-02 8.056797e-03 -5.096618e-03 -1.968120e-03 2.198873e-03 2.822688e-03 9.531268e-05 1.017894e-02 -3.460361e-03
<VARIANCE> 24
 7.213052e+01 6.149057e+01 8.245478e+01 8.748044e+01 9.608131e+01 8.695617e+01 5.750406e+01 5.686222e+01 5.522446e+01 4.320719e+01 4.470280e+01 4.288622e+01 1.677947e+00 2.078252e+00 2.226196e+00 2.552935e+00 2.728938e+00 2.929088e+00 2.789917e+00 2.833277e+00 2.732584e+00 2.370618e+00 2.314430e+00 2.017543e+00
<GCONST> 1.043913e+02
<STATE> 4
<MEAN> 24
 -2.131507e+00 -2.170319e+00 -1.617625e+00 -2.014666e-01 -7.577978e+00 3.765271e-02 -4.872451e+00 5.667906e-01 -3.546060e+00 -8.562745e-01 -1.834777e+00 -3.543394e+00 -1.509921e-03 2.258199e-02 -3.309548e-03 1.970992e-02 3.563356e-03 -6.640956e-03 -2.983726e-03 -4.505297e-05 5.599824e-03 6.648429e-05 1.244897e-02 -2.038854e-03
<VARIANCE> 24
 7.478938e+01 6.177281e+01 8.159597e+01 8.548154e+01 9.318761e+01 8.557721e+01 5.549607e+01 5.536978e+01 5.653669e+01 4.245858e+01 4.469364e+01 4.210586e+01 1.590361e+00 2.016033e+00 2.158530e+00 2.493373e+00 2.644304e+00 2.861092e+00 2.676676e+00 2.812222e+00 2.704844e+00 2.333282e+00 2.275165e+00 1.964317e+00
<GCONST> 1.039649e+02
<TRANSP> 5
 0.000000e+00 1.000000e+00 0.000000e+00 0.000000e+00 0.000000e+00
 0.000000e+00 6.234548e-01 3.765452e-01 0.000000e+00 0.000000e+00
 0.000000e+00 0.000000e+00 6.234567e-01 3.765433e-01 0.000000e+00
 0.000000e+00 0.000000e+00 0.000000e+00 7.536114e-01 2.463886e-01
 0.000000e+00 0.000000e+00 0.000000e+00 0.000000e+00 0.000000e+00
<ENDHMM>
~h "i"
<BEGINHMM>
<NUMSTATES> 5
<STATE> 2
<MEAN> 24
 -1.637249e+00 -1.727420e+00 2.003675e+00 1.105529e+00 -9.006414e+00 -6.804416e-01 -6.770477e+00 -3.279369e-01 -4.531745e+00 -7.828307e-01 -5.652081e-01 -4.056644e+00 -2.618934e-03 -7.634588e-03 -2.232703e-02 -1.258538e-02 9.666134e-03 1.911634e-02 1.362023e-03 1.849966e-03 1.304564e-02 7.104437e-03 -7.738963e-03 4.340259e-03
<VARIANCE> 24
 6.934671e+01 6.835149e+01 9.855367e+01 1.035275e+02 8.972443e+01 9.167413e+01 6.271858e+01 6.384428e+01 6.326772e+01 4.700967e+01 4.860199e+01 4.568336e+01 1.983474e+00 2.552687e+00 3.084301e+00 2.971581e+00 3.408895e+00 3.430373e+00 3.318596e+00 3.460646e+00 3.399037e+00 2.712428e+00 2.782286e+00 2.250085e+00
<GCONST> 1.076095e+02
<STATE> 3
<MEAN> 24
 -1.646570e+00 -1.746188e+00 1.942599e+00 1.077542e+00 -8.978518e+00 -6.379265e-01 -6.763101e+00 -3.148454e-01 -4.494811e+00 -7.688059e-01 -5.831825e-01 -4.045428e+00 -2.322981e-03 -9.981693e-03 -3.226312e-02 -1.165911e-02 1.574369e-02 2.245398e-02 5.535874e-03 5.864607e-03 1.926151e-02 5.060523e-03 -1.021597e-02 5.610108e-03
<VARIANCE> 24
 6.925724e+01 6.813247e+01 9.760518e+01 1.030723e+02 8.971729e+01 9.150183e+01 6.235122e+01 6.364653e+01 6.325113e+01 4.703350e+01 4.855222e+01 4.580156e+01 1.957521e+00 2.535782e+00 3.049625e+00 2.959971e+00 3.378416e+00 3.413973e+00 3.307956e+00 3.454178e+00 3.393075e+00 2.708957e+00 2.771902e+00 2.247314e+00
<GCONST> 1.075199e+02
<STATE> 4
<MEAN> 24
 -2.104784e+00 -1.589795e+00 1.451649e+00 9.951072e-01 -8.776626e+00 -4.269049e-01 -6.591962e+00 -2.396896e-01 -4.572203e+00 -6.364082e-01 -6.324382e-01 -3.936641e+00 -2.323206e-03 -9.710230e-03 -3.686562e-02 -8.490122e-03 1.779480e-02 2.236958e-02 8.174835e-03 9.186539e-03 1.926164e-02 3.870207e-03 -9.020735e-03 6.189945e-03
<VARIANCE> 24
 7.304583e+01 6.812560e+01 9.670895e+01 1.027469e+02 8.837128e+01 8.987119e+01 6.103944e+01 6.221614e+01 6.414245e+01 4.672252e+01 4.831067e+01 4.533019e+01 1.918462e+00 2.488238e+00 2.975805e+00 2.940750e+00 3.283544e+00 3.364051e+00 3.220276e+00 3.392148e+00 3.370678e+00 2.670308e+00 2.716962e+00 2.199509e+00
<GCONST> 1.072548e+02
<TRANSP> 5
 0.000000e+00 1.000000e+00 0.000000e+00 0.000000e+00 0.000000e+00
 0.000000e+00 6.147876e-01 3.852125e-01 0.000000e+00 0.000000e+00
 0.000000e+00 0.000000e+00 6.147935e-01 3.852064e-01 0.000000e+00
 0.000000e+00 0.000000e+00 0.000000e+00 7.375288e-01 2.624712e-01
 0.000000e+00 0.000000e+00 0.000000e+00 0.000000e+00 0.000000e+00
<ENDHMM>
~h "j"
<BEGINHMM>
<NUMSTATES> 5
<STATE> 2
<MEAN> 24
 -6.193706e-01 -1.785128e+00 1.457832e+00 1.209224e+00 -8.055612e+00 -1.094897e+00 -7.608808e+00 5.925352e-01 -3.657401e+00 -7.076664e-01 -1.015133e+00 -3.646164e+00 -6.524001e-03 2.198775e-02 6.043276e-03 5.569903e-03 4.859322e-03 2.177423e-02 5.584253e-03 3.618771e-03 1.042794e-02 2.255425e-02 2.213925e-02 -5.007689e-03
<VARIANCE> 24
 6.568602e+01 6.874500e+01 8.402512e+01 9.831276e+01 9.115257e+01 9.039100e+01 6.710221e+01 6.448235e+01 5.619417e+01 5.191656e+01 4.646893e+01 4.452258e+01 1.780343e+00 2.723470e+00 2.949050e+00 2.979815e+00 3.420605e+00 3.678745e+00 3.617625e+00 3.528624e+00 3.185123e+00 2.713520e+00 2.807328e+00 2.334502e+00
<GCONST> 1.074141e+02
<STATE> 3
<MEAN> 24
 -6.480521e-01 -1.723751e+00 1.476402e+00 1.218607e+00 -8.060925e+00 -1.051996e+00 -7.587570e+00 6.008371e-01 -3.638705e+00 -6.397919e-01 -9.544394e-01 -3.657228e+00 -9.549147e-03 1.793320e-02 1.406712e-03 7.788815e-04 1.892243e-03 2.059174e-02 1.251587e-02 1.614961e-03 4.276398e-03 3.012545e-02 2.705801e-02 -7.990475e-03
<VARIANCE> 24
 6.582033e+01 6.831651e+01 8.395106e+01 9.789759e+01 9.169147e+01 9.063482e+01 6.688669e+01 6.356913e+01 5.644696e+01 5.218314e+01 4.665563e+01 4.451122e+01 1.763751e+00 2.713741e+00 2.951250e+00 2.959693e+00 3.431830e+00 3.696052e+00 3.598366e+00 3.496884e+00 3.179968e+00 2.698894e+00 2.797304e+00 2.320670e+00
<GCONST> 1.073673e+02
<STATE> 4
<MEAN> 24
 -1.137732e+00 -1.286939e+00 1.012725e+00 8.540807e-01 -7.635532e+00 -9.048316e-01 -7.001710e+00 7.725234e-01 -4.558423e+00 -2.220200e-01 -5.678980e-01 -3.938120e+00 -1.421470e-02 1.107231e-02 -2.518700e-03 -2.018296e-03 -4.339615e-03 1.639522e-02 1.808025e-02 1.361480e-03 -1.750263e-03 2.347951e-02 2.292606e-02 -6.874270e-03
<VARIANCE> 24
 6.622198e+01 6.784837e+01 8.307986e+01 9.495235e+01 8.938998e+01 8.819176e+01 6.398849e+01 6.014719e+01 6.278878e+01 5.081304e+01 4.657391e+01 4.471869e+01 1.782449e+00 2.673158e+00 2.884546e+00 2.945803e+00 3.433334e+00 3.684182e+00 3.436745e+00 3.477230e+00 3.253712e+00 2.702501e+00 2.773757e+00 2.265059e+00
<GCONST> 1.071610e+02
<TRANSP> 5
 0.000000e+00 1.000000e+00 0.000000e+00 0.000000e+00 0.000000e+00
 0.000000e+00 6.159465e-01 3.840535e-01 0.000000e+00 0.000000e+00
 0.000000e+00 0.000000e+00 6.159447e-01 3.840552e-01 0.000000e+00
 0.000000e+00 0.000000e+00 0.000000e+00 7.664722e-01 2.335279e-01
 0.000000e+00 0.000000e+00 0.000000e+00 0.000000e+00 0.000000e+00
<ENDHMM>
~h "k"
<BEGINHMM>
<NUMSTATES> 5
<STATE> 2
<MEAN> 24
 -9.722479e-01 -2.385355e+00 -1.611434e+00 -2.826907e-01 -7.458708e+00 9.420698e-01 -6.044865e+00 2.107337e-01 -3.518886e+00 1.396372e-01 -1.123261e+00 -4.200913e+00 2.009028e-02 -1.420009e-03 3.989031e-03 -5.561654e-03 -1.575497e-02 -4.087673e-03 -1.300094e-02 -1.363974e-02 4.576484e-03 3.925728e-03 -4.992398e-05 -7.480988e-03
<VARIANCE> 24
 7.283865e+01 6.541042e+01 7.813488e+01 9.727972e+01 1.039772e+02 9.022323e+01 5.964261e+01 6.107778e+01 5.818222e+01 4.618444e+01 4.513165e+01 4.771481e+01 2.148774e+00 2.709510e+00 2.757788e+00 3.353459e+00 3.471665e+00 3.496567e+00 3.333629e+00 3.496214e+00 3.338228e+00 2.882356e+00 2.759972e+00 2.386272e+00
<GCONST> 1.075193e+02
<STATE> 3
<MEAN> 24
 -9.244412e-01 -2.384350e+00 -1.589806e+00 -2.857007e-01 -7.494705e+00 9.218626e-01 -6.071433e+00 1.715963e-01 -3.514389e+00 1.473500e-01 -1.130328e+00 -4.214741e+00 1.648384e-02 -1.451533e-03 1.183432e-02 -2.847592e-03 -1.602401e-02 -7.041697e-03 -1.106753e-02 -1.532321e-02 -3.438365e-04 6.916510e-04 -2.622998e-03 -5.303720e-03
<VARIANCE> 24
 7.237836e+01 6.558617e+01 7.838942e+01 9.748412e+01 1.042188e+02 9.069126e+01 6.009159e+01 6.137685e+01 5.844701e+01 4.631755e+01 4.524437e+01 4.784298e+01 2.147536e+00 2.717795e+00 2.769782e+00 3.333613e+00 3.490474e+00 3.508311e+00 3.351995e+00 3.507509e+00 3.341408e+00 2.882204e+00 2.768612e+00 2.386864e+00
<GCONST> 1.075761e+02
<STATE> 4
<MEAN> 24
 -1.424720e+00 -1.924752e+00 -1.727543e+00 -1.001884e-01 -7.381088e+00 1.096937e+00 -5.881742e+00 2.466564e-01 -3.625653e+00 1.769994e-01 -1.165923e+00 -4.078380e+00 9.993005e-03 1.969777e-03 1.737644e-02 2.609239e-03 -1.282294e-02 -1.054624e-02 -1.211492e-02 -1.377682e-02 -1.261947e-03 -1.918805e-03 -3.596881e-03 -3.239061e-03
<VARIANCE> 24
 7.463786e+01 6.621997e+01 7.796004e+01 9.562051e+01 1.005785e+02 8.872302e+01 5.947263e+01 5.983387e+01 5.885024e+01 4.584390e+01 4.475273e+01 4.644619e+01 2.072328e+00 2.640414e+00 2.706736e+00 3.240828e+00 3.365079e+00 3.426406e+00 3.247039e+00 3.411144e+00 3.284229e+00 2.821444e+00 2.719351e+00 2.322037e+00
<GCONST> 1.071347e+02
<TRANSP> 5
 0.000000e+00 1.000000e+00 0.000000e+00 0.000000e+00 0.000000e+00
 0.000000e+00 6.139368e-01 3.860633e-01 0.000000e+00 0.000000e+00
 0.000000e+00 0.000000e+00 6.139348e-01 3.860653e-01 0.000000e+00
 0.000000e+00 0.000000e+00 0.000000e+00 7.418910e-01 2.581091e-01
 0.000000e+00 0.000000e+00 0.000000e+00 0.000000e+00 0.000000e+00
<ENDHMM>
~h "l"
<BEGINHMM>
<NUMSTATES> 5
<STATE> 2
<MEAN> 24
 -7.448979e-02 -3.029782e+00 -9.433578e-01 8.351536e-04 -8.999356e+00 9.144099e-01 -6.837827e+00 -2.972725e-01 -2.617927e+00 -1.631114e-01 -1.575947e+00 -4.272415e+00 -7.245480e-03 -2.811976e-03 1.539173e-02 2.225951e-02 5.403830e-03 -8.014715e-03 6.535010e-03 3.215891e-04 3.890020e-04 -2.258209e-03 4.388672e-04 1.478775e-03
<VARIANCE> 24
 7.705563e+01 6.961315e+01 8.180289e+01 1.146600e+02 1.159169e+02 9.735826e+01 6.700598e+01 6.625507e+01 6.247617e+01 5.253586e+01 5.108595e+01 5.492643e+01 1.944372e+00 2.628840e+00 2.581768e+00 3.004038e+00 3.193402e+00 3.604566e+00 3.273957e+00 3.501717e+00 3.275577e+00 2.896302e+00 2.836954e+00 2.314291e+00
<GCONST> 1.083024e+02
<STATE> 3
<MEAN> 24
 -9.803616e-02 -3.041245e+00 -9.073087e-01 6.893785e-02 -8.987283e+00 8.978191e-01 -6.810523e+00 -2.909973e-01 -2.618400e+00 -1.720367e-01 -1.572059e+00 -4.261049e+00 -1.515600e-02 -1.531690e-03 1.395283e-02 2.806651e-02 8.493096e-03 -6.947344e-03 1.104865e-02 6.083150e-04 -3.190962e-03 -5.012721e-03 -3.982200e-04 6.195665e-03
<VARIANCE> 24
 7.671990e+01 6.959754e+01 8.172433e+01 1.145932e+02 1.153806e+02 9.794221e+01 6.694663e+01 6.628560e+01 6.262383e+01 5.228038e+01 5.105138e+01 5.475721e+01 1.942344e+00 2.627753e+00 2.580395e+00 3.002750e+00 3.196540e+00 3.594536e+00 3.266333e+00 3.485129e+00 3.272615e+00 2.889748e+00 2.834684e+00 2.306828e+00
<GCONST> 1.082724e+02
<STATE> 4
<MEAN> 24
 -5.408056e-01 -2.937117e+00 -1.180320e+00 2.090904e-01 -8.934411e+00 1.052356e+00 -6.678490e+00 -3.065124e-01 -2.605542e+00 -1.605702e-01 -1.654186e+00 -4.086540e+00 -2.154678e-02 -5.681133e-04 9.764575e-03 3.470255e-02 1.124262e-02 -5.346306e-03 1.472624e-02 3.344171e-03 -8.333420e-03 -7.561260e-03 4.267133e-04 1.007095e-02
<VARIANCE> 24
 8.076679e+01 6.995528e+01 8.219904e+01 1.138563e+02 1.140655e+02 9.807717e+01 6.634535e+01 6.557189e+01 6.270206e+01 5.161966e+01 5.068107e+01 5.357497e+01 1.935292e+00 2.598207e+00 2.543854e+00 2.985626e+00 3.143010e+00 3.528206e+00 3.194564e+00 3.410390e+00 3.239951e+00 2.844464e+00 2.792290e+00 2.262772e+00
<GCONST> 1.080832e+02
<TRANSP> 5
 0.000000e+00 1.000000e+00 0.000000e+00 0.000000e+00 0.000000e+00
 0.000000e+00 6.112498e-01 3.887501e-01 0.000000e+00 0.000000e+00
 0.000000e+00 0.000000e+00 6.112546e-01 3.887454e-01 0.000000e+00
 0.000000e+00 0.000000e+00 0.000000e+00 7.244439e-01 2.755562e-01
 0.000000e+00 0.000000e+00 0.000000e+00 0.000000e+00 0.000000e+00
<ENDHMM>
~h "m"
<BEGINHMM>
<NUMSTATES> 5
<STATE> 2
<MEAN> 24
 5.890441e-03 -2.028821e+00 -9.276087e-01 5.140062e-01 -8.043128e+00 1.498266e+00 -6.311663e+00 -6.066029e-01 -4.024365e+00 -5.715303e-01 -1.538796e+00 -4.665098e+00 1.880115e-02 -9.899216e-03 3.779467e-03 -1.297778e-02 4.075581e-03 -3.816433e-03 -3.221647e-03 9.549292e-03 5.897424e-03 1.108746e-02 -7.116965e-03 -1.161183e-02
<VARIANCE> 24
 7.364789e+01 6.694676e+01 8.009312e+01 9.432314e+01 1.052750e+02 8.477748e+01 6.000338e+01 5.920507e+01 6.416206e+01 4.651910e+01 4.623563e+01 4.853302e+01 1.988795e+00 2.638647e+00 2.699184e+00 3.064245e+00 3.299103e+00 3.535876e+00 3.126861e+00 3.543569e+00 3.505566e+00 2.779021e+00 2.720735e+00 2.264787e+00
<GCONST> 1.072586e+02
<STATE> 3
<MEAN> 24
 4.827859e-02 -2.053094e+00 -9.227457e-01 4.840713e-01 -8.038813e+00 1.484899e+00 -6.319183e+00 -5.819426e-01 -4.015537e+00 -5.443681e-01 -1.553405e+00 -4.690552e+00 9.903183e-03 -1.090916e-02 1.186173e-03 -8.261329e-03 3.104839e-03 -7.657543e-03 -2.641242e-03 1.348658e-02 6.509503e-03 9.982031e-03 -5.146805e-03 -8.382868e-03
<VARIANCE> 24
 7.314692e+01 6.678191e+01 8.029083e+01 9.437210e+01 1.050433e+02 8.499098e+01 5.996721e+01 5.949140e+01 6.405902e+01 4.668719e+01 4.640597e+01 4.864408e+01 1.963925e+00 2.622694e+00 2.692187e+00 3.059344e+00 3.300155e+00 3.520513e+00 3.118378e+00 3.546488e+00 3.493674e+00 2.779335e+00 2.721239e+00 2.263664e+00
<GCONST> 1.072324e+02
<STATE> 4
<MEAN> 24
 -4.530356e-01 -1.935433e+00 -1.272979e+00 5.750087e-01 -7.934424e+00 1.570627e+00 -6.208824e+00 -4.712104e-01 -3.988696e+00 -4.789155e-01 -1.639474e+00 -4.559641e+00 2.437335e-04 -1.026663e-02 6.267534e-04 -2.690488e-03 -1.920737e-03 -1.234809e-02 2.256399e-03 1.664356e-02 8.262972e-03 7.785637e-03 -2.253154e-03 -3.834224e-03
<VARIANCE> 24
 7.756491e+01 6.632954e+01 8.129900e+01 9.306565e+01 1.037380e+02 8.478334e+01 5.894745e+01 5.886871e+01 6.406538e+01 4.633833e+01 4.630800e+01 4.792992e+01 1.917353e+00 2.569769e+00 2.647039e+00 3.043684e+00 3.208574e+00 3.430940e+00 3.038226e+00 3.462016e+00 3.413964e+00 2.718675e+00 2.682980e+00 2.212033e+00
<GCONST> 1.069630e+02
<TRANSP> 5
 0.000000e+00 1.000000e+00 0.000000e+00 0.000000e+00 0.000000e+00
 0.000000e+00 6.145002e-01 3.854998e-01 0.000000e+00 0.000000e+00
 0.000000e+00 0.000000e+00 6.145054e-01 3.854946e-01 0.000000e+00
 0.000000e+00 0.000000e+00 0.000000e+00 7.302508e-01 2.697492e-01
 0.000000e+00 0.000000e+00 0.000000e+00 0.000000e+00 0.000000e+00
<ENDHMM>
~h "n"
<BEGINHMM>
<NUMSTATES> 5
<STATE> 2
<MEAN> 24
 -2.883544e-01 -2.503270e+00 1.549213e-01 1.180562e+00 -8.010728e+00 3.581557e-01 -6.407497e+00 4.497144e-02 -3.760442e+00 -4.203537e-01 -1.829077e+00 -4.800714e+00 -2.775658e-02 1.915794e-02 -1.043425e-02 1.144021e-02 1.409328e-02 9.419016e-03 1.163424e-02 1.212149e-04 8.367449e-03 -1.128677e-02 6.938735e-03 2.146361e-02
<VARIANCE> 24
 6.419955e+01 6.626656e+01 8.242686e+01 8.521088e+01 9.235125e+01 8.495098e+01 6.064088e+01 6.733509e+01 5.805851e+01 4.805986e+01 4.834030e+01 5.048433e+01 1.774233e+00 2.731288e+00 2.622111e+00 2.947989e+00 3.129261e+00 3.346000e+00 3.178530e+00 3.888418e+00 3.279214e+00 2.781880e+00 2.838364e+00 2.292488e+00
<GCONST> 1.069078e+02
<STATE> 3
<MEAN> 24
 -3.583668e-01 -2.460948e+00 1.264524e-01 1.207806e+00 -7.981184e+00 3.899283e-01 -6.378513e+00 4.447113e-02 -3.736961e+00 -4.488476e-01 -1.806083e+00 -4.742825e+00 -2.983169e-02 1.923815e-02 -1.466994e-02 8.833619e-03 1.256030e-02 1.152350e-02 1.132695e-02 1.076246e-03 1.029932e-02 -1.186638e-02 1.164523e-02 2.530437e-02
<VARIANCE> 24
 6.433013e+01 6.633173e+01 8.234579e+01 8.524432e+01 9.236168e+01 8.487415e+01 6.071736e+01 6.725822e+01 5.776093e+01 4.789247e+01 4.818664e+01 5.046317e+01 1.767129e+00 2.703878e+00 2.605140e+00 2.925625e+00 3.113295e+00 3.327225e+00 3.171027e+00 3.864499e+00 3.258373e+00 2.765949e+00 2.818816e+00 2.288873e+00
<GCONST> 1.068292e+02
<STATE> 4
<MEAN> 24
 -8.939830e-01 -2.189002e+00 -2.495529e-01 1.205242e+00 -7.775501e+00 5.081874e-01 -6.149210e+00 1.320599e-01 -3.932347e+00 -3.941513e-01 -1.687409e+00 -4.571609e+00 -3.022153e-02 1.576511e-02 -1.841261e-02 4.797366e-03 9.369142e-03 1.270467e-02 1.066332e-02 2.543673e-03 1.099703e-02 -1.054230e-02 1.524025e-02 2.498856e-02
<VARIANCE> 24
 6.835770e+01 6.640038e+01 8.211860e+01 8.476803e+01 9.080272e+01 8.352625e+01 5.980116e+01 6.577967e+01 5.895454e+01 4.723380e+01 4.784171e+01 4.955825e+01 1.740720e+00 2.627968e+00 2.549011e+00 2.879071e+00 3.057571e+00 3.287873e+00 3.096126e+00 3.752587e+00 3.216436e+00 2.712603e+00 2.760785e+00 2.244992e+00
<GCONST> 1.065562e+02
<TRANSP> 5
 0.000000e+00 1.000000e+00 0.000000e+00 0.000000e+00 0.000000e+00
 0.000000e+00 6.081533e-01 3.918466e-01 0.000000e+00 0.000000e+00
 0.000000e+00 0.000000e+00 6.081555e-01 3.918445e-01 0.000000e+00
 0.000000e+00 0.000000e+00 0.000000e+00 7.312261e-01 2.687739e-01
 0.000000e+00 0.000000e+00 0.000000e+00 0.000000e+00 0.000000e+00
<ENDHMM>
~h "o"
<BEGINHMM>
<NUMSTATES> 5
<STATE> 2
<MEAN> 24
 -6.797798e-01 -1.953078e+00 -2.832011e+00 -6.009808e-01 -9.109555e+00 2.366576e+00 -5.718585e+00 -1.285038e-01 -2.920371e+00 -1.633371e-01 -1.018599e+00 -3.312474e+00 3.998565e-02 -1.111503e-02 4.167928e-02 -1.982671e-02 -1.170368e-02 -8.266419e-03 -1.576803e-02 -5.540170e-03 -1.570454e-02 1.124241e-03 -5.538714e-05 -8.924888e-03
<VARIANCE> 24
 9.195065e+01 6.342809e+01 6.792957e+01 1.277372e+02 1.090778e+02 8.691969e+01 5.600435e+01 5.605872e+01 5.744833e+01 4.743695e+01 4.312761e+01 4.572979e+01 2.112578e+00 2.432105e+00 2.402786e+00 3.395553e+00 3.148404e+00 3.456691e+00 3.033284e+00 3.102689e+00 3.023555e+00 2.744975e+00 2.459211e+00 2.092854e+00
<GCONST> 1.066742e+02
<STATE> 3
<MEAN> 24
 -5.458043e-01 -1.982400e+00 -2.722230e+00 -6.705365e-01 -9.143228e+00 2.343552e+00 -5.754371e+00 -1.440928e-01 -2.961483e+00 -1.710293e-01 -1.014582e+00 -3.349365e+00 3.738943e-02 -1.451718e-02 4.416267e-02 -9.277833e-03 -1.051243e-02 -1.721786e-02 -1.387193e-02 -6.889766e-04 -8.996676e-03 -4.064138e-03 2.942962e-03 -1.164985e-02
<VARIANCE> 24
 9.061208e+01 6.429420e+01 6.978081e+01 1.294199e+02 1.084230e+02 8.808138e+01 5.645682e+01 5.689426e+01 5.772325e+01 4.764924e+01 4.341703e+01 4.610026e+01 2.173056e+00 2.459786e+00 2.477270e+00 3.394235e+00 3.148832e+00 3.485261e+00 3.036034e+00 3.121398e+00 3.050236e+00 2.765153e+00 2.485186e+00 2.109416e+00
<GCONST> 1.068866e+02
<STATE> 4
<MEAN> 24
 -7.551066e-01 -1.365538e+00 -2.254740e+00 -8.493846e-01 -8.660267e+00 2.117168e+00 -5.714687e+00 2.209696e-01 -3.964240e+00 1.201703e-01 -7.205076e-01 -3.724447e+00 2.646828e-02 -1.788981e-02 3.813659e-02 2.022439e-03 -1.080263e-02 -2.847479e-02 -9.151679e-03 2.618511e-03 -5.597325e-03 -6.577527e-03 5.057025e-03 -1.016255e-02
<VARIANCE> 24
 8.312392e+01 6.433453e+01 7.392582e+01 1.227651e+02 9.973009e+01 8.720860e+01 5.495160e+01 5.732080e+01 6.164212e+01 4.676384e+01 4.254051e+01 4.561777e+01 2.083333e+00 2.324631e+00 2.526905e+00 3.266660e+00 3.125849e+00 3.477017e+00 2.930308e+00 3.209465e+00 3.088482e+00 2.752859e+00 2.501370e+00 2.093489e+00
<GCONST> 1.065813e+02
<TRANSP> 5
 0.000000e+00 1.000000e+00 0.000000e+00 0.000000e+00 0.000000e+00
 0.000000e+00 6.261396e-01 3.738603e-01 0.000000e+00 0.000000e+00
 0.000000e+00 0.000000e+00 6.261399e-01 3.738601e-01 0.000000e+00
 0.000000e+00 0.000000e+00 0.000000e+00 7.866663e-01 2.133337e-01
 0.000000e+00 0.000000e+00 0.000000e+00 0.000000e+00 0.000000e+00
<ENDHMM>
~h "p"
<BEGINHMM>
<NUMSTATES> 5
<STATE> 2
<MEAN> 24
 -9.150863e-01 -2.484332e+00 -1.697493e+00 -3.347490e-03 -7.701262e+00 7.289789e-01 -6.132676e+00 1.577133e-01 -3.302181e+00 1.665706e-02 -1.142670e+00 -4.212350e+00 -9.076359e-03 -2.857703e-03 4.395150e-02 8.502531e-04 -1.867287e-02 -9.843726e-03 -1.595928e-02 -1.115177e-02 -1.892255e-02 2.907373e-03 5.635567e-03 -3.624987e-03
<VARIANCE> 24
 7.352825e+01 6.384064e+01 8.367867e+01 9.433972e+01 9.799094e+01 9.156749e+01 5.689145e+01 5.965633e+01 5.823863e+01 4.540243e+01 4.358353e+01 4.861892e+01 2.379488e+00 2.816705e+00 2.839386e+00 3.246530e+00 3.181131e+00 3.697765e+00 3.206544e+00 3.356907e+00 3.265552e+00 2.796706e+00 2.718869e+00 2.355934e+00
<GCONST> 1.073413e+02
<STATE> 3
<MEAN> 24
 -9.438846e-01 -2.487947e+00 -1.587212e+00 9.410419e-03 -7.747592e+00 7.124202e-01 -6.172065e+00 1.254928e-01 -3.354905e+00 1.631861e-02 -1.119482e+00 -4.218140e+00 -1.520039e-02 9.243134e-04 4.676490e-02 6.489494e-03 -1.855967e-02 -5.914881e-03 -1.203348e-02 -9.457198e-03 -2.164692e-02 -3.925358e-03 7.904271e-03 -5.925955e-04
<VARIANCE> 24
 7.365284e+01 6.399462e+01 8.465891e+01 9.463329e+01 9.754080e+01 9.176339e+01 5.729484e+01 6.033834e+01 5.870358e+01 4.574493e+01 4.365606e+01 4.857709e+01 2.371268e+00 2.795149e+00 2.855422e+00 3.237758e+00 3.187140e+00 3.688549e+00 3.204963e+00 3.371537e+00 3.266775e+00 2.807728e+00 2.724906e+00 2.349470e+00
<GCONST> 1.073912e+02
<STATE> 4
<MEAN> 24
 -1.546071e+00 -2.319634e+00 -1.783509e+00 1.088904e-01 -7.765309e+00 8.500715e-01 -6.108377e+00 1.216019e-01 -3.376813e+00 3.530906e-02 -1.147990e+00 -4.056691e+00 -1.742491e-02 1.231232e-03 4.232768e-02 1.144583e-02 -1.534590e-02 1.331338e-03 -7.306631e-03 -6.811561e-03 -1.736448e-02 -9.366469e-03 9.677045e-03 6.247259e-04
<VARIANCE> 24
 7.963522e+01 6.434871e+01 8.611225e+01 9.420516e+01 9.463673e+01 9.076694e+01 5.716542e+01 5.981148e+01 5.876392e+01 4.541848e+01 4.364871e+01 4.782767e+01 2.350304e+00 2.729152e+00 2.802910e+00 3.197239e+00 3.108244e+00 3.601071e+00 3.141302e+00 3.295882e+00 3.224480e+00 2.769335e+00 2.699274e+00 2.299047e+00
<GCONST> 1.071996e+02
<TRANSP> 5
 0.000000e+00 1.000000e+00 0.000000e+00 0.000000e+00 0.000000e+00
 0.000000e+00 6.112949e-01 3.887050e-01 0.000000e+00 0.000000e+00
 0.000000e+00 0.000000e+00 6.112953e-01 3.887047e-01 0.000000e+00
 0.000000e+00 0.000000e+00 0.000000e+00 7.271101e-01 2.728899e-01
 0.000000e+00 0.000000e+00 0.000000e+00 0.000000e+00 0.000000e+00
<ENDHMM>
~h "r"
<BEGINHMM>
<NUMSTATES> 5
<STATE> 2
<MEAN> 24
 -2.317311e-01 -3.114494e+00 -6.971108e-01 7.181827e-01 -7.888740e+00 -7.457399e-02 -6.607387e+00 2.295791e-01 -3.331055e+00 -1.574556e-01 -1.073270e+00 -4.733264e+00 -6.484303e-03 5.572264e-03 1.117691e-02 -8.444010e-04 9.127750e-03 1.319924e-02 1.829140e-02 7.756175e-03 -4.481295e-03 -1.548460e-02 -4.828555e-03 8.178944e-03
<VARIANCE> 24
 6.865981e+01 6.884727e+01 7.898942e+01 9.289878e+01 9.305901e+01 9.260880e+01 6.029445e+01 6.604911e+01 6.178782e+01 5.054629e+01 4.747063e+01 5.217377e+01 2.038249e+00 2.891524e+00 2.705709e+00 3.126521e+00 3.229999e+00 3.558919e+00 3.189391e+00 3.691194e+00 3.486894e+00 2.835751e+00 2.867144e+00 2.385130e+00
<GCONST> 1.077142e+02
<STATE> 3
<MEAN> 24
 -2.516684e-01 -3.100517e+00 -6.725420e-01 7.085592e-01 -7.868453e+00 -3.507325e-02 -6.568406e+00 2.470141e-01 -3.340203e+00 -1.928771e-01 -1.083718e+00 -4.716302e+00 -1.139985e-02 1.206001e-02 7.189038e-03 -1.852971e-03 1.072732e-02 1.696519e-02 1.973783e-02 6.196767e-03 -5.239443e-03 -1.616478e-02 -2.530677e-03 9.783419e-03
<VARIANCE> 24
 6.854404e+01 6.919358e+01 7.901311e+01 9.277567e+01 9.325938e+01 9.272126e+01 6.033392e+01 6.562328e+01 6.184287e+01 5.043313e+01 4.740924e+01 5.205272e+01 2.027713e+00 2.880157e+00 2.694083e+00 3.105785e+00 3.218797e+00 3.546047e+00 3.182960e+00 3.653274e+00 3.467936e+00 2.828698e+00 2.856202e+00 2.372715e+00
<GCONST> 1.076526e+02
<STATE> 4
<MEAN> 24
 -7.001824e-01 -2.533268e+00 -7.374921e-01 5.169000e-01 -7.625964e+00 1.975178e-01 -6.374995e+00 4.490941e-01 -3.980595e+00 3.840254e-02 -9.211524e-01 -4.743704e+00 -1.278102e-02 1.440413e-02 1.874364e-03 -2.394505e-03 7.298751e-03 1.579357e-02 1.526755e-02 2.965124e-03 -5.602248e-03 -1.273250e-02 -7.452076e-04 8.118184e-03
<VARIANCE> 24
 6.828191e+01 6.965507e+01 7.757279e+01 9.097364e+01 8.904430e+01 8.954340e+01 5.842327e+01 6.350510e+01 6.408170e+01 4.952259e+01 4.641227e+01 5.049120e+01 1.962431e+00 2.741990e+00 2.654392e+00 3.075496e+00 3.195525e+00 3.522649e+00 3.102648e+00 3.606653e+00 3.425975e+00 2.818406e+00 2.807520e+00 2.312039e+00
<GCONST> 1.072192e+02
<TRANSP> 5
 0.000000e+00 1.000000e+00 0.000000e+00 0.000000e+00 0.000000e+00
 0.000000e+00 6.093993e-01 3.906007e-01 0.000000e+00 0.000000e+00
 0.000000e+00 0.000000e+00 6.094056e-01 3.905944e-01 0.000000e+00
 0.000000e+00 0.000000e+00 0.000000e+00 7.526486e-01 2.473514e-01
 0.000000e+00 0.000000e+00 0.000000e+00 0.000000e+00 0.000000e+00
<ENDHMM>
~h "s"
<BEGINHMM>
<NUMSTATES> 5
<STATE> 2
<MEAN> 24
 -2.445267e+00 -2.195467e+00 1.106404e-01 6.978992e-01 -7.460946e+00 -2.272466e-01 -5.739360e+00 -3.272940e-01 -3.149775e+00 -7.681638e-01 -1.091979e+00 -3.576330e+00 1.652058e-02 -1.682704e-02 1.861398e-03 5.551579e-03 -1.885105e-02 1.249226e-03 4.917724e-03 -8.227127e-04 -1.691323e-02 4.881910e-03 7.073950e-03 -2.709999e-03
<VARIANCE> 24
 8.453103e+01 8.393342e+01 8.822442e+01 1.023000e+02 1.164073e+02 1.088838e+02 6.361640e+01 6.041753e+01 5.876717e+01 4.731009e+01 4.455679e+01 4.816582e+01 2.928053e+00 3.055493e+00 3.037971e+00 2.831521e+00 3.464632e+00 3.555489e+00 3.443940e+00 3.405418e+00 3.202578e+00 2.736361e+00 2.697627e+00 2.266579e+00
<GCONST> 1.086849e+02
<STATE> 3
<MEAN> 24
 -2.404960e+00 -2.237413e+00 1.095361e-01 7.163952e-01 -7.506230e+00 -2.207403e-01 -5.730755e+00 -3.249642e-01 -3.189495e+00 -7.559615e-01 -1.078046e+00 -3.579983e+00 2.492721e-02 -1.761314e-02 -3.450665e-03 1.094906e-02 -2.176051e-02 1.013767e-02 2.504936e-03 6.813916e-04 -1.660497e-02 5.940274e-03 4.871998e-03 -1.739221e-03
<VARIANCE> 24
 8.407892e+01 8.327105e+01 8.819620e+01 1.016947e+02 1.160327e+02 1.082996e+02 6.364933e+01 6.075397e+01 5.884280e+01 4.716484e+01 4.463285e+01 4.808361e+01 2.892385e+00 3.039313e+00 3.023912e+00 2.817855e+00 3.443666e+00 3.548066e+00 3.425600e+00 3.421370e+00 3.209412e+00 2.731692e+00 2.694208e+00 2.259162e+00
<GCONST> 1.086210e+02
<STATE> 4
<MEAN> 24
 -2.607431e+00 -1.995341e+00 -2.521401e-01 6.030658e-01 -7.274116e+00 -6.727366e-02 -5.556033e+00 -1.036716e-01 -3.732747e+00 -4.717770e-01 -9.834790e-01 -3.665881e+00 2.690798e-02 -1.190106e-02 -1.000383e-02 1.409041e-02 -1.921999e-02 1.480628e-02 -6.807793e-04 3.194380e-03 -1.318989e-02 7.474289e-03 3.155014e-03 -3.365611e-04
<VARIANCE> 24
 8.283830e+01 8.048413e+01 8.624533e+01 9.935897e+01 1.092675e+02 1.033778e+02 6.126501e+01 5.961351e+01 6.197489e+01 4.639474e+01 4.452749e+01 4.704967e+01 2.678601e+00 2.898929e+00 2.915904e+00 2.838283e+00 3.312715e+00 3.484293e+00 3.271922e+00 3.400025e+00 3.201759e+00 2.701399e+00 2.673454e+00 2.196451e+00
<GCONST> 1.080623e+02
<TRANSP> 5
 0.000000e+00 1.000000e+00 0.000000e+00 0.000000e+00 0.000000e+00
 0.000000e+00 6.141445e-01 3.858555e-01 0.000000e+00 0.000000e+00
 0.000000e+00 0.000000e+00 6.141447e-01 3.858554e-01 0.000000e+00
 0.000000e+00 0.000000e+00 0.000000e+00 7.514402e-01 2.485598e-01
 0.000000e+00 0.000000e+00 0.000000e+00 0.000000e+00 0.000000e+00
<ENDHMM>
~h "t"
<BEGINHMM>
<NUMSTATES> 5
<STATE> 2
<MEAN> 24
 -1.555790e+00 -1.805393e+00 -7.196556e-01 -1.095643e-01 -7.617836e+00 4.932817e-01 -6.338171e+00 7.681239e-02 -3.310951e+00 -4.075147e-03 -1.040612e+00 -4.011652e+00 3.679607e-03 -1.557171e-02 7.060193e-03 -2.503556e-03 -7.073379e-03 5.661693e-03 -1.774286e-02 1.054666e-02 1.658395e-03 -1.451464e-03 1.277250e-03 7.136079e-04
<VARIANCE> 24
 7.082974e+01 6.336146e+01 7.730639e+01 9.686841e+01 9.511157e+01 8.930434e+01 5.831070e+01 6.019416e+01 5.948473e+01 4.611814e+01 4.442164e+01 4.722823e+01 2.155613e+00 2.671080e+00 2.659549e+00 3.175951e+00 3.180697e+00 3.625085e+00 3.381572e+00 3.439698e+00 3.301540e+00 2.724056e+00 2.703919e+00 2.329800e+00
<GCONST> 1.070354e+02
<STATE> 3
<MEAN> 24
 -1.553733e+00 -1.829467e+00 -7.124515e-01 -1.000508e-01 -7.629905e+00 5.095687e-01 -6.374406e+00 9.971545e-02 -3.301327e+00 -1.722039e-02 -1.046433e+00 -4.005271e+00 3.358356e-03 -1.232912e-02 2.791654e-03 3.665211e-03 -4.532197e-03 7.899824e-03 -1.555818e-02 9.644687e-03 1.070940e-03 -5.759475e-03 3.112226e-04 2.963283e-03
<VARIANCE> 24
 7.091571e+01 6.364471e+01 7.746483e+01 9.719583e+01 9.470580e+01 8.890807e+01 5.829668e+01 6.027717e+01 5.960641e+01 4.626974e+01 4.438274e+01 4.712127e+01 2.144623e+00 2.652669e+00 2.644077e+00 3.160305e+00 3.157468e+00 3.602563e+00 3.362061e+00 3.425911e+00 3.290498e+00 2.722649e+00 2.703512e+00 2.311120e+00
<GCONST> 1.069829e+02
<STATE> 4
<MEAN> 24
 -1.974351e+00 -1.512444e+00 -9.296066e-01 6.331991e-04 -7.443165e+00 6.749038e-01 -6.188672e+00 3.655040e-01 -3.663286e+00 5.257538e-02 -1.049450e+00 -3.902274e+00 -1.018625e-03 -6.697651e-03 -1.868357e-03 1.106805e-02 2.469525e-04 9.473049e-03 -6.566211e-03 6.663587e-03 3.933894e-03 -8.910767e-03 -2.301802e-03 4.808509e-03
<VARIANCE> 24
 7.330019e+01 6.440237e+01 7.696142e+01 9.591613e+01 9.144693e+01 8.616222e+01 5.630790e+01 5.962843e+01 6.194783e+01 4.546412e+01 4.372705e+01 4.550652e+01 2.079766e+00 2.556491e+00 2.600149e+00 3.103964e+00 3.069248e+00 3.517099e+00 3.205280e+00 3.365565e+00 3.268013e+00 2.683660e+00 2.658240e+00 2.221108e+00
<GCONST> 1.065692e+02
<TRANSP> 5
 0.000000e+00 1.000000e+00 0.000000e+00 0.000000e+00 0.000000e+00
 0.000000e+00 6.156487e-01 3.843512e-01 0.000000e+00 0.000000e+00
 0.000000e+00 0.000000e+00 6.156442e-01 3.843559e-01 0.000000e+00
 0.000000e+00 0.000000e+00 0.000000e+00 7.519007e-01 2.480993e-01
 0.000000e+00 0.000000e+00 0.000000e+00 0.000000e+00 0.000000e+00
<ENDHMM>
~h "u"
<BEGINHMM>
<NUMSTATES> 5
<STATE> 2
<MEAN> 24
 -1.144171e+00 -9.340599e-01 -6.874714e-01 -4.975339e-03 -7.802176e+00 1.201628e+00 -7.559635e+00 -7.777751e-01 -3.788005e+00 -2.859409e-01 -7.706109e-01 -3.855609e+00 -4.442303e-03 -1.804188e-02 -5.630733e-03 1.161509e-02 -3.009374e-03 1.673624e-03 1.506507e-02 1.071736e-02 1.017582e-02 1.791442e-03 -3.454250e-03 1.327694e-03
<VARIANCE> 24
 7.744313e+01 6.652969e+01 7.843085e+01 9.724680e+01 9.590955e+01 8.620155e+01 6.548534e+01 6.181120e+01 6.128593e+01 5.013483e+01 4.763223e+01 4.644055e+01 2.049543e+00 2.645908e+00 2.603430e+00 3.254590e+00 3.280210e+00 3.546973e+00 3.486071e+00 3.505098e+00 3.344175e+00 2.916774e+00 2.875794e+00 2.296435e+00
<GCONST> 1.076036e+02
<STATE> 3
<MEAN> 24
 -1.158929e+00 -9.786055e-01 -7.116056e-01 2.503290e-02 -7.817290e+00 1.210865e+00 -7.504614e+00 -7.492171e-01 -3.767781e+00 -2.862646e-01 -7.817884e-01 -3.854010e+00 -5.643265e-03 -1.836807e-02 -8.873482e-03 1.364875e-02 -2.902241e-03 3.175227e-04 2.374987e-02 1.342914e-02 8.095788e-03 -9.024925e-05 -5.962482e-03 -9.937298e-04
<VARIANCE> 24
 7.731490e+01 6.690369e+01 7.822329e+01 9.647161e+01 9.639014e+01 8.636463e+01 6.544485e+01 6.205507e+01 6.099861e+01 4.996185e+01 4.740660e+01 4.670319e+01 2.039168e+00 2.650581e+00 2.587389e+00 3.221044e+00 3.275864e+00 3.540031e+00 3.473942e+00 3.505218e+00 3.329788e+00 2.908458e+00 2.866326e+00 2.296579e+00
<GCONST> 1.075628e+02
<STATE> 4
<MEAN> 24
 -1.739735e+00 -7.850670e-01 -1.095033e+00 2.277391e-02 -7.590086e+00 1.267215e+00 -7.007001e+00 -4.854053e-01 -4.196416e+00 -1.046949e-01 -7.282881e-01 -3.827092e+00 -8.208088e-03 -1.507581e-02 -1.151375e-02 1.252350e-02 -1.717033e-03 8.044272e-04 2.753991e-02 1.334062e-02 6.129066e-03 -1.716601e-03 -6.006808e-03 -1.522550e-03
<VARIANCE> 24
 7.908179e+01 6.647846e+01 7.750513e+01 9.317723e+01 9.366464e+01 8.486055e+01 6.460112e+01 6.100962e+01 6.349543e+01 4.902693e+01 4.637878e+01 4.622426e+01 1.978052e+00 2.576848e+00 2.525082e+00 3.150576e+00 3.185491e+00 3.471899e+00 3.344610e+00 3.451316e+00 3.300544e+00 2.853440e+00 2.799889e+00 2.234275e+00
<GCONST> 1.071630e+02
<TRANSP> 5
 0.000000e+00 1.000000e+00 0.000000e+00 0.000000e+00 0.000000e+00
 0.000000e+00 6.181246e-01 3.818754e-01 0.000000e+00 0.000000e+00
 0.000000e+00 0.000000e+00 6.181248e-01 3.818752e-01 0.000000e+00
 0.000000e+00 0.000000e+00 0.000000e+00 7.539443e-01 2.460556e-01
 0.000000e+00 0.000000e+00 0.000000e+00 0.000000e+00 0.000000e+00
<ENDHMM>
~h "v"
<BEGINHMM>
<NUMSTATES> 5
<STATE> 2
<MEAN> 24
 -2.294685e+00 -4.808400e+00 -3.638189e+00 4.801137e+00 -1.160324e+01 1.078796e+00 -5.409235e+00 -1.315605e+00 -3.268337e+00 -2.238418e+00 -2.325417e+00 -6.020565e-01 5.173822e-02 -1.672221e-02 -7.834892e-03 3.332879e-02 -1.709878e-02 -9.769172e-03 -4.523016e-03 3.632609e-02 3.669697e-02 -1.512566e-03 -1.334041e-02 -3.071334e-03
<VARIANCE> 24
 1.063495e+02 6.403742e+01 5.246096e+01 1.655475e+02 9.882458e+01 1.252601e+02 5.924101e+01 4.440572e+01 5.259554e+01 5.064382e+01 3.219065e+01 3.389264e+01 2.767990e+00 2.493177e+00 2.452155e+00 3.311752e+00 3.926839e+00 4.323374e+00 3.100754e+00 2.696467e+00 3.367250e+00 2.318388e+00 2.396489e+00 1.815026e+00
<GCONST> 1.066923e+02
<STATE> 3
<MEAN> 24
 -2.149735e+00 -4.797681e+00 -3.751428e+00 4.864301e+00 -1.157348e+01 1.030112e+00 -5.461879e+00 -1.185380e+00 -3.176477e+00 -2.317413e+00 -2.386459e+00 -5.793433e-01 4.554295e-02 1.686429e-03 -3.001483e-02 2.421654e-02 2.544657e-02 -1.532954e-02 -4.717701e-02 3.245063e-02 3.023880e-02 -3.746639e-02 -3.568728e-02 1.095229e-04
<VARIANCE> 24
 1.055306e+02 6.500284e+01 5.296478e+01 1.623727e+02 9.489571e+01 1.284994e+02 5.838527e+01 4.504952e+01 5.327068e+01 4.989967e+01 3.262226e+01 3.548547e+01 2.874602e+00 2.515530e+00 2.441331e+00 3.170320e+00 3.731741e+00 4.325759e+00 3.007154e+00 2.653198e+00 3.261770e+00 2.212667e+00 2.394988e+00 1.820567e+00
<GCONST> 1.065570e+02
<STATE> 4
<MEAN> 24
 -2.179071e+00 -4.531427e+00 -4.080756e+00 4.814047e+00 -1.136455e+01 9.515725e-01 -5.493093e+00 -9.385411e-01 -3.082660e+00 -2.256031e+00 -2.584860e+00 -5.748445e-01 4.271208e-02 1.910545e-02 -3.012998e-02 2.408113e-02 5.899443e-02 -1.766396e-02 -3.340422e-02 3.766486e-02 3.043800e-02 -5.478479e-02 -6.644262e-02 -7.004171e-03
<VARIANCE> 24
 1.061734e+02 6.777568e+01 5.335484e+01 1.577322e+02 8.845520e+01 1.325463e+02 5.621379e+01 4.611362e+01 5.419764e+01 4.990619e+01 3.363278e+01 3.666266e+01 3.081423e+00 2.622598e+00 2.450136e+00 3.093829e+00 3.521057e+00 4.288306e+00 2.951530e+00 2.591243e+00 3.179888e+00 2.116802e+00 2.414108e+00 1.884632e+00
<GCONST> 1.065640e+02
<TRANSP> 5
 0.000000e+00 1.000000e+00 0.000000e+00 0.000000e+00 0.000000e+00
 0.000000e+00 6.516128e-01 3.483872e-01 0.000000e+00 0.000000e+00
 0.000000e+00 0.000000e+00 6.516133e-01 3.483867e-01 0.000000e+00
 0.000000e+00 0.000000e+00 0.000000e+00 7.662662e-01 2.337337e-01
 0.000000e+00 0.000000e+00 0.000000e+00 0.000000e+00 0.000000e+00
<ENDHMM>
~h "w"
<BEGINHMM>
<NUMSTATES> 5
<STATE> 2
<MEAN> 24
 -1.071901e+00 -1.466461e+00 -2.245847e+00 -6.227018e-01 -7.682414e+00 1.312663e+00 -6.757910e+00 -5.573727e-01 -2.749913e+00 -4.807959e-01 -1.456637e+00 -3.832143e+00 6.056970e-02 -1.930485e-02 -2.138217e-02 -2.757679e-02 -1.105593e-02 -3.421512e-03 -1.293557e-02 2.125112e-02 3.084936e-02 -4.112123e-03 -4.710433e-03 -6.027764e-04
<VARIANCE> 24
 8.784063e+01 6.240287e+01 6.581267e+01 1.084283e+02 1.066303e+02 8.340495e+01 5.668884e+01 5.761224e+01 5.639937e+01 4.995260e+01 4.637722e+01 4.386044e+01 2.085893e+00 2.516537e+00 2.391361e+00 3.151062e+00 3.043284e+00 3.538013e+00 3.112072e+00 3.181290e+00 2.986761e+00 2.754036e+00 2.599491e+00 2.361271e+00
<GCONST> 1.066054e+02
<STATE> 3
<MEAN> 24
 -8.564270e-01 -1.536224e+00 -2.305488e+00 -7.175888e-01 -7.726980e+00 1.300767e+00 -6.786264e+00 -5.063350e-01 -2.677318e+00 -4.885927e-01 -1.489334e+00 -3.846245e+00 7.160932e-02 -2.264865e-02 -2.396241e-02 -2.459988e-02 -1.413017e-02 -5.019258e-03 -8.352907e-03 2.566831e-02 2.760031e-02 -6.184720e-03 -1.043096e-02 -9.232456e-04
<VARIANCE> 24
 8.664587e+01 6.225229e+01 6.572581e+01 1.101766e+02 1.090039e+02 8.367717e+01 5.697123e+01 5.825895e+01 5.704706e+01 5.024390e+01 4.714464e+01 4.382411e+01 2.161796e+00 2.541203e+00 2.406738e+00 3.226427e+00 3.063725e+00 3.602336e+00 3.175362e+00 3.217316e+00 3.032433e+00 2.776971e+00 2.615148e+00 2.378196e+00
<GCONST> 1.068464e+02
<STATE> 4
<MEAN> 24
 -9.936342e-01 -1.541438e+00 -2.743316e+00 -8.416393e-01 -7.698761e+00 1.459721e+00 -6.630352e+00 -3.568359e-01 -2.594481e+00 -4.611357e-01 -1.659556e+00 -3.784870e+00 7.985461e-02 -2.940549e-02 -2.597497e-02 -2.672656e-02 -1.195558e-02 1.447742e-03 -2.700727e-03 2.302102e-02 1.857846e-02 -4.303955e-03 -1.658614e-02 -6.693394e-03
<VARIANCE> 24
 8.959731e+01 6.326147e+01 6.530696e+01 1.110677e+02 1.108168e+02 8.347903e+01 5.655475e+01 5.837632e+01 5.750363e+01 5.021468e+01 4.827765e+01 4.318858e+01 2.232430e+00 2.564091e+00 2.391081e+00 3.246112e+00 3.036824e+00 3.594065e+00 3.161509e+00 3.197334e+00 3.052205e+00 2.744869e+00 2.586956e+00 2.361650e+00
<GCONST> 1.069190e+02
<TRANSP> 5
 0.000000e+00 1.000000e+00 0.000000e+00 0.000000e+00 0.000000e+00
 0.000000e+00 6.148933e-01 3.851067e-01 0.000000e+00 0.000000e+00
 0.000000e+00 0.000000e+00 6.148937e-01 3.851064e-01 0.000000e+00
 0.000000e+00 0.000000e+00 0.000000e+00 7.324909e-01 2.675091e-01
 0.000000e+00 0.000000e+00 0.000000e+00 0.000000e+00 0.000000e+00
<ENDHMM>
~h "y"
<BEGINHMM>
<NUMSTATES> 5
<STATE> 2
<MEAN> 24
 -1.815747e+00 -2.909943e+00 6.175084e-01 1.030431e-01 -8.907840e+00 -9.193091e-01 -5.683403e+00 1.417187e+00 -3.536799e+00 -6.038272e-01 -9.118025e-01 -3.675421e+00 1.560141e-02 -1.047314e-02 1.527296e-03 -8.491202e-03 1.047903e-02 1.034797e-02 -1.020292e-02 -3.835602e-03 1.787180e-02 -1.865742e-02 -9.612583e-03 -1.865732e-02
<VARIANCE> 24
 7.986806e+01 6.762769e+01 9.692735e+01 9.292403e+01 9.461877e+01 9.105102e+01 6.174583e+01 6.799954e+01 5.621046e+01 4.667122e+01 4.636721e+01 4.583566e+01 1.698671e+00 2.226823e+00 2.640622e+00 2.598657e+00 3.032602e+00 3.029793e+00 2.852249e+00 3.265552e+00 2.886738e+00 2.481656e+00 2.550275e+00 2.072258e+00
<GCONST> 1.060867e+02
<STATE> 3
<MEAN> 24
 -1.764420e+00 -2.950392e+00 6.262333e-01 1.029597e-01 -8.884044e+00 -9.017565e-01 -5.710287e+00 1.405213e+00 -3.510297e+00 -6.548060e-01 -9.213080e-01 -3.710729e+00 1.639939e-02 -1.016157e-02 -2.804436e-03 2.722579e-03 1.458398e-02 1.261164e-02 -1.249290e-02 -1.490408e-02 1.322207e-02 -1.817747e-02 -2.635115e-03 -1.752162e-02
<VARIANCE> 24
 7.869267e+01 6.798579e+01 9.586262e+01 9.412390e+01 9.518546e+01 9.059415e+01 6.237041e+01 6.757504e+01 5.617677e+01 4.708125e+01 4.696630e+01 4.602553e+01 1.688822e+00 2.223019e+00 2.639392e+00 2.587581e+00 3.040479e+00 3.020657e+00 2.881833e+00 3.274596e+00 2.903393e+00 2.480907e+00 2.562289e+00 2.077320e+00
<GCONST> 1.061217e+02
<STATE> 4
<MEAN> 24
 -2.123892e+00 -2.649960e+00 1.904563e-01 2.100949e-01 -8.268491e+00 -6.112082e-01 -5.413600e+00 1.380900e+00 -3.856701e+00 -4.131494e-01 -1.013795e+00 -3.554765e+00 1.608865e-02 -1.004559e-02 -8.686703e-03 1.315640e-02 1.824039e-02 1.280228e-02 -1.000269e-02 -1.634164e-02 6.071798e-03 -1.509991e-02 -6.043128e-04 -9.997558e-03
<VARIANCE> 24
 7.799794e+01 6.765405e+01 9.164960e+01 9.532488e+01 9.218708e+01 8.767834e+01 6.145532e+01 6.418472e+01 5.827562e+01 4.607393e+01 4.657607e+01 4.464411e+01 1.614812e+00 2.118087e+00 2.535525e+00 2.525748e+00 2.890585e+00 2.938906e+00 2.791478e+00 3.167163e+00 2.865116e+00 2.407428e+00 2.479581e+00 2.020605e+00
<GCONST> 1.055164e+02
<TRANSP> 5
 0.000000e+00 1.000000e+00 0.000000e+00 0.000000e+00 0.000000e+00
 0.000000e+00 6.218991e-01 3.781010e-01 0.000000e+00 0.000000e+00
 0.000000e+00 0.000000e+00 6.218983e-01 3.781017e-01 0.000000e+00
 0.000000e+00 0.000000e+00 0.000000e+00 7.645703e-01 2.354297e-01
 0.000000e+00 0.000000e+00 0.000000e+00 0.000000e+00 0.000000e+00
<ENDHMM>
~h "z"
<BEGINHMM>
<NUMSTATES> 5
<STATE> 2
<MEAN> 24
 -1.581655e+00 -9.699658e-01 2.867868e+00 3.618540e+00 -6.891663e+00 2.712475e+00 -8.347612e+00 1.345301e+00 -2.542131e+00 -1.180280e+00 -7.789882e-01 -1.409192e+00 6.628997e-02 -1.709483e-01 2.920857e-02 -1.365176e-01 -4.473536e-03 1.304156e-01 -5.171115e-02 4.011396e-02 1.403729e-02 -4.528793e-03 -1.047224e-02 2.224898e-02
<VARIANCE> 24
 4.065707e+01 8.290602e+01 8.063908e+01 1.057177e+02 7.527249e+01 8.246387e+01 6.289847e+01 5.532893e+01 4.893828e+01 4.948714e+01 2.655170e+01 6.007683e+01 2.078445e+00 2.278847e+00 2.713059e+00 2.529355e+00 2.345475e+00 3.127593e+00 3.514435e+00 3.279878e+00 2.453177e+00 2.944773e+00 2.612683e+00 2.293237e+00
<GCONST> 1.050245e+02
<STATE> 3
<MEAN> 24
 -1.373408e+00 -1.544419e+00 2.962543e+00 3.282169e+00 -6.934040e+00 2.966794e+00 -8.484582e+00 1.516811e+00 -2.505602e+00 -1.305324e+00 -8.694065e-01 -1.220577e+00 8.038106e-02 -1.605433e-01 -4.877964e-03 -1.385036e-01 -1.737427e-02 1.108365e-01 -2.974596e-02 9.210273e-02 2.196889e-02 -2.336046e-02 -6.043388e-02 3.772865e-02
<VARIANCE> 24
 4.049809e+01 8.526943e+01 8.071202e+01 1.054873e+02 7.847865e+01 8.144156e+01 6.170078e+01 5.722164e+01 4.661689e+01 5.137487e+01 2.723612e+01 6.602341e+01 1.946316e+00 2.265582e+00 2.729461e+00 2.429884e+00 2.278399e+00 3.012911e+00 3.473688e+00 3.283377e+00 2.422460e+00 2.915114e+00 2.537040e+00 2.260057e+00
<GCONST> 1.049505e+02
<STATE> 4
<MEAN> 24
 -2.220111e+00 -1.630865e-01 4.557842e-01 4.471364e+00 -5.246835e+00 3.260579e+00 -6.154887e+00 3.495452e+00 -1.839663e+00 -2.833791e+00 -1.832211e+00 5.442572e-01 7.299883e-02 -7.046549e-02 -3.568242e-02 -6.133404e-02 -3.875987e-02 4.122227e-02 -4.078237e-03 4.291115e-02 2.679179e-03 -2.794772e-02 -7.841203e-02 3.590082e-03
<VARIANCE> 24
 2.896486e+01 6.598648e+01 6.519529e+01 6.873857e+01 6.382130e+01 5.761376e+01 4.977325e+01 5.089756e+01 3.232597e+01 3.999391e+01 2.367378e+01 5.030951e+01 1.230912e+00 1.579916e+00 2.069540e+00 1.795160e+00 1.839753e+00 2.466276e+00 2.847465e+00 2.926507e+00 1.874976e+00 2.429957e+00 2.129642e+00 1.830200e+00
<GCONST> 9.885356e+01
<TRANSP> 5
 0.000000e+00 1.000000e+00 0.000000e+00 0.000000e+00 0.000000e+00
 0.000000e+00 6.939945e-01 3.060055e-01 0.000000e+00 0.000000e+00
 0.000000e+00 0.000000e+00 6.939948e-01 3.060052e-01 0.000000e+00
 0.000000e+00 0.000000e+00 0.000000e+00 8.766317e-01 1.233683e-01
 0.000000e+00 0.000000e+00 0.000000e+00 0.000000e+00 0.000000e+00
<ENDHMM>
~h "ai"
<BEGINHMM>
<NUMSTATES> 5
<STATE> 2
<MEAN> 24
 0.000000e+00 0.000000e+00 0.000000e+00 0.000000e+00 0.000000e+00 0.000000e+00 0.000000e+00 0.000000e+00 0.000000e+00 0.000000e+00 0.000000e+00 0.000000e+00 0.000000e+00 0.000000e+00 0.000000e+00 0.000000e+00 0.000000e+00 0.000000e+00 0.000000e+00 0.000000e+00 0.000000e+00 0.000000e+00 0.000000e+00 0.000000e+00
<VARIANCE> 24
 1.000000e+00 1.000000e+00 1.000000e+00 1.000000e+00 1.000000e+00 1.000000e+00 1.000000e+00 1.000000e+00 1.000000e+00 1.000000e+00 1.000000e+00 1.000000e+00 1.000000e+00 1.000000e+00 1.000000e+00 1.000000e+00 1.000000e+00 1.000000e+00 1.000000e+00 1.000000e+00 1.000000e+00 1.000000e+00 1.000000e+00 1.000000e+00
<GCONST> 4.410905e+01
<STATE> 3
<MEAN> 24
 0.000000e+00 0.000000e+00 0.000000e+00 0.000000e+00 0.000000e+00 0.000000e+00 0.000000e+00 0.000000e+00 0.000000e+00 0.000000e+00 0.000000e+00 0.000000e+00 0.000000e+00 0.000000e+00 0.000000e+00 0.000000e+00 0.000000e+00 0.000000e+00 0.000000e+00 0.000000e+00 0.000000e+00 0.000000e+00 0.000000e+00 0.000000e+00
<VARIANCE> 24
 1.000000e+00 1.000000e+00 1.000000e+00 1.000000e+00 1.000000e+00 1.000000e+00 1.000000e+00 1.000000e+00 1.000000e+00 1.000000e+00 1.000000e+00 1.000000e+00 1.000000e+00 1.000000e+00 1.000000e+00 1.000000e+00 1.000000e+00 1.000000e+00 1.000000e+00 1.000000e+00 1.000000e+00 1.000000e+00 1.000000e+00 1.000000e+00
<GCONST> 4.410905e+01
<STATE> 4
<MEAN> 24
 0.000000e+00 0.000000e+00 0.000000e+00 0.000000e+00 0.000000e+00 0.000000e+00 0.000000e+00 0.000000e+00 0.000000e+00 0.000000e+00 0.000000e+00 0.000000e+00 0.000000e+00 0.000000e+00 0.000000e+00 0.000000e+00 0.000000e+00 0.000000e+00 0.000000e+00 0.000000e+00 0.000000e+00 0.000000e+00 0.000000e+00 0.000000e+00
<VARIANCE> 24
 1.000000e+00 1.000000e+00 1.000000e+00 1.000000e+00 1.000000e+00 1.000000e+00 1.000000e+00 1.000000e+00 1.000000e+00 1.000000e+00 1.000000e+00 1.000000e+00 1.000000e+00 1.000000e+00 1.000000e+00 1.000000e+00 1.000000e+00 1.000000e+00 1.000000e+00 1.000000e+00 1.000000e+00 1.000000e+00 1.000000e+00 1.000000e+00
<GCONST> 4.410905e+01
<TRANSP> 5
 0.000000e+00 1.000000e+00 0.000000e+00 0.000000e+00 0.000000e+00
 0.000000e+00 6.000000e-01 4.000000e-01 0.000000e+00 0.000000e+00
 0.000000e+00 0.000000e+00 6.000000e-01 4.000000e-01 0.000000e+00
 0.000000e+00 0.000000e+00 0.000000e+00 7.000000e-01 3.000000e-01
 0.000000e+00 0.000000e+00 0.000000e+00 0.000000e+00 0.000000e+00
<ENDHMM>
~h "au"
<BEGINHMM>
<NUMSTATES> 5
<STATE> 2
<MEAN> 24
 -3.393715e+00 -9.839335e-01 -7.694332e+00 6.364516e+00 -1.401914e+01 4.402770e+00 -5.818139e-01 4.364180e+00 -8.246229e-01 -1.314778e+00 -1.876066e+00 -6.764250e-01 4.232421e-01 -4.206625e-01 -4.598593e-01 -2.406511e-01 -2.972579e-01 -2.592328e-01 1.547014e-02 -1.023440e-02 -3.089995e-01 -3.758265e-01 -4.897945e-02 9.401532e-02
<VARIANCE> 24
 2.032966e+02 8.496346e+01 5.428230e+01 1.316743e+02 8.032040e+01 1.866799e+02 5.838855e+01 2.998418e+01 4.097734e+01 3.802851e+01 1.777998e+01 3.820690e+01 1.069569e+01 5.494736e+00 3.256054e+00 3.764252e+00 3.957280e+00 4.424971e+00 5.345351e+00 2.332013e+00 3.427308e+00 1.855233e+00 1.270350e+00 2.086037e+00
<GCONST> 1.084859e+02
<STATE> 3
<MEAN> 24
 -2.502354e+00 -2.144575e+00 -8.867749e+00 5.716846e+00 -1.477710e+01 3.872499e+00 -5.478058e-01 4.269696e+00 -1.600242e+00 -2.249779e+00 -1.999800e+00 -3.249208e-01 3.482321e-01 -4.539892e-01 -4.252754e-01 -2.352257e-01 -2.993867e-01 -1.872051e-01 2.270817e-02 -3.752821e-02 -2.858975e-01 -3.452641e-01 -4.038966e-02 1.536368e-01
<VARIANCE> 24
 2.043618e+02 9.028777e+01 5.309894e+01 1.282263e+02 8.681044e+01 1.915221e+02 5.989513e+01 3.067791e+01 4.537174e+01 3.772085e+01 1.735814e+01 4.201199e+01 1.110557e+01 6.163224e+00 3.558758e+00 3.893581e+00 4.082375e+00 4.900764e+00 5.567707e+00 2.769421e+00 4.015957e+00 2.165786e+00 1.497232e+00 2.311995e+00
<GCONST> 1.100212e+02
<STATE> 4
<MEAN> 24
 -1.827715e+00 -3.568585e+00 -1.004160e+01 5.000460e+00 -1.549671e+01 3.663145e+00 -5.572755e-01 4.041577e+00 -2.268369e+00 -3.223288e+00 -2.144294e+00 2.904070e-01 2.751139e-01 -4.458285e-01 -3.082616e-01 -1.613725e-01 -2.770077e-01 -9.705018e-02 1.827143e-02 -5.527507e-02 -1.715212e-01 -2.344556e-01 -3.397983e-02 1.700408e-01
<VARIANCE> 24
 1.940191e+02 9.041843e+01 5.151499e+01 1.260794e+02 8.755896e+01 2.014778e+02 5.832138e+01 3.270829e+01 4.841275e+01 3.785529e+01 1.712677e+01 4.827174e+01 1.075552e+01 6.644708e+00 3.868570e+00 3.939771e+00 4.059182e+00 5.370352e+00 5.601748e+00 3.360007e+00 4.517290e+00 2.636783e+00 1.769805e+00 2.519686e+00
<GCONST> 1.112055e+02
<TRANSP> 5
 0.000000e+00 1.000000e+00 0.000000e+00 0.000000e+00 0.000000e+00
 0.000000e+00 6.120422e-01 3.879578e-01 0.000000e+00 0.000000e+00
 0.000000e+00 0.000000e+00 6.120422e-01 3.879578e-01 0.000000e+00
 0.000000e+00 0.000000e+00 0.000000e+00 7.141646e-01 2.858354e-01
 0.000000e+00 0.000000e+00 0.000000e+00 0.000000e+00 0.000000e+00
<ENDHMM>
~h "aw"
<BEGINHMM>
<NUMSTATES> 5
<STATE> 2
<MEAN> 24
 1.286862e+00 -1.107103e+00 -2.143942e+00 -3.540825e+00 -6.957831e+00 1.384394e+00 -6.953866e+00 -1.054392e+00 -3.630403e+00 3.221451e-01 -1.309146e+00 -4.272132e+00 5.453661e-02 -7.612635e-03 4.003245e-02 3.357423e-02 -4.410736e-04 -2.928021e-02 -8.411922e-03 -1.573558e-02 -2.523969e-02 7.172674e-03 1.918933e-02 -3.507464e-02
<VARIANCE> 24
 6.661320e+01 5.716339e+01 6.853329e+01 1.219917e+02 8.963881e+01 7.676179e+01 6.065513e+01 5.818339e+01 5.881112e+01 4.986483e+01 4.182596e+01 4.359003e+01 1.862173e+00 2.250903e+00 2.315743e+00 3.604543e+00 3.175407e+00 3.289692e+00 3.292326e+00 3.283344e+00 3.175955e+00 2.805918e+00 2.564123e+00 2.267191e+00
<GCONST> 1.061116e+02
<STATE> 3
<MEAN> 24
 1.402295e+00 -1.114850e+00 -2.018301e+00 -3.383247e+00 -6.958731e+00 1.272760e+00 -6.965479e+00 -1.079462e+00 -3.685910e+00 3.168488e-01 -1.279415e+00 -4.353833e+00 3.843497e-02 -6.447216e-03 4.272222e-02 6.364390e-02 6.915836e-03 -5.116052e-02 -2.165442e-03 1.339105e-03 -2.118440e-02 5.422984e-04 7.500251e-03 -3.610794e-02
<VARIANCE> 24
 6.507397e+01 5.758347e+01 6.865012e+01 1.225210e+02 8.960236e+01 7.885661e+01 6.122024e+01 5.931757e+01 5.945863e+01 5.003313e+01 4.206112e+01 4.402271e+01 1.897460e+00 2.286943e+00 2.368290e+00 3.571404e+00 3.179703e+00 3.346339e+00 3.303539e+00 3.358961e+00 3.216116e+00 2.821129e+00 2.596270e+00 2.285406e+00
<GCONST> 1.063174e+02
<STATE> 4
<MEAN> 24
 1.179053e+00 -9.009922e-01 -2.013552e+00 -2.858604e+00 -6.915477e+00 1.213003e+00 -6.885045e+00 -1.016238e+00 -3.672957e+00 1.747671e-01 -1.339022e+00 -4.311046e+00 2.393854e-02 -9.947265e-03 4.307308e-02 8.531708e-02 1.866057e-03 -6.432614e-02 5.292935e-03 1.982088e-02 -1.501299e-02 -1.532270e-02 -4.102423e-03 -2.548511e-02
<VARIANCE> 24
 6.705843e+01 5.818726e+01 6.851740e+01 1.230410e+02 8.985449e+01 8.085580e+01 6.078211e+01 5.995425e+01 5.951758e+01 4.937570e+01 4.213337e+01 4.458920e+01 1.888404e+00 2.251673e+00 2.367740e+00 3.408956e+00 3.090234e+00 3.337550e+00 3.237191e+00 3.345070e+00 3.178837e+00 2.783998e+00 2.579856e+00 2.277366e+00
<GCONST> 1.062363e+02
<TRANSP> 5
 0.000000e+00 1.000000e+00 0.000000e+00 0.000000e+00 0.000000e+00
 0.000000e+00 6.167929e-01 3.832071e-01 0.000000e+00 0.000000e+00
 0.000000e+00 0.000000e+00 6.167939e-01 3.832061e-01 0.000000e+00
 0.000000e+00 0.000000e+00 0.000000e+00 7.311805e-01 2.688195e-01
 0.000000e+00 0.000000e+00 0.000000e+00 0.000000e+00 0.000000e+00
<ENDHMM>
~h "ay"
<BEGINHMM>
<NUMSTATES> 5
<STATE> 2
<MEAN> 24
 -7.158361e-01 -2.873105e+00 1.587256e+00 9.799848e-01 -9.174562e+00 -8.125721e-01 -6.950559e+00 1.258204e+00 -3.650033e+00 -1.223916e+00 -2.488745e-01 -4.769881e+00 -5.505631e-02 3.222506e-02 -5.205780e-02 1.981737e-03 1.073052e-02 1.670948e-02 2.096090e-02 1.590922e-02 -3.445437e-02 -2.304634e-02 1.454584e-03 1.871581e-02
<VARIANCE> 24
 5.430237e+01 6.764195e+01 9.348406e+01 7.719958e+01 8.898544e+01 9.197208e+01 6.459405e+01 7.332631e+01 5.937382e+01 4.773639e+01 5.081993e+01 5.557430e+01 1.670411e+00 2.506538e+00 2.702619e+00 2.661491e+00 3.366511e+00 3.187863e+00 3.029377e+00 3.966550e+00 3.261406e+00 2.702409e+00 2.916031e+00 2.435445e+00
<GCONST> 1.069718e+02
<STATE> 3
<MEAN> 24
 -8.696445e-01 -2.788205e+00 1.422053e+00 9.831495e-01 -9.111981e+00 -7.230742e-01 -6.870124e+00 1.308849e+00 -3.725991e+00 -1.305369e+00 -2.498719e-01 -4.716354e+00 -5.643191e-02 3.696819e-02 -6.293878e-02 -9.206817e-03 2.257873e-02 2.883239e-02 3.061589e-02 1.816257e-02 -2.967378e-02 -3.270723e-02 -1.103786e-02 2.223589e-02
<VARIANCE> 24
 5.463054e+01 6.675896e+01 9.456986e+01 7.499484e+01 8.907395e+01 9.185149e+01 6.455064e+01 7.120090e+01 5.897144e+01 4.837807e+01 5.133550e+01 5.548077e+01 1.679427e+00 2.495667e+00 2.663092e+00 2.648524e+00 3.332116e+00 3.171469e+00 3.044715e+00 3.923423e+00 3.225078e+00 2.713613e+00 2.906794e+00 2.424910e+00
<GCONST> 1.068774e+02
<STATE> 4
<MEAN> 24
 -1.246643e+00 -2.401808e+00 1.068444e+00 9.778288e-01 -8.695253e+00 -4.419301e-01 -6.532351e+00 1.427086e+00 -3.733263e+00 -1.527182e+00 -4.270422e-01 -4.503271e+00 -4.879908e-02 3.969650e-02 -6.593280e-02 -1.472678e-02 3.350341e-02 4.347663e-02 4.219142e-02 2.185880e-02 -2.255016e-02 -3.528327e-02 -1.889366e-02 2.908967e-02
<VARIANCE> 24
 5.511694e+01 6.546347e+01 9.308173e+01 7.086910e+01 8.789974e+01 8.951561e+01 6.288648e+01 6.703238e+01 5.727178e+01 4.747377e+01 5.138237e+01 5.381137e+01 1.638983e+00 2.438249e+00 2.514995e+00 2.548571e+00 3.187142e+00 3.066967e+00 2.946248e+00 3.739648e+00 3.115771e+00 2.664420e+00 2.841916e+00 2.373814e+00
<GCONST> 1.061921e+02
<TRANSP> 5
 0.000000e+00 1.000000e+00 0.000000e+00 0.000000e+00 0.000000e+00
 0.000000e+00 6.244371e-01 3.755628e-01 0.000000e+00 0.000000e+00
 0.000000e+00 0.000000e+00 6.244359e-01 3.755641e-01 0.000000e+00
 0.000000e+00 0.000000e+00 0.000000e+00 7.422367e-01 2.577634e-01
 0.000000e+00 0.000000e+00 0.000000e+00 0.000000e+00 0.000000e+00
<ENDHMM>
~h "eu"
<BEGINHMM>
<NUMSTATES> 5
<STATE> 2
<MEAN> 24
 -1.007310e+00 -1.965465e+00 -4.786483e-04 4.180328e-01 -7.319300e+00 -2.664211e-01 -6.804322e+00 -1.182067e-01 -3.189318e+00 -1.404130e-01 -1.353205e+00 -5.027279e+00 2.712316e-02 -1.936798e-03 4.348474e-03 -5.308725e-05 -9.738940e-03 -1.066474e-02 -3.652736e-03 5.688616e-03 -3.524336e-03 8.509358e-03 -4.933293e-03 -1.367408e-02
<VARIANCE> 24
 6.641712e+01 6.490298e+01 7.620502e+01 8.475365e+01 8.780446e+01 8.740340e+01 6.026868e+01 6.379459e+01 5.830404e+01 4.751235e+01 4.617445e+01 5.157669e+01 2.070660e+00 2.754375e+00 2.666249e+00 3.079952e+00 3.142591e+00 3.508608e+00 3.284398e+00 3.723781e+00 3.386715e+00 2.823414e+00 2.853690e+00 2.421814e+00
<GCONST> 1.070952e+02
<STATE> 3
<MEAN> 24
 -9.422032e-01 -1.971885e+00 7.888799e-03 4.122041e-01 -7.334300e+00 -2.966099e-01 -6.812664e+00 -1.071056e-01 -3.194107e+00 -1.170605e-01 -1.358340e+00 -5.061438e+00 2.478529e-02 -3.895139e-03 2.958579e-03 -5.677688e-03 -9.315697e-03 -1.092631e-02 -4.198166e-03 5.217690e-03 -3.703946e-03 8.370999e-03 -3.142342e-03 -1.410247e-02
<VARIANCE> 24
 6.611006e+01 6.527509e+01 7.663458e+01 8.536878e+01 8.743256e+01 8.775354e+01 6.065082e+01 6.391526e+01 5.835388e+01 4.779795e+01 4.651671e+01 5.158392e+01 2.059915e+00 2.757778e+00 2.667212e+00 3.088213e+00 3.137051e+00 3.504666e+00 3.276351e+00 3.719388e+00 3.365180e+00 2.822385e+00 2.855192e+00 2.415903e+00
<GCONST> 1.071153e+02
<STATE> 4
<MEAN> 24
 -1.361131e+00 -1.775077e+00 -2.791764e-01 3.730251e-01 -7.139086e+00 -2.598456e-01 -6.604680e+00 4.927725e-02 -3.509808e+00 5.244669e-02 -1.346725e+00 -4.955845e+00 1.548711e-02 -5.137968e-03 8.334838e-04 -7.540899e-03 -5.346984e-03 -6.715140e-03 -2.806068e-03 3.946159e-03 -2.337043e-03 6.317487e-03 3.039472e-04 -1.189818e-02
<VARIANCE> 24
 6.881094e+01 6.549525e+01 7.821976e+01 8.534663e+01 8.483635e+01 8.700140e+01 5.944107e+01 6.306671e+01 6.102816e+01 4.773428e+01 4.630680e+01 5.002633e+01 2.015893e+00 2.710824e+00 2.627181e+00 3.098852e+00 3.070429e+00 3.467076e+00 3.182872e+00 3.635594e+00 3.320192e+00 2.777639e+00 2.812825e+00 2.343857e+00
<GCONST> 1.069058e+02
<TRANSP> 5
 0.000000e+00 1.000000e+00 0.000000e+00 0.000000e+00 0.000000e+00
 0.000000e+00 6.119054e-01 3.880946e-01 0.000000e+00 0.000000e+00
 0.000000e+00 0.000000e+00 6.119076e-01 3.880923e-01 0.000000e+00
 0.000000e+00 0.000000e+00 0.000000e+00 7.378012e-01 2.621988e-01
 0.000000e+00 0.000000e+00 0.000000e+00 0.000000e+00 0.000000e+00
<ENDHMM>
~h "kh"
<BEGINHMM>
<NUMSTATES> 5
<STATE> 2
<MEAN> 24
 -7.721713e-01 -2.740081e+00 -1.297697e-01 1.592673e+00 -7.389686e+00 -8.852504e-01 -6.107464e+00 1.234316e-01 -2.883280e+00 4.600482e-01 -2.919502e+00 -3.895245e+00 -1.730720e-02 1.859078e-02 8.376885e-02 1.874153e-02 1.436134e-02 -3.455658e-02 -8.348733e-02 5.909612e-02 4.031763e-02 1.920993e-02 -1.968032e-02 8.067033e-02
<VARIANCE> 24
 5.899174e+01 6.621334e+01 6.041611e+01 1.023459e+02 8.718942e+01 9.159129e+01 6.249272e+01 7.581083e+01 4.616187e+01 4.059824e+01 4.253387e+01 3.258667e+01 2.034076e+00 2.911137e+00 2.419229e+00 2.887982e+00 3.737672e+00 3.589655e+00 3.405828e+00 3.994604e+00 3.683475e+00 2.857413e+00 3.036325e+00 2.082888e+00
<GCONST> 1.064554e+02
<STATE> 3
<MEAN> 24
 -8.435785e-01 -2.723086e+00 7.124408e-02 1.614375e+00 -7.341664e+00 -9.318563e-01 -6.294971e+00 2.520022e-01 -2.800375e+00 5.118222e-01 -2.993129e+00 -3.714476e+00 -2.535244e-02 -1.279037e-03 9.025073e-02 1.300002e-02 2.805545e-02 -7.644678e-04 -1.018048e-01 5.193848e-02 3.837248e-02 5.859605e-03 -4.743641e-02 8.466064e-02
<VARIANCE> 24
 6.063214e+01 6.569035e+01 6.082504e+01 1.017093e+02 8.559607e+01 8.945310e+01 6.114841e+01 7.325372e+01 4.734209e+01 4.040739e+01 4.219081e+01 3.301132e+01 1.985090e+00 2.935923e+00 2.361450e+00 2.955031e+00 3.740354e+00 3.512000e+00 3.385056e+00 3.910323e+00 3.666833e+00 2.797077e+00 3.008357e+00 2.061034e+00
<GCONST> 1.062913e+02
<STATE> 4
<MEAN> 24
 -1.564141e+00 -2.908102e+00 -3.945930e-02 1.382176e+00 -7.294496e+00 -8.865411e-01 -6.323027e+00 4.211713e-01 -2.811322e+00 5.604876e-01 -3.428307e+00 -3.415038e+00 -2.099204e-02 -1.120864e-02 7.459902e-02 1.002290e-02 2.297596e-02 2.583040e-02 -9.883184e-02 2.378366e-02 2.549432e-02 -8.616254e-03 -4.874030e-02 7.157668e-02
<VARIANCE> 24
 6.701460e+01 6.740944e+01 6.357546e+01 1.013510e+02 8.451489e+01 8.575124e+01 5.833059e+01 6.877325e+01 4.850520e+01 3.920530e+01 4.375458e+01 3.305881e+01 2.032267e+00 3.130036e+00 2.457724e+00 3.190071e+00 3.743551e+00 3.535331e+00 3.243266e+00 3.795974e+00 3.551826e+00 2.685775e+00 2.955670e+00 2.000102e+00
<GCONST> 1.063435e+02
<TRANSP> 5
 0.000000e+00 1.000000e+00 0.000000e+00 0.000000e+00 0.000000e+00
 0.000000e+00 5.963850e-01 4.036151e-01 0.000000e+00 0.000000e+00
 0.000000e+00 0.000000e+00 5.963845e-01 4.036155e-01 0.000000e+00
 0.000000e+00 0.000000e+00 0.000000e+00 7.176766e-01 2.823233e-01
 0.000000e+00 0.000000e+00 0.000000e+00 0.000000e+00 0.000000e+00
<ENDHMM>
~h "ng"
<BEGINHMM>
<NUMSTATES> 5
<STATE> 2
<MEAN> 24
 -4.128634e-01 -2.610219e+00 -1.780014e-01 4.317271e-01 -8.405368e+00 1.242123e+00 -6.189796e+00 2.328078e-01 -3.908450e+00 1.403197e-01 -1.299088e+00 -5.036504e+00 -1.826636e-02 1.928932e-02 6.504412e-04 1.597902e-02 -1.334210e-02 -1.895308e-02 5.015124e-03 -5.928159e-04 2.433224e-03 1.802007e-03 -5.722162e-06 8.120830e-03
<VARIANCE> 24
 7.162650e+01 6.439465e+01 7.938783e+01 1.012840e+02 9.978827e+01 8.548302e+01 5.811808e+01 6.344213e+01 6.480718e+01 4.947695e+01 4.503971e+01 5.352196e+01 1.738168e+00 2.619569e+00 2.582612e+00 2.889829e+00 3.222417e+00 3.439617e+00 3.282920e+00 3.773436e+00 3.405209e+00 2.780205e+00 2.721129e+00 2.340388e+00
<GCONST> 1.072096e+02
<STATE> 3
<MEAN> 24
 -4.596251e-01 -2.565092e+00 -1.783295e-01 4.738488e-01 -8.428888e+00 1.195386e+00 -6.173354e+00 2.373414e-01 -3.889286e+00 1.389639e-01 -1.302609e+00 -5.012346e+00 -2.104734e-02 1.993637e-02 -4.624577e-03 1.722719e-02 -8.843596e-03 -1.868044e-02 3.978767e-03 -1.169870e-03 7.738857e-03 8.070305e-04 2.419031e-03 1.097101e-02
<VARIANCE> 24
 7.194563e+01 6.421475e+01 7.897479e+01 1.004153e+02 1.003421e+02 8.579411e+01 5.860944e+01 6.379930e+01 6.478125e+01 4.934077e+01 4.495242e+01 5.344585e+01 1.742683e+00 2.606594e+00 2.569601e+00 2.882448e+00 3.219022e+00 3.428270e+00 3.285562e+00 3.765100e+00 3.396445e+00 2.766769e+00 2.722641e+00 2.328993e+00
<GCONST> 1.071866e+02
<STATE> 4
<MEAN> 24
 -9.416931e-01 -1.768390e+00 -2.861164e-01 2.021066e-01 -7.830470e+00 9.589026e-01 -5.925848e+00 6.139472e-01 -4.995873e+00 4.871923e-01 -9.059671e-01 -5.084774e+00 -1.911316e-02 1.314130e-02 -8.972845e-03 1.007675e-02 -8.630024e-04 -1.110288e-02 2.954303e-03 4.307512e-04 1.135065e-02 -1.708814e-03 3.836885e-03 1.114842e-02
<VARIANCE> 24
 6.812052e+01 6.528305e+01 7.724342e+01 9.696514e+01 9.419289e+01 8.453229e+01 5.651819e+01 6.217358e+01 6.969897e+01 4.800977e+01 4.453118e+01 5.098121e+01 1.702789e+00 2.476961e+00 2.556035e+00 2.893105e+00 3.235868e+00 3.466336e+00 3.174001e+00 3.709791e+00 3.405541e+00 2.763921e+00 2.725503e+00 2.259874e+00
<GCONST> 1.068040e+02
<TRANSP> 5
 0.000000e+00 1.000000e+00 0.000000e+00 0.000000e+00 0.000000e+00
 0.000000e+00 6.052124e-01 3.947876e-01 0.000000e+00 0.000000e+00
 0.000000e+00 0.000000e+00 6.052132e-01 3.947869e-01 0.000000e+00
 0.000000e+00 0.000000e+00 0.000000e+00 7.772973e-01 2.227027e-01
 0.000000e+00 0.000000e+00 0.000000e+00 0.000000e+00 0.000000e+00
<ENDHMM>
~h "ny"
<BEGINHMM>
<NUMSTATES> 5
<STATE> 2
<MEAN> 24
 -1.512819e-01 -4.480581e+00 -5.204410e-02 2.326395e+00 -9.729711e+00 1.736175e+00 -5.863140e+00 1.023850e+00 -3.660525e+00 -1.545258e+00 -1.226503e+00 -3.066845e+00 -1.645477e-04 8.177802e-03 -1.931149e-02 1.744031e-02 1.302301e-02 1.946252e-02 -8.990462e-03 -1.813457e-02 1.557790e-02 -1.817204e-02 -3.991686e-03 3.873695e-03
<VARIANCE> 24
 7.722644e+01 8.136636e+01 8.942791e+01 1.092245e+02 1.184144e+02 9.139066e+01 6.248009e+01 7.686575e+01 5.744765e+01 5.092534e+01 4.515853e+01 4.804761e+01 2.081202e+00 3.064130e+00 2.818136e+00 2.817254e+00 3.237365e+00 3.640356e+00 3.323447e+00 3.847246e+00 3.349338e+00 2.780730e+00 2.608704e+00 2.194804e+00
<GCONST> 1.083876e+02
<STATE> 3
<MEAN> 24
 -1.656144e-01 -4.455076e+00 -9.967487e-02 2.373621e+00 -9.700440e+00 1.784316e+00 -5.885589e+00 9.755362e-01 -3.614284e+00 -1.581153e+00 -1.234244e+00 -3.053593e+00 -2.443298e-03 9.715419e-03 -2.348030e-02 1.966141e-02 1.555436e-02 2.183393e-02 -1.007358e-02 -2.162337e-02 2.219289e-02 -9.455153e-03 -6.606798e-03 -6.624090e-04
<VARIANCE> 24
 7.768901e+01 8.104124e+01 8.858815e+01 1.084413e+02 1.183212e+02 9.073679e+01 6.217101e+01 7.665528e+01 5.737222e+01 5.134946e+01 4.487785e+01 4.805718e+01 2.058633e+00 3.019974e+00 2.772090e+00 2.803397e+00 3.227451e+00 3.628970e+00 3.308829e+00 3.850835e+00 3.320727e+00 2.781360e+00 2.607450e+00 2.191108e+00
<GCONST> 1.082912e+02
<STATE> 4
<MEAN> 24
 -6.289053e-01 -3.659129e+00 -5.013102e-01 1.989589e+00 -8.829120e+00 1.625111e+00 -5.553896e+00 1.011733e+00 -4.416597e+00 -1.033270e+00 -9.185877e-01 -3.427867e+00 -3.425011e-03 1.333504e-02 -2.125599e-02 1.956576e-02 1.147737e-02 1.858961e-02 -7.201994e-03 -2.107585e-02 1.987585e-02 5.314899e-04 -7.978725e-03 -3.222435e-03
<VARIANCE> 24
 7.563489e+01 8.015661e+01 8.482796e+01 1.020073e+02 1.128727e+02 8.702084e+01 5.899961e+01 7.197825e+01 6.363536e+01 5.105913e+01 4.465192e+01 4.802902e+01 1.949387e+00 2.824003e+00 2.662657e+00 2.801976e+00 3.222823e+00 3.546904e+00 3.179083e+00 3.771456e+00 3.275945e+00 2.751058e+00 2.620168e+00 2.150179e+00
<GCONST> 1.077509e+02
<TRANSP> 5
 0.000000e+00 1.000000e+00 0.000000e+00 0.000000e+00 0.000000e+00
 0.000000e+00 6.050279e-01 3.949721e-01 0.000000e+00 0.000000e+00
 0.000000e+00 0.000000e+00 6.050283e-01 3.949717e-01 0.000000e+00
 0.000000e+00 0.000000e+00 0.000000e+00 7.575020e-01 2.424980e-01
 0.000000e+00 0.000000e+00 0.000000e+00 0.000000e+00 0.000000e+00
<ENDHMM>
~h "sy"
<BEGINHMM>
<NUMSTATES> 5
<STATE> 2
<MEAN> 24
 -2.428656e+00 -2.370265e-03 3.621119e+00 -5.458475e+00 -2.807689e+00 -4.606592e-01 -1.044154e+01 1.169725e+00 -3.810760e+00 2.137147e+00 -2.028983e-01 -3.023006e+00 -5.457071e-02 5.281348e-03 -3.038006e-02 7.661831e-02 5.080032e-02 -5.916310e-02 4.399176e-03 2.616562e-02 1.105763e-01 8.616356e-04 -1.853782e-02 -3.110857e-02
<VARIANCE> 24
 7.516883e+01 5.310316e+01 8.612756e+01 1.367746e+02 7.041655e+01 6.039011e+01 6.154491e+01 5.979087e+01 3.977426e+01 4.364535e+01 5.178614e+01 4.380016e+01 2.478147e+00 2.063333e+00 2.020633e+00 2.943354e+00 2.570889e+00 3.112603e+00 2.778773e+00 2.730929e+00 2.351394e+00 2.089806e+00 2.679810e+00 2.247927e+00
<GCONST> 1.044361e+02
<STATE> 3
<MEAN> 24
 -2.520860e+00 2.224912e-02 3.499624e+00 -5.244537e+00 -2.689995e+00 -6.451045e-01 -1.036507e+01 1.323059e+00 -3.563375e+00 2.140069e+00 -2.427018e-01 -3.174749e+00 -2.558707e-02 -9.399510e-04 -2.852083e-02 8.356004e-02 5.525571e-03 -6.300724e-02 2.272199e-02 5.840212e-02 8.542948e-02 -2.640157e-03 2.768608e-03 -6.136142e-02
<VARIANCE> 24
 7.606300e+01 5.240244e+01 8.860712e+01 1.362526e+02 7.097482e+01 6.085797e+01 5.989330e+01 5.930220e+01 4.022386e+01 4.477080e+01 5.010895e+01 4.151729e+01 2.508379e+00 2.069469e+00 2.013801e+00 2.766447e+00 2.533134e+00 3.192089e+00 2.753754e+00 2.763945e+00 2.330526e+00 2.001904e+00 2.583543e+00 2.204195e+00
<GCONST> 1.042447e+02
<STATE> 4
<MEAN> 24
 -3.070831e+00 4.705556e-01 1.159701e+00 -5.506279e+00 -2.116703e+00 -1.358077e-01 -1.004946e+01 1.409186e+00 -3.361047e+00 2.830858e+00 -1.275787e+00 -2.994677e+00 -4.235900e-03 -4.928155e-03 -4.101622e-02 1.107818e-01 -3.134665e-02 -7.168256e-02 6.184597e-02 8.625892e-02 3.436944e-02 -2.644687e-02 1.512545e-02 -7.415146e-02
<VARIANCE> 24
 7.720002e+01 5.157509e+01 9.026297e+01 1.472018e+02 7.122446e+01 5.979382e+01 5.835554e+01 5.183832e+01 3.850592e+01 4.486076e+01 4.508851e+01 3.637292e+01 2.358035e+00 2.001123e+00 1.926384e+00 2.669268e+00 2.231287e+00 3.067569e+00 2.512227e+00 2.689870e+00 2.160146e+00 1.762353e+00 2.252276e+00 2.120515e+00
<GCONST> 1.030448e+02
<TRANSP> 5
 0.000000e+00 1.000000e+00 0.000000e+00 0.000000e+00 0.000000e+00
 0.000000e+00 6.320267e-01 3.679733e-01 0.000000e+00 0.000000e+00
 0.000000e+00 0.000000e+00 6.320269e-01 3.679732e-01 0.000000e+00
 0.000000e+00 0.000000e+00 0.000000e+00 7.783913e-01 2.216087e-01
 0.000000e+00 0.000000e+00 0.000000e+00 0.000000e+00 0.000000e+00
<ENDHMM>
~h "sil"
<BEGINHMM>
<NUMSTATES> 5
<STATE> 2
<MEAN> 24
 -7.324718e+00 8.433777e-01 -4.806677e+00 3.544409e+00 -5.455472e+00 3.565481e+00 -2.980585e+00 1.685762e+00 -2.080008e+00 -1.092150e+00 -1.354192e+00 -8.865508e-01 -5.934023e-03 -9.243360e-03 -2.917938e-02 -7.889273e-02 -4.000386e-03 -4.333600e-02 -8.381980e-03 -1.063926e-03 -2.929857e-02 3.722350e-02 1.207069e-02 -1.359805e-02
<VARIANCE> 24
 6.389209e+01 3.400510e+01 4.405008e+01 4.105314e+01 6.116502e+01 5.341158e+01 2.746676e+01 3.003006e+01 3.226118e+01 2.650498e+01 2.329392e+01 2.329706e+01 7.782590e-01 9.069405e-01 1.033792e+00 1.486077e+00 1.617292e+00 1.687340e+00 1.731050e+00 1.781904e+00 1.889912e+00 1.837494e+00 1.636154e+00 1.523088e+00
<GCONST> 9.151679e+01
<STATE> 3
<MEAN> 24
 -7.306810e+00 7.858666e-01 -4.849473e+00 3.272343e+00 -5.454325e+00 3.422814e+00 -3.058954e+00 1.690186e+00 -2.160591e+00 -9.937341e-01 -1.337898e+00 -9.666075e-01 1.419029e-02 -3.133182e-02 2.663430e-03 -9.547333e-02 6.774601e-03 -6.517635e-02 -4.602474e-02 2.302885e-03 -2.464587e-02 3.350481e-02 -1.078367e-03 -3.671888e-02
<VARIANCE> 24
 6.660426e+01 3.495437e+01 4.538773e+01 4.340224e+01 6.170485e+01 5.373330e+01 2.766377e+01 3.020964e+01 3.292199e+01 2.676968e+01 2.303898e+01 2.324061e+01 9.524378e-01 1.079627e+00 1.141823e+00 1.687335e+00 1.723990e+00 1.822874e+00 1.854181e+00 1.875606e+00 1.934691e+00 1.845818e+00 1.658015e+00 1.553631e+00
<GCONST> 9.264098e+01
<STATE> 4
<MEAN> 24
 -7.197578e+00 9.130454e-01 -4.687458e+00 2.915726e+00 -5.394781e+00 3.298114e+00 -3.310850e+00 1.788561e+00 -2.308171e+00 -7.792854e-01 -1.276971e+00 -1.227894e+00 4.256231e-02 -3.529033e-02 3.309075e-02 -6.678772e-02 4.968313e-03 -5.262633e-02 -5.683691e-02 -2.651427e-03 -1.440327e-02 1.159942e-02 -1.709760e-02 -3.973893e-02
<VARIANCE> 24
 7.283061e+01 3.773794e+01 4.977707e+01 4.914825e+01 6.056992e+01 5.480272e+01 3.038570e+01 3.159984e+01 3.763960e+01 2.781717e+01 2.454604e+01 2.478836e+01 1.121039e+00 1.189618e+00 1.252159e+00 1.793108e+00 1.726248e+00 1.913000e+00 1.952816e+00 2.012388e+00 2.004209e+00 1.840334e+00 1.700994e+00 1.593077e+00
<GCONST> 9.413156e+01
<TRANSP> 5
 0.000000e+00 1.000000e+00 0.000000e+00 0.000000e+00 0.000000e+00
 0.000000e+00 6.310068e-01 3.689931e-01 0.000000e+00 0.000000e+00
 0.000000e+00 0.000000e+00 6.310056e-01 3.689944e-01 0.000000e+00
 0.000000e+00 0.000000e+00 0.000000e+00 7.699789e-01 2.300210e-01
 0.000000e+00 0.000000e+00 0.000000e+00 0.000000e+00 0.000000e+00
<ENDHMM>
