~o
<STREAMINFO> 1 25
<VECSIZE> 25<NULLD><MFCC_D_N_Z_0><DIAGC>
~s "silst"
<MEAN> 25
 -1.085740e+01 3.885476e+00 -4.980866e+00 -3.174592e+00 2.472636e+00 2.621890e+00 3.292949e+00 2.566435e+00 3.183776e-01 6.109888e-01 9.162949e-01 2.798413e-01 -2.383489e-01 2.766898e-02 -4.691694e-02 -8.892196e-02 6.134295e-02 -7.147055e-02 -3.533167e-02 2.645064e-02 -3.531994e-02 -6.053243e-04 -1.024567e-02 -4.666974e-02 -1.431663e-01
<VARIANCE> 25
 9.260524e+01 3.946317e+01 4.500626e+01 6.459541e+01 5.014909e+01 4.200533e+01 4.551198e+01 3.306237e+01 4.472229e+01 3.160663e+01 2.421954e+01 2.417368e+01 3.631798e+00 2.139150e+00 2.048700e+00 2.838437e+00 2.756232e+00 2.447818e+00 2.635690e+00 2.138507e+00 2.494479e+00 2.119010e+00 1.765397e+00 1.740209e+00 2.711594e+00
<GCONST> 1.019549e+02
~h "a"
<BEGINHMM>
<NUMSTATES> 5
<STATE> 2
<MEAN> 25
 6.653287e+00 -4.282670e+00 -2.855720e+00 -2.823595e+00 -1.700726e+00 -3.494070e+00 5.423442e-01 1.821566e+00 4.755741e-01 1.317724e+00 -2.187466e+00 -1.047364e+00 7.935666e-01 -1.230411e+00 -6.910923e-01 -7.326504e-01 -8.823583e-02 -3.925363e-01 6.235813e-01 6.935335e-01 -8.287710e-02 1.881268e-01 -6.708478e-01 -2.252939e-01 1.221928e+00
<VARIANCE> 25
 4.771048e+01 3.936588e+01 4.101509e+01 4.587321e+01 6.615541e+01 6.947885e+01 5.344321e+01 5.934316e+01 4.665960e+01 3.968930e+01 4.502354e+01 3.448383e+01 2.463265e+00 3.187490e+00 2.830918e+00 3.892863e+00 4.760035e+00 5.061213e+00 4.269776e+00 4.533786e+00 4.149841e+00 3.411532e+00 4.053648e+00 2.993245e+00 2.433403e+00
<GCONST> 1.090324e+02
<STATE> 3
<MEAN> 25
 8.530897e+00 -7.026065e+00 -3.458787e+00 -3.994559e+00 -2.944879e+00 -4.386127e+00 2.321770e+00 2.582990e+00 -2.486010e-01 1.572954e+00 -2.549995e+00 -8.613256e-01 -7.609378e-02 -1.900862e-01 -6.750578e-02 -2.639006e-02 2.632146e-01 2.985018e-01 2.163823e-01 -3.483401e-02 -4.808243e-02 7.019704e-02 -1.959563e-01 -1.174937e-01 4.312132e-02
<VARIANCE> 25
 3.213170e+01 2.952992e+01 3.530066e+01 4.589633e+01 6.473512e+01 5.829420e+01 6.222936e+01 6.237779e+01 4.292881e+01 4.051656e+01 4.813090e+01 3.676164e+01 5.502782e-01 1.512019e+00 1.556170e+00 1.827659e+00 2.611038e+00 3.031332e+00 2.557245e+00 2.842553e+00 2.574328e+00 2.291745e+00 2.256054e+00 1.833843e+00 7.227766e-01
<GCONST> 9.941599e+01
<STATE> 4
<MEAN> 25
 5.839628e+00 -6.181334e+00 -3.572830e+00 -3.610443e+00 1.702121e+00 -1.155733e+00 2.738428e-01 2.381714e+00 1.368821e+00 1.791152e+00 -4.529040e+00 -2.457752e+00 -3.285300e-01 7.272733e-01 3.044446e-01 5.373834e-01 1.141367e-01 2.696772e-01 -9.314607e-02 -2.924014e-01 -2.210881e-02 -1.345499e-01 4.327896e-01 2.458971e-01 -7.778036e-01
<VARIANCE> 25
 2.804153e+01 3.111947e+01 2.885150e+01 4.561094e+01 5.024361e+01 5.304986e+01 3.922234e+01 4.239520e+01 3.574010e+01 3.167924e+01 4.496680e+01 3.061286e+01 7.776987e-01 1.328421e+00 1.332634e+00 1.650701e+00 1.881533e+00 2.156493e+00 1.878123e+00 2.016588e+00 1.900468e+00 1.656396e+00 1.925975e+00 1.472917e+00 8.055877e-01
<GCONST> 9.499083e+01
<TRANSP> 5
 0.000000e+00 1.000000e+00 0.000000e+00 0.000000e+00 0.000000e+00
 0.000000e+00 4.252076e-01 5.747924e-01 0.000000e+00 0.000000e+00
 0.000000e+00 0.000000e+00 4.143448e-01 5.856553e-01 0.000000e+00
 0.000000e+00 0.000000e+00 0.000000e+00 7.560348e-01 2.439653e-01
 0.000000e+00 0.000000e+00 0.000000e+00 0.000000e+00 0.000000e+00
<ENDHMM>
~h "b"
<BEGINHMM>
<NUMSTATES> 5
<STATE> 2
<MEAN> 25
 3.403228e+00 6.462039e+00 9.584143e-01 3.076329e+00 1.223713e+00 -4.284260e-01 -1.632110e+00 -1.358005e+00 -9.247595e-01 -1.061722e+00 -2.838985e-01 -1.572382e+00 -5.958829e-01 1.761885e+00 5.132284e-01 7.755004e-01 8.489844e-01 1.176568e+00 4.040529e-01 -2.516002e-01 2.540612e-01 -4.222696e-01 -5.965449e-03 -1.033332e-01 -1.196095e+00
<VARIANCE> 25
 4.481532e+01 4.573017e+01 2.811088e+01 3.909765e+01 3.612328e+01 5.784958e+01 3.598281e+01 5.474641e+01 4.026169e+01 3.920398e+01 2.669534e+01 2.457573e+01 4.663407e+00 5.108847e+00 4.083565e+00 4.350625e+00 3.930351e+00 6.200579e+00 3.773811e+00 4.622253e+00 4.140255e+00 5.133216e+00 2.772888e+00 2.114306e+00 5.506850e+00
<GCONST> 1.082869e+02
<STATE> 3
<MEAN> 25
 2.809627e+00 8.671902e+00 2.465414e+00 3.905226e+00 2.566918e+00 1.839947e+00 -1.104827e+00 -2.508590e+00 -7.845840e-01 -1.785275e+00 -4.065959e-01 -1.487601e+00 7.620673e-01 -3.159830e-01 -3.634059e-01 -3.413445e-01 -1.584457e-01 -4.980859e-01 -5.442890e-01 -1.580312e-01 8.183543e-02 2.222417e-02 2.462834e-02 -7.989889e-02 8.762820e-01
<VARIANCE> 25
 3.100403e+01 3.842479e+01 3.166620e+01 4.120927e+01 3.598272e+01 4.374761e+01 3.041994e+01 4.560898e+01 3.560952e+01 3.484243e+01 2.748825e+01 2.096830e+01 4.384438e+00 5.396295e+00 4.349906e+00 4.529696e+00 4.283423e+00 6.566688e+00 3.979878e+00 4.142199e+00 4.829217e+00 5.152802e+00 3.046829e+00 2.845682e+00 3.561083e+00
<GCONST> 1.072086e+02
<STATE> 4
<MEAN> 25
 3.816204e+00 7.479298e+00 6.712536e-01 3.206608e+00 1.387802e+00 1.392568e+00 -2.073438e+00 -3.911441e+00 -1.442788e+00 -1.807652e+00 6.133161e-01 -1.599588e+00 8.349508e-01 -1.545435e+00 -7.074324e-01 -1.012757e+00 -6.615230e-01 -1.079586e+00 -7.189872e-01 4.850471e-01 3.240867e-01 6.611599e-01 8.581248e-02 -1.336444e-01 1.525215e+00
<VARIANCE> 25
 2.790754e+01 4.370235e+01 2.914525e+01 5.521541e+01 3.312231e+01 4.355011e+01 3.592881e+01 4.518935e+01 3.838939e+01 5.422997e+01 3.240880e+01 2.086560e+01 2.391752e+00 4.576641e+00 3.153619e+00 4.886199e+00 3.178843e+00 4.841897e+00 2.950273e+00 3.923664e+00 4.283861e+00 5.764844e+00 3.098919e+00 3.190225e+00 2.919805e+00
<GCONST> 1.061408e+02
<TRANSP> 5
 0.000000e+00 1.000000e+00 0.000000e+00 0.000000e+00 0.000000e+00
 0.000000e+00 4.416921e-01 5.583079e-01 0.000000e+00 0.000000e+00
 0.000000e+00 0.000000e+00 2.259200e-01 7.740800e-01 0.000000e+00
 0.000000e+00 0.000000e+00 0.000000e+00 5.266218e-01 4.733782e-01
 0.000000e+00 0.000000e+00 0.000000e+00 0.000000e+00 0.000000e+00
<ENDHMM>
~h "c"
<BEGINHMM>
<NUMSTATES> 5
<STATE> 2
<MEAN> 25
 -6.377543e+00 3.417212e+00 -6.422460e-02 2.459605e+00 5.022475e+00 2.299022e+00 -3.987598e-01 -3.900471e+00 -1.225984e+00 1.323209e+00 2.621425e+00 1.072294e+00 -2.154501e+00 8.582333e-01 -2.815135e-01 -1.347315e-01 3.705939e-01 -1.571470e-01 5.466295e-01 7.717700e-01 5.014769e-01 -3.688280e-02 1.166475e-01 1.369035e-02 -1.400371e+00
<VARIANCE> 25
 9.862491e+01 4.911681e+01 3.366780e+01 5.875309e+01 3.741659e+01 4.405536e+01 5.898873e+01 7.885448e+01 5.233632e+01 3.652478e+01 3.617855e+01 2.528963e+01 5.253349e+00 4.916195e+00 3.115002e+00 4.672153e+00 3.919493e+00 4.493202e+00 3.858058e+00 6.266668e+00 3.652642e+00 2.900639e+00 2.679157e+00 1.780514e+00 6.895675e+00
<GCONST> 1.100863e+02
<STATE> 3
<MEAN> 25
 -1.072715e+01 -4.145694e-01 2.491667e+00 -1.800830e-01 1.244655e+00 2.374749e+00 1.486791e+00 3.773710e-01 3.312779e+00 -1.309062e-01 2.245113e+00 2.409281e+00 8.897725e-01 -2.697324e+00 1.604326e+00 1.704084e-01 -1.780200e+00 -1.691767e-01 -2.518891e-01 4.960804e-01 1.029328e+00 -1.049785e+00 -5.870994e-01 3.177079e-01 2.522752e+00
<VARIANCE> 25
 3.442201e+01 6.478164e+01 3.922644e+01 5.612968e+01 6.249759e+01 6.372424e+01 4.422694e+01 5.080849e+01 3.895922e+01 3.014301e+01 2.703555e+01 2.190694e+01 7.423786e+00 1.143880e+01 6.447770e+00 7.601353e+00 6.906931e+00 7.187167e+00 6.493384e+00 6.341120e+00 6.235952e+00 4.672491e+00 3.066306e+00 2.552124e+00 6.692070e+00
<GCONST> 1.140999e+02
<STATE> 4
<MEAN> 25
 -1.788553e-01 -8.962286e+00 7.144774e+00 5.067460e+00 -9.761610e-01 4.426331e+00 -4.288356e+00 -3.181200e+00 4.058296e+00 -3.936269e+00 5.195279e-01 3.513768e+00 2.967985e+00 1.008396e+00 -8.974620e-01 -1.829760e-01 2.197467e-01 -1.139422e+00 -6.446619e-01 -7.524201e-01 -9.794953e-01 1.169087e-01 -4.847813e-01 -2.213974e-01 1.431442e+00
<VARIANCE> 25
 7.032685e+01 9.856860e+01 6.651272e+01 4.079334e+01 6.144256e+01 7.492392e+01 4.772176e+01 6.132520e+01 5.922772e+01 3.201863e+01 3.652456e+01 2.418351e+01 5.464763e+00 1.478643e+01 9.024916e+00 5.072868e+00 7.057236e+00 1.102625e+01 5.308575e+00 8.661691e+00 8.765792e+00 3.608145e+00 4.270012e+00 3.801347e+00 5.550954e+00
<GCONST> 1.177978e+02
<TRANSP> 5
 0.000000e+00 1.000000e+00 0.000000e+00 0.000000e+00 0.000000e+00
 0.000000e+00 6.847159e-01 3.152841e-01 0.000000e+00 0.000000e+00
 0.000000e+00 0.000000e+00 6.576668e-01 3.423332e-01 0.000000e+00
 0.000000e+00 0.000000e+00 0.000000e+00 7.070909e-01 2.929091e-01
 0.000000e+00 0.000000e+00 0.000000e+00 0.000000e+00 0.000000e+00
<ENDHMM>
~h "d"
<BEGINHMM>
<NUMSTATES> 5
<STATE> 2
<MEAN> 25
 2.966154e+00 3.674846e+00 2.765097e-01 6.047867e+00 5.796097e+00 4.082111e-01 -2.323109e+00 -2.133624e+00 -2.507669e+00 -3.008160e+00 -1.066360e+00 2.661846e-01 3.897463e-01 8.494693e-02 3.038217e-01 9.497039e-01 -8.020508e-02 -5.077096e-01 -1.187183e-01 2.367893e-02 -3.135650e-01 -8.000785e-01 3.532964e-02 5.938102e-02 2.843217e-01
<VARIANCE> 25
 6.731339e+01 5.311109e+01 5.231528e+01 4.723408e+01 7.647716e+01 8.081158e+01 4.823799e+01 4.223945e+01 5.229177e+01 4.230678e+01 3.530308e+01 2.552335e+01 7.724590e+00 9.494181e+00 4.450448e+00 5.070285e+00 6.397316e+00 1.372549e+01 5.601249e+00 4.994996e+00 5.444389e+00 4.187448e+00 3.883121e+00 3.020279e+00 9.987788e+00
<GCONST> 1.159031e+02
<STATE> 3
<MEAN> 25
 5.217933e+00 1.344630e+00 2.760133e+00 6.451829e+00 -9.396690e-02 -5.255141e+00 -3.806167e+00 -2.081139e+00 -2.781287e+00 -5.086885e+00 -1.186465e+00 1.000824e+00 7.418266e-01 -1.483119e+00 5.358821e-01 -1.088892e+00 -1.430249e+00 -1.615126e+00 -6.784804e-01 2.057595e-01 -2.520339e-01 5.560029e-01 6.320482e-01 3.232209e-01 1.904452e+00
<VARIANCE> 25
 4.133470e+01 5.150681e+01 4.271311e+01 5.276624e+01 5.915761e+01 5.551661e+01 3.845592e+01 4.568285e+01 5.438391e+01 4.184244e+01 3.531469e+01 2.560148e+01 2.168987e+00 4.768083e+00 3.297891e+00 4.794093e+00 4.691299e+00 6.179871e+00 4.184532e+00 5.967273e+00 4.497036e+00 4.245313e+00 3.301345e+00 2.885662e+00 4.254997e+00
<GCONST> 1.097688e+02
<STATE> 4
<MEAN> 25
 7.147251e+00 -2.164356e+00 4.808403e+00 2.722184e+00 -4.652383e+00 -8.159210e+00 -5.622975e+00 -3.489674e-01 -6.122313e-01 -1.955661e+00 8.032905e-01 1.210872e+00 1.126700e-01 -5.241325e-01 1.393026e-01 -7.234352e-01 -5.900401e-01 5.923802e-02 -1.117953e-02 2.233066e-01 3.472020e-01 5.931210e-01 1.894640e-01 -1.469370e-01 5.761114e-01
<VARIANCE> 25
 3.633949e+01 5.609625e+01 4.489148e+01 5.899534e+01 7.481396e+01 8.102909e+01 4.360349e+01 9.174163e+01 7.305934e+01 4.158449e+01 3.885664e+01 3.438084e+01 9.632794e-01 2.725398e+00 2.756049e+00 3.090248e+00 3.907169e+00 4.181760e+00 3.453783e+00 3.950316e+00 3.453853e+00 2.709707e+00 2.438169e+00 2.237854e+00 2.366930e+00
<GCONST> 1.069777e+02
<TRANSP> 5
 0.000000e+00 1.000000e+00 0.000000e+00 0.000000e+00 0.000000e+00
 0.000000e+00 6.421333e-01 3.578666e-01 0.000000e+00 0.000000e+00
 0.000000e+00 0.000000e+00 4.199942e-01 5.800057e-01 0.000000e+00
 0.000000e+00 0.000000e+00 0.000000e+00 5.659238e-01 4.340762e-01
 0.000000e+00 0.000000e+00 0.000000e+00 0.000000e+00 0.000000e+00
<ENDHMM>
~h "e"
<BEGINHMM>
<NUMSTATES> 5
<STATE> 2
<MEAN> 25
 5.029528e+00 -2.876506e+00 4.722278e-01 4.456600e-01 -2.184152e+00 -4.497011e+00 -3.739759e-01 -2.303618e-01 -2.649205e+00 1.333127e+00 1.345425e+00 2.083877e-01 1.438343e+00 -1.022331e+00 2.344006e-01 -3.002459e-01 -1.094034e+00 -1.416176e+00 3.883217e-01 2.294383e-01 -1.522367e+00 5.258740e-01 4.428425e-01 5.840094e-02 1.623107e+00
<VARIANCE> 25
 5.832483e+01 4.377275e+01 4.439424e+01 3.945198e+01 5.745959e+01 7.267358e+01 4.621519e+01 7.321084e+01 5.509942e+01 4.426451e+01 4.135570e+01 2.541161e+01 3.997454e+00 5.662070e+00 4.578261e+00 3.963680e+00 5.000747e+00 6.868982e+00 5.568862e+00 6.456639e+00 5.809545e+00 4.393184e+00 3.823294e+00 2.461337e+00 4.058047e+00
<GCONST> 1.124995e+02
<STATE> 3
<MEAN> 25
 7.132560e+00 -5.428367e+00 8.722618e-01 -1.005347e-01 -3.965762e+00 -5.910527e+00 1.809494e-01 -7.961894e-01 -4.273401e+00 2.320569e+00 1.835801e+00 6.909459e-01 1.541202e-01 -4.165984e-01 3.360811e-01 6.429136e-02 -4.053341e-01 -1.435350e-02 2.846786e-01 -1.400368e-02 -4.335056e-01 2.139750e-01 2.689642e-01 6.542166e-02 2.940222e-01
<VARIANCE> 25
 4.619779e+01 4.321140e+01 4.779098e+01 4.318403e+01 6.664349e+01 7.577659e+01 5.389016e+01 9.959676e+01 5.882038e+01 4.772437e+01 4.491366e+01 2.580156e+01 1.369596e+00 2.772399e+00 2.028325e+00 2.266023e+00 2.993047e+00 3.414322e+00 3.512774e+00 3.365458e+00 3.424821e+00 2.707080e+00 2.194183e+00 1.897964e+00 1.769313e+00
<GCONST> 1.051664e+02
<STATE> 4
<MEAN> 25
 5.140112e+00 -3.836894e+00 5.155997e+00 4.197522e-01 -6.599230e+00 -6.660496e+00 1.645670e+00 2.352172e+00 -4.629519e+00 1.707053e+00 2.445079e+00 7.241120e-01 -3.161286e-01 5.132216e-01 1.018751e-02 2.315279e-01 3.744133e-01 3.968270e-01 5.718659e-02 -9.287746e-02 1.346053e-01 -1.662735e-01 -3.125818e-02 -2.929115e-02 -5.709378e-01
<VARIANCE> 25
 3.448450e+01 3.657309e+01 5.527812e+01 3.607895e+01 5.788729e+01 5.066932e+01 4.322918e+01 6.085531e+01 5.251575e+01 3.704800e+01 3.097198e+01 1.890020e+01 7.070232e-01 1.214789e+00 1.199412e+00 1.289281e+00 1.666638e+00 1.678638e+00 1.665075e+00 1.539823e+00 1.701086e+00 1.563703e+00 1.330052e+00 1.087385e+00 7.032214e-01
<GCONST> 9.373862e+01
<TRANSP> 5
 0.000000e+00 1.000000e+00 0.000000e+00 0.000000e+00 0.000000e+00
 0.000000e+00 3.811224e-01 6.188776e-01 0.000000e+00 0.000000e+00
 0.000000e+00 0.000000e+00 2.277666e-01 7.722333e-01 0.000000e+00
 0.000000e+00 0.000000e+00 0.000000e+00 7.875427e-01 2.124573e-01
 0.000000e+00 0.000000e+00 0.000000e+00 0.000000e+00 0.000000e+00
<ENDHMM>
~h "f"
<BEGINHMM>
<NUMSTATES> 5
<STATE> 2
<MEAN> 25
 -5.975266e+00 5.745969e+00 -4.042020e-01 1.513517e+00 6.570889e+00 4.193769e+00 -1.085974e+00 -1.334546e+00 6.524113e-01 2.635432e+00 2.173136e+00 9.441815e-01 -8.866102e-01 -8.201448e-01 1.679635e-01 8.186241e-01 2.588850e-01 9.605939e-01 9.869330e-01 8.452775e-01 1.038792e+00 -7.677618e-01 3.045215e-01 9.955748e-01 -3.015282e-01
<VARIANCE> 25
 2.581387e+02 1.227232e+02 2.210132e+01 5.305954e+01 7.220120e+01 3.673840e+01 3.832571e+01 4.612053e+01 3.404709e+01 2.468338e+01 2.084689e+01 1.534114e+01 8.295556e+00 6.130746e+00 3.597788e+00 2.698905e+00 4.320437e+00 3.126689e+00 2.968070e+00 5.203491e+00 4.065128e+00 2.907269e+00 3.780371e+00 1.576465e+00 6.846774e+00
<GCONST> 1.089609e+02
<STATE> 3
<MEAN> 25
 -3.393790e+00 -3.153686e+00 -2.027165e+00 2.577513e+00 2.225988e+00 2.465652e+00 1.868653e+00 2.484300e-01 3.998021e+00 -3.909265e-01 3.015679e+00 2.804057e+00 -1.274667e+00 -1.210597e+00 -3.010862e-01 -1.600751e-01 -3.724277e-01 -6.109971e-02 8.420956e-02 -1.243051e-01 5.554571e-01 -4.052947e-01 -9.160705e-03 4.157740e-01 -2.267109e-01
<VARIANCE> 25
 1.892784e+01 3.480108e+01 1.955147e+01 1.533738e+01 2.680902e+01 4.050239e+01 4.033975e+01 3.244859e+01 3.631430e+01 2.898835e+01 1.790387e+01 1.622222e+01 1.897029e+00 5.445957e+00 1.700397e+00 2.341346e+00 2.220191e+00 2.618622e+00 3.747971e+00 3.957676e+00 2.957754e+00 3.748417e+00 1.370360e+00 1.400887e+00 3.089570e+00
<GCONST> 9.729797e+01
<STATE> 4
<MEAN> 25
 -4.109908e+00 -1.876251e+00 -2.127142e+00 4.113846e+00 2.056123e+00 3.738543e+00 1.945066e+00 -1.799956e-01 2.320644e+00 -2.142124e+00 1.299591e+00 8.906457e-01 7.369021e-01 4.698769e-01 -2.040691e-01 -3.780843e-01 -2.412781e-01 -4.576847e-01 -6.977157e-02 -2.038200e-01 -5.697674e-01 -5.011162e-02 -3.201718e-01 -1.850702e-01 2.497734e-01
<VARIANCE> 25
 1.441088e+01 5.486009e+01 2.356281e+01 2.922708e+01 3.241073e+01 7.720506e+01 3.083860e+01 2.116977e+01 2.568641e+01 1.778191e+01 1.630539e+01 2.072859e+01 2.151598e+00 4.857195e+00 1.506987e+00 2.238158e+00 1.970228e+00 5.664545e+00 2.290275e+00 2.443531e+00 2.816676e+00 1.979813e+00 1.537547e+00 1.256388e+00 1.424140e+00
<GCONST> 9.583541e+01
<TRANSP> 5
 0.000000e+00 1.000000e+00 0.000000e+00 0.000000e+00 0.000000e+00
 0.000000e+00 5.101857e-01 4.898143e-01 0.000000e+00 0.000000e+00
 0.000000e+00 0.000000e+00 5.693828e-01 4.306171e-01 0.000000e+00
 0.000000e+00 0.000000e+00 0.000000e+00 7.763943e-01 2.236058e-01
 0.000000e+00 0.000000e+00 0.000000e+00 0.000000e+00 0.000000e+00
<ENDHMM>
~h "g"
<BEGINHMM>
<NUMSTATES> 5
<STATE> 2
<MEAN> 25
 1.893512e+00 4.430458e+00 4.071811e+00 4.005959e+00 3.642368e-01 -1.378150e+00 -2.138181e+00 -1.236464e-01 -8.345969e-01 -1.931873e+00 -4.784913e-01 -2.316802e+00 3.597674e-01 -1.920694e-01 3.403289e-01 4.241745e-01 -1.171881e-01 -8.853545e-01 -6.527889e-01 6.392711e-01 4.826898e-01 -3.808719e-01 -1.227010e-01 -1.012331e-01 5.344761e-01
<VARIANCE> 25
 5.026246e+01 6.212524e+01 4.822900e+01 5.327258e+01 8.650144e+01 8.849885e+01 7.163892e+01 7.921212e+01 6.656656e+01 5.307881e+01 3.392386e+01 2.713312e+01 5.503928e+00 7.726729e+00 4.420448e+00 5.662209e+00 9.381828e+00 9.872586e+00 7.529722e+00 6.881595e+00 5.592963e+00 5.882092e+00 3.371221e+00 3.443821e+00 6.538308e+00
<GCONST> 1.176959e+02
<STATE> 3
<MEAN> 25
 4.734065e+00 2.383445e+00 4.518178e+00 3.566943e+00 -2.551711e+00 -6.800320e+00 -5.125168e+00 2.569773e+00 1.389044e+00 -2.915340e+00 -1.574558e+00 -2.284615e+00 7.944219e-01 -1.409817e+00 2.453872e-02 -5.229769e-01 -9.237882e-01 -9.174138e-01 -2.166156e-01 4.918851e-01 -1.320243e-01 -3.985541e-01 -9.194236e-02 4.171062e-01 1.485516e+00
<VARIANCE> 25
 3.159682e+01 6.372465e+01 4.382430e+01 5.592488e+01 8.690276e+01 9.616106e+01 8.425483e+01 7.540490e+01 7.027320e+01 6.486887e+01 4.132789e+01 3.137828e+01 2.773772e+00 5.570693e+00 4.177324e+00 5.432107e+00 7.945254e+00 7.467614e+00 8.453629e+00 6.350282e+00 5.613097e+00 5.444869e+00 3.736741e+00 3.601389e+00 3.903683e+00
<GCONST> 1.160459e+02
<STATE> 4
<MEAN> 25
 6.870862e+00 -2.011024e+00 4.964490e+00 -1.391718e-01 -6.697944e+00 -6.929308e+00 -5.881339e+00 1.202694e+00 1.404085e+00 -5.023888e+00 -1.889598e+00 4.977216e-01 2.811593e-01 -6.475734e-01 -3.018246e-01 -6.055465e-01 -2.342816e-01 1.742853e-01 2.289725e-01 -1.400589e-01 -2.188776e-01 4.993546e-01 2.101582e-01 1.185286e-01 6.340221e-01
<VARIANCE> 25
 3.965342e+01 5.825666e+01 4.138210e+01 7.815739e+01 8.205989e+01 9.285248e+01 7.414127e+01 9.292248e+01 7.037798e+01 6.782957e+01 4.899292e+01 4.025513e+01 1.602399e+00 3.361271e+00 3.172248e+00 3.899820e+00 4.764579e+00 4.556572e+00 4.422788e+00 4.656187e+00 3.671730e+00 3.001873e+00 2.797098e+00 2.584904e+00 2.358876e+00
<GCONST> 1.111458e+02
<TRANSP> 5
 0.000000e+00 1.000000e+00 0.000000e+00 0.000000e+00 0.000000e+00
 0.000000e+00 5.998479e-01 4.001521e-01 0.000000e+00 0.000000e+00
 0.000000e+00 0.000000e+00 4.046114e-01 5.953887e-01 0.000000e+00
 0.000000e+00 0.000000e+00 0.000000e+00 5.345642e-01 4.654358e-01
 0.000000e+00 0.000000e+00 0.000000e+00 0.000000e+00 0.000000e+00
<ENDHMM>
~h "h"
<BEGINHMM>
<NUMSTATES> 5
<STATE> 2
<MEAN> 25
 2.502257e+00 -9.953095e-01 1.296945e+00 7.907879e-01 -1.312851e+00 1.997460e+00 4.957217e+00 2.546659e+00 1.371024e+00 2.285146e-01 6.446928e-02 7.640433e-01 -9.733840e-01 1.584091e-01 -2.755342e-01 -1.416751e-01 4.851190e-01 4.024689e-01 1.932074e-01 2.000814e-01 -1.450806e-02 -1.434085e-01 2.173724e-01 3.050425e-01 -8.443235e-01
<VARIANCE> 25
 4.729884e+01 5.010730e+01 4.394827e+01 4.110738e+01 7.016525e+01 6.947404e+01 6.582784e+01 4.994986e+01 4.247378e+01 4.592503e+01 3.662332e+01 2.348124e+01 1.715733e+00 2.544506e+00 2.453340e+00 2.706816e+00 2.879350e+00 2.787481e+00 3.063980e+00 2.527623e+00 2.728130e+00 2.347631e+00 2.277936e+00 1.816858e+00 1.238176e+00
<GCONST> 1.031272e+02
<STATE> 3
<MEAN> 25
 2.710396e-02 -1.696573e+00 -2.693921e+00 -1.909548e+00 7.765251e-01 4.014837e+00 4.746858e+00 2.486538e+00 -1.690146e-01 -1.779916e+00 -7.682579e-01 1.078400e+00 -7.016314e-01 1.577582e-01 -1.878212e-02 5.625525e-02 1.822584e-01 -6.721830e-02 -3.197268e-01 -2.413821e-01 2.729574e-02 8.288256e-02 1.565594e-01 1.294836e-01 -6.657990e-01
<VARIANCE> 25
 4.654895e+01 4.833604e+01 3.828666e+01 4.697356e+01 6.250578e+01 4.959243e+01 5.315243e+01 4.146168e+01 4.078991e+01 4.491073e+01 3.009166e+01 2.565600e+01 6.651002e-01 1.054960e+00 1.490186e+00 1.712225e+00 1.924500e+00 1.809414e+00 2.098886e+00 2.042681e+00 2.007993e+00 2.041050e+00 1.581887e+00 1.460288e+00 3.572829e-01
<GCONST> 9.556382e+01
<STATE> 4
<MEAN> 25
 -5.203657e+00 1.027235e+00 -2.430884e-01 2.138268e+00 2.723413e+00 2.439602e+00 8.502692e-01 -5.491417e-01 5.161592e-01 -7.132459e-01 3.841146e-01 1.419394e+00 -1.063645e-01 5.783099e-02 3.182432e-02 6.867769e-02 4.789529e-02 -1.408074e-03 -3.472029e-02 -3.613457e-02 1.443573e-02 2.116462e-02 1.252106e-02 5.183630e-04 -1.210263e-01
<VARIANCE> 25
 4.151665e+01 2.542038e+01 1.933555e+01 2.850472e+01 2.239392e+01 2.306255e+01 2.518543e+01 2.059740e+01 2.345362e+01 1.653685e+01 1.837266e+01 1.518488e+01 1.918874e-01 3.652833e-01 6.011708e-01 7.268350e-01 9.522684e-01 1.129220e+00 1.202282e+00 1.323727e+00 1.328766e+00 1.353031e+00 1.246690e+00 1.162498e+00 1.068293e-01
<GCONST> 7.908334e+01
<TRANSP> 5
 0.000000e+00 1.000000e+00 0.000000e+00 0.000000e+00 0.000000e+00
 0.000000e+00 6.135748e-01 3.864252e-01 0.000000e+00 0.000000e+00
 0.000000e+00 0.000000e+00 6.617616e-01 3.382384e-01 0.000000e+00
 0.000000e+00 0.000000e+00 0.000000e+00 9.139848e-01 8.601518e-02
 0.000000e+00 0.000000e+00 0.000000e+00 0.000000e+00 0.000000e+00
<ENDHMM>
~h "i"
<BEGINHMM>
<NUMSTATES> 5
<STATE> 2
<MEAN> 25
 4.105668e+00 -2.994047e+00 8.050570e+00 7.941560e+00 1.095226e+00 -4.707257e+00 -7.517851e+00 -5.285041e+00 -2.673123e+00 -2.195344e+00 -7.651353e-01 -1.904948e+00 6.466230e-01 -3.798560e-01 1.270090e+00 5.232136e-02 -1.018708e+00 -9.673021e-01 -8.259600e-01 -2.469418e-01 -1.129499e+00 1.429532e-01 6.999969e-02 -4.167088e-01 9.310492e-01
<VARIANCE> 25
 3.406900e+01 5.295317e+01 4.593486e+01 1.008902e+02 9.642825e+01 5.925761e+01 8.822324e+01 8.091570e+01 5.724322e+01 3.291382e+01 3.560464e+01 2.939555e+01 2.748557e+00 3.392953e+00 5.978281e+00 5.087378e+00 6.044113e+00 5.654415e+00 4.936572e+00 5.270507e+00 6.826333e+00 2.980178e+00 3.520241e+00 2.362969e+00 2.968117e+00
<GCONST> 1.125616e+02
<STATE> 3
<MEAN> 25
 4.104640e+00 -2.703928e+00 9.462595e+00 7.985209e+00 -1.681034e+00 -6.104964e+00 -7.007700e+00 -4.173962e+00 -3.906398e+00 -5.028392e-02 6.665472e-01 -2.664555e+00 -1.316046e-01 2.835832e-01 2.795849e-01 -5.136847e-01 -5.580369e-01 4.844964e-01 3.567384e-01 -8.611490e-02 -5.793421e-01 3.304610e-01 4.291920e-01 1.253299e-01 -1.583257e-01
<VARIANCE> 25
 2.959428e+01 3.746264e+01 5.160812e+01 1.104314e+02 1.158522e+02 5.891885e+01 7.511044e+01 7.241523e+01 8.121821e+01 4.539914e+01 4.161124e+01 3.329834e+01 1.300339e+00 2.069594e+00 3.337416e+00 2.747514e+00 3.374352e+00 3.207396e+00 3.721752e+00 3.521844e+00 3.414534e+00 2.559148e+00 2.212229e+00 1.747726e+00 1.640228e+00
<GCONST> 1.066579e+02
<STATE> 4
<MEAN> 25
 2.048660e+00 1.624844e+00 1.338342e+01 4.800906e-01 -8.527967e+00 -4.323931e+00 -2.634450e+00 -2.397116e+00 -8.470789e+00 -7.103440e-01 2.975968e+00 -6.928641e-01 -2.472504e-01 1.834586e-01 -5.986317e-01 1.840435e-01 5.163592e-01 2.502060e-01 3.155212e-01 7.171620e-02 4.460191e-01 4.726331e-03 -2.489851e-02 1.763749e-01 -5.093393e-01
<VARIANCE> 25
 1.966770e+01 2.636831e+01 5.569008e+01 4.599542e+01 5.441069e+01 4.525331e+01 3.780050e+01 3.817795e+01 4.808057e+01 3.143978e+01 3.030580e+01 1.971655e+01 9.110290e-01 1.646517e+00 2.344024e+00 1.937830e+00 2.659276e+00 2.223026e+00 2.215872e+00 2.067192e+00 2.398948e+00 1.653134e+00 1.533537e+00 1.288711e+00 1.297285e+00
<GCONST> 9.638045e+01
<TRANSP> 5
 0.000000e+00 1.000000e+00 0.000000e+00 0.000000e+00 0.000000e+00
 0.000000e+00 5.988492e-01 4.011508e-01 0.000000e+00 0.000000e+00
 0.000000e+00 0.000000e+00 4.591587e-01 5.408413e-01 0.000000e+00
 0.000000e+00 0.000000e+00 0.000000e+00 8.086781e-01 1.913219e-01
 0.000000e+00 0.000000e+00 0.000000e+00 0.000000e+00 0.000000e+00
<ENDHMM>
~h "j"
<BEGINHMM>
<NUMSTATES> 5
<STATE> 2
<MEAN> 25
 1.491079e+00 -3.607956e-01 6.882614e+00 5.809985e+00 5.648010e-01 -7.732320e-02 -3.356813e+00 -2.761765e+00 -1.914862e+00 -3.041589e+00 2.358600e-01 1.055373e+00 -6.834176e-01 3.994561e-01 9.491390e-01 8.947394e-01 1.256861e-01 5.559130e-01 -2.903527e-01 5.597728e-02 4.583296e-01 -1.025052e+00 -1.496172e-01 1.297302e-02 -5.627475e-01
<VARIANCE> 25
 4.559729e+01 7.330183e+01 4.329063e+01 5.365892e+01 6.953362e+01 9.043467e+01 4.774673e+01 6.835394e+01 5.973600e+01 3.861257e+01 3.463749e+01 2.494978e+01 4.617897e+00 1.070164e+01 4.732368e+00 5.178974e+00 6.780904e+00 7.622797e+00 5.775567e+00 6.732193e+00 6.184294e+00 4.179363e+00 3.054799e+00 2.862252e+00 8.755807e+00
<GCONST> 1.154497e+02
<STATE> 3
<MEAN> 25
 1.543101e+00 9.112675e-01 8.323844e+00 6.196010e+00 -6.014494e-01 -2.432916e+00 -4.668998e+00 -2.994730e+00 -9.457188e-01 -6.547524e+00 -8.960311e-01 1.110023e+00 6.762719e-01 -2.216219e-01 -3.472759e-01 -8.185059e-01 -2.204819e-01 -1.157890e+00 -4.323726e-01 -4.231257e-01 -5.789669e-01 2.561264e-01 3.800387e-01 1.651818e-01 1.068651e+00
<VARIANCE> 25
 4.160073e+01 7.300100e+01 3.757589e+01 5.105877e+01 5.702431e+01 6.024260e+01 7.314803e+01 5.144027e+01 3.427478e+01 3.461839e+01 2.134879e+01 2.328400e+01 3.959794e+00 4.102379e+00 4.083395e+00 5.588308e+00 5.332420e+00 6.286599e+00 5.758837e+00 5.073933e+00 4.825792e+00 3.228429e+00 2.483036e+00 2.583194e+00 4.210547e+00
<GCONST> 1.100317e+02
<STATE> 4
<MEAN> 25
 3.733422e+00 5.640913e-01 9.095520e+00 1.729608e-02 -5.887802e+00 -7.413039e+00 -4.130567e+00 2.329953e-01 -2.769048e+00 -2.405131e+00 1.532050e+00 1.942098e+00 6.459274e-01 -8.122699e-01 -6.363218e-01 -6.353539e-01 -5.936687e-01 -5.117517e-01 -4.814271e-02 4.454769e-01 6.655634e-02 6.854041e-01 1.565810e-02 1.553201e-02 7.008554e-01
<VARIANCE> 25
 3.204961e+01 5.369916e+01 3.238594e+01 3.998108e+01 5.478787e+01 4.083550e+01 4.538993e+01 4.478998e+01 3.838272e+01 2.399065e+01 2.283946e+01 2.684274e+01 1.943432e+00 3.007412e+00 3.519805e+00 3.341373e+00 4.532387e+00 3.597698e+00 3.947615e+00 3.025664e+00 2.996031e+00 2.220162e+00 2.331278e+00 2.292384e+00 1.986446e+00
<GCONST> 1.028971e+02
<TRANSP> 5
 0.000000e+00 1.000000e+00 0.000000e+00 0.000000e+00 0.000000e+00
 0.000000e+00 7.072489e-01 2.927511e-01 0.000000e+00 0.000000e+00
 0.000000e+00 0.000000e+00 6.043857e-01 3.956142e-01 0.000000e+00
 0.000000e+00 0.000000e+00 0.000000e+00 7.231995e-01 2.768005e-01
 0.000000e+00 0.000000e+00 0.000000e+00 0.000000e+00 0.000000e+00
<ENDHMM>
~h "k"
<BEGINHMM>
<NUMSTATES> 5
<STATE> 2
<MEAN> 25
 -6.397410e+00 2.811295e+00 -2.000564e+00 7.441121e-01 2.680472e+00 3.478601e+00 1.866230e+00 7.139217e-01 2.580416e+00 1.006234e+00 1.682244e+00 5.245891e-01 -8.870981e-01 -8.445273e-02 -2.342561e-01 1.581342e-01 -8.068060e-02 3.576209e-01 3.361453e-01 5.472282e-01 5.424641e-01 -2.797745e-01 2.303499e-01 3.371494e-01 -7.455856e-01
<VARIANCE> 25
 7.547892e+01 4.516072e+01 3.781407e+01 4.988462e+01 6.621428e+01 5.569013e+01 4.389447e+01 4.699496e+01 4.659052e+01 3.548195e+01 3.257375e+01 2.659018e+01 5.969127e+00 4.659832e+00 4.329525e+00 5.313590e+00 4.872004e+00 5.803585e+00 4.585463e+00 3.863761e+00 4.502423e+00 3.390533e+00 3.480188e+00 2.622464e+00 6.506814e+00
<GCONST> 1.111299e+02
<STATE> 3
<MEAN> 25
 -3.178205e+00 -3.083344e+00 2.110982e-02 -2.114573e+00 -5.219533e+00 2.949262e+00 3.682103e+00 3.561598e+00 4.665740e+00 -2.389788e+00 -4.882182e-01 1.944835e+00 1.960529e+00 -1.165534e+00 -2.377549e-01 -7.523954e-01 -8.527849e-01 -9.099913e-01 -4.141129e-01 -9.793663e-02 2.779889e-02 -1.703493e-02 -5.046743e-01 -1.798015e-01 2.336084e+00
<VARIANCE> 25
 4.850887e+01 7.025739e+01 6.144752e+01 5.463391e+01 1.493496e+02 6.974889e+01 7.597166e+01 6.022799e+01 6.294143e+01 5.044041e+01 4.059951e+01 2.904077e+01 8.042941e+00 9.341427e+00 6.965713e+00 7.166191e+00 1.234492e+01 9.470363e+00 8.040466e+00 6.645966e+00 7.190937e+00 7.697875e+00 4.101408e+00 4.472836e+00 7.369155e+00
<GCONST> 1.209048e+02
<STATE> 4
<MEAN> 25
 2.079008e+00 -2.924849e+00 -3.585920e+00 -3.139285e+00 -2.480515e-01 -1.741845e+00 -6.737277e-01 7.154947e-01 2.611290e+00 1.607936e+00 -9.729146e-01 -6.803163e-01 2.127343e+00 1.730102e-01 6.008451e-02 -3.811274e-01 -3.256537e-01 -1.194470e+00 -2.603600e-01 -4.440072e-01 -1.196910e+00 5.477843e-01 -3.275189e-01 -6.700824e-01 1.722329e+00
<VARIANCE> 25
 4.685361e+01 5.020674e+01 6.411977e+01 5.791014e+01 8.080832e+01 6.568122e+01 5.229604e+01 5.380379e+01 5.064459e+01 4.450048e+01 3.368804e+01 2.980785e+01 4.555044e+00 4.767349e+00 5.757847e+00 6.251266e+00 6.253707e+00 7.174414e+00 5.391621e+00 5.839007e+00 5.194170e+00 4.372492e+00 3.419197e+00 2.761035e+00 3.675552e+00
<GCONST> 1.136652e+02
<TRANSP> 5
 0.000000e+00 1.000000e+00 0.000000e+00 0.000000e+00 0.000000e+00
 0.000000e+00 6.629780e-01 3.370220e-01 0.000000e+00 0.000000e+00
 0.000000e+00 0.000000e+00 5.305799e-01 4.694201e-01 0.000000e+00
 0.000000e+00 0.000000e+00 0.000000e+00 4.130353e-01 5.869647e-01
 0.000000e+00 0.000000e+00 0.000000e+00 0.000000e+00 0.000000e+00
<ENDHMM>
~h "l"
<BEGINHMM>
<NUMSTATES> 5
<STATE> 2
<MEAN> 25
 8.448375e+00 -1.249487e+00 -3.083092e+00 -2.759661e+00 -1.085973e+00 -3.354018e+00 -3.215670e+00 -1.568498e+00 1.286305e+00 1.839860e+00 -2.907540e+00 -2.153793e+00 1.845945e-01 -5.334011e-01 3.211561e-02 4.042725e-02 -2.291119e-01 -4.403349e-01 -4.735833e-01 2.531414e-01 5.721744e-01 8.608661e-02 -6.074493e-01 -2.449223e-01 3.822744e-01
<VARIANCE> 25
 3.077941e+01 3.184207e+01 3.604461e+01 4.762592e+01 6.099157e+01 7.656416e+01 5.296057e+01 5.568475e+01 4.618541e+01 6.857732e+01 4.866494e+01 3.215433e+01 9.540977e-01 2.257062e+00 1.999869e+00 3.209667e+00 3.172526e+00 4.830255e+00 3.090586e+00 3.308194e+00 3.410839e+00 3.322533e+00 3.076279e+00 2.467081e+00 1.060563e+00
<GCONST> 1.043307e+02
<STATE> 3
<MEAN> 25
 9.445079e+00 -2.256780e+00 -2.079018e+00 -1.716943e+00 -3.616512e+00 -7.080488e+00 -3.186482e+00 1.386010e+00 2.409885e+00 2.104148e-01 -4.507848e+00 -1.611161e+00 -8.071975e-02 -2.550338e-01 4.428445e-01 1.370474e-02 -5.260981e-01 -2.182686e-01 1.053810e-01 2.315104e-01 4.868564e-02 -1.834126e-01 -1.093387e-01 2.286910e-01 1.232153e-01
<VARIANCE> 25
 2.781637e+01 3.158889e+01 3.220697e+01 4.634370e+01 6.084516e+01 9.751566e+01 5.684237e+01 6.393740e+01 4.558704e+01 8.617266e+01 4.224959e+01 2.887316e+01 3.119675e-01 1.404851e+00 1.557273e+00 2.176050e+00 3.134475e+00 3.552597e+00 2.964207e+00 2.719563e+00 2.528862e+00 3.093923e+00 2.366708e+00 1.606968e+00 4.980701e-01
<GCONST> 9.989144e+01
<STATE> 4
<MEAN> 25
 9.001592e+00 -3.702431e+00 6.650351e-02 -4.793708e+00 -4.517684e+00 -4.830812e+00 -4.132764e+00 -9.566717e-01 2.176204e+00 1.536913e+00 -4.233369e+00 -9.929126e-01 -1.424769e-01 1.667535e-01 2.726617e-01 6.446146e-02 -3.598005e-02 1.420021e-01 1.267105e-01 4.025929e-02 -2.707103e-01 -1.884087e-01 1.795473e-01 7.096745e-02 -1.720865e-01
<VARIANCE> 25
 1.797388e+01 3.315978e+01 3.371607e+01 5.836552e+01 7.800358e+01 6.983023e+01 5.578954e+01 5.845082e+01 4.194004e+01 6.831398e+01 3.772249e+01 2.934683e+01 3.067433e-01 9.738135e-01 1.125078e+00 1.401669e+00 1.648322e+00 2.241359e+00 1.974800e+00 2.021586e+00 1.780000e+00 2.242513e+00 1.612153e+00 1.221799e+00 4.172775e-01
<GCONST> 9.471078e+01
<TRANSP> 5
 0.000000e+00 1.000000e+00 0.000000e+00 0.000000e+00 0.000000e+00
 0.000000e+00 3.103866e-01 6.896133e-01 0.000000e+00 0.000000e+00
 0.000000e+00 0.000000e+00 4.203313e-01 5.796686e-01 0.000000e+00
 0.000000e+00 0.000000e+00 0.000000e+00 7.404724e-01 2.595276e-01
 0.000000e+00 0.000000e+00 0.000000e+00 0.000000e+00 0.000000e+00
<ENDHMM>
~h "m"
<BEGINHMM>
<NUMSTATES> 5
<STATE> 2
<MEAN> 25
 4.680873e+00 4.152692e+00 -8.399972e-01 1.024709e-01 1.607712e+00 8.324712e-01 -1.276625e+00 -7.484415e-01 -4.394534e-01 1.268892e+00 -1.955410e-01 -3.488518e+00 -2.594465e-01 1.165381e+00 5.082884e-01 9.502040e-01 1.188709e+00 1.186231e+00 -2.996183e-01 -8.388897e-01 1.225667e-01 3.590863e-01 -4.089468e-01 -9.080892e-01 -7.336212e-01
<VARIANCE> 25
 5.635909e+01 3.786498e+01 3.577286e+01 4.603845e+01 4.927448e+01 5.288967e+01 3.960136e+01 3.885628e+01 7.101469e+01 3.165642e+01 3.348470e+01 3.097715e+01 5.726979e+00 4.305916e+00 4.824444e+00 5.793386e+00 5.478870e+00 5.742256e+00 3.780113e+00 3.425639e+00 7.134755e+00 3.342028e+00 3.110290e+00 3.556434e+00 4.988822e+00
<GCONST> 1.106135e+02
<STATE> 3
<MEAN> 25
 4.522800e+00 5.441076e+00 2.061939e-01 2.055030e+00 4.375506e+00 2.796436e+00 -3.064444e+00 -2.760100e+00 1.324429e+00 2.230534e+00 -1.884705e+00 -5.411328e+00 3.261566e-01 -3.551812e-01 -1.435084e-01 -7.034732e-02 -1.251168e-01 -2.105574e-01 2.834551e-03 -1.701022e-01 -3.171471e-01 -1.608790e-01 -3.575464e-02 3.049354e-01 4.589535e-01
<VARIANCE> 25
 2.578139e+01 3.475887e+01 3.740682e+01 4.565178e+01 5.119342e+01 4.386650e+01 5.456795e+01 4.250483e+01 1.117033e+02 3.845699e+01 3.757741e+01 4.538477e+01 3.568252e+00 3.232053e+00 4.532184e+00 5.226808e+00 6.146891e+00 5.549590e+00 3.526888e+00 3.193170e+00 5.664691e+00 3.429371e+00 2.764431e+00 3.861506e+00 2.717521e+00
<GCONST> 1.093562e+02
<STATE> 4
<MEAN> 25
 4.922113e+00 3.247333e+00 6.721031e-01 1.570958e+00 1.050756e+00 1.444402e+00 -8.538839e-01 -4.766816e+00 -6.769547e+00 1.240831e+00 -2.333602e-02 -3.816385e+00 3.437237e-01 -5.208346e-01 -5.618293e-01 -7.880393e-01 -4.316168e-01 -2.963220e-01 1.461176e-01 6.401379e-01 4.243269e-01 -1.757741e-01 -9.713385e-02 2.714176e-01 5.299698e-01
<VARIANCE> 25
 1.991620e+01 2.691383e+01 3.367088e+01 4.635358e+01 3.759739e+01 3.062767e+01 3.088727e+01 4.238932e+01 1.011593e+02 2.249352e+01 2.638438e+01 2.469145e+01 1.372415e+00 1.898084e+00 2.618212e+00 4.085632e+00 3.191255e+00 2.967289e+00 2.074360e+00 2.735598e+00 4.074873e+00 1.954883e+00 2.040892e+00 1.826367e+00 1.248574e+00
<GCONST> 9.894361e+01
<TRANSP> 5
 0.000000e+00 1.000000e+00 0.000000e+00 0.000000e+00 0.000000e+00
 0.000000e+00 4.262091e-01 5.737910e-01 0.000000e+00 0.000000e+00
 0.000000e+00 0.000000e+00 3.126843e-01 6.873158e-01 0.000000e+00
 0.000000e+00 0.000000e+00 0.000000e+00 6.422302e-01 3.577698e-01
 0.000000e+00 0.000000e+00 0.000000e+00 0.000000e+00 0.000000e+00
<ENDHMM>
~h "n"
<BEGINHMM>
<NUMSTATES> 5
<STATE> 2
<MEAN> 25
 6.837480e+00 -2.275013e-01 -1.616222e+00 1.470261e+00 1.343786e+00 -2.009132e+00 -1.518295e+00 -2.909275e+00 -4.399400e+00 6.722557e-01 -6.969778e-01 -1.623743e+00 -1.110733e+00 2.342731e+00 6.845769e-01 1.143074e+00 1.391906e+00 1.887368e+00 -1.113209e+00 -1.424012e+00 7.264585e-01 -1.447047e-01 -6.211919e-01 -1.171785e+00 -2.116910e+00
<VARIANCE> 25
 2.424481e+01 3.495478e+01 3.917719e+01 3.647386e+01 5.720650e+01 5.770263e+01 4.287263e+01 6.400424e+01 5.153003e+01 3.237261e+01 4.800110e+01 3.108380e+01 1.253298e+00 2.080458e+00 2.286396e+00 2.947205e+00 5.485913e+00 4.789371e+00 4.322200e+00 4.720855e+00 4.904266e+00 2.943382e+00 5.340613e+00 3.069954e+00 1.648511e+00
<GCONST> 1.058175e+02
<STATE> 3
<MEAN> 25
 3.956010e+00 4.432298e+00 8.325469e-01 3.579286e+00 5.042994e+00 3.370689e+00 -6.028919e+00 -7.224410e+00 -5.061764e-01 8.030923e-01 -3.975840e+00 -4.535707e+00 -5.954132e-01 8.702695e-01 7.185570e-01 5.453498e-01 3.273636e-01 4.934793e-01 -6.625721e-02 -1.722262e-01 3.409321e-01 -1.736151e-01 -7.578860e-02 5.597162e-02 -8.096507e-01
<VARIANCE> 25
 1.889758e+01 3.087812e+01 2.795810e+01 2.819197e+01 7.821776e+01 5.103978e+01 6.278281e+01 6.258447e+01 4.450229e+01 3.101465e+01 3.525681e+01 2.895627e+01 9.903573e-01 1.378550e+00 1.414286e+00 1.554081e+00 2.235016e+00 2.291645e+00 3.042977e+00 3.196183e+00 2.958993e+00 1.910863e+00 2.268684e+00 1.628249e+00 7.245134e-01
<GCONST> 9.743651e+01
<STATE> 4
<MEAN> 25
 -8.571456e-01 4.412397e+00 2.168746e+00 5.448016e+00 1.763420e+00 1.801903e+00 3.583463e-01 -2.866572e+00 -2.462907e-01 -9.912908e-01 -6.140563e-01 9.671897e-02 -3.162710e-01 -1.724361e-02 -8.825885e-02 -4.328553e-02 3.847409e-02 2.041518e-02 1.917372e-01 2.543639e-01 9.540090e-02 -1.927237e-01 1.092591e-01 2.208099e-01 -2.149095e-01
<VARIANCE> 25
 3.908750e+01 2.470353e+01 2.463886e+01 2.758492e+01 4.035321e+01 3.324985e+01 3.367770e+01 3.918619e+01 3.822032e+01 2.437367e+01 2.469810e+01 2.460181e+01 8.073016e-01 1.225023e+00 1.146628e+00 1.271571e+00 1.472629e+00 1.754838e+00 1.853630e+00 2.258797e+00 2.012007e+00 1.746738e+00 1.590478e+00 1.439174e+00 5.915302e-01
<GCONST> 9.128191e+01
<TRANSP> 5
 0.000000e+00 1.000000e+00 0.000000e+00 0.000000e+00 0.000000e+00
 0.000000e+00 5.113506e-01 4.886494e-01 0.000000e+00 0.000000e+00
 0.000000e+00 0.000000e+00 4.672382e-01 5.327619e-01 0.000000e+00
 0.000000e+00 0.000000e+00 0.000000e+00 7.895913e-01 2.104087e-01
 0.000000e+00 0.000000e+00 0.000000e+00 0.000000e+00 0.000000e+00
<ENDHMM>
~h "o"
<BEGINHMM>
<NUMSTATES> 5
<STATE> 2
<MEAN> 25
 1.254325e-01 2.531809e+00 -2.475256e+00 -3.407515e+00 -1.616848e+00 -1.627826e+00 2.309374e-01 1.715825e+00 1.190298e+00 1.000759e+00 -1.988012e-01 -6.653061e-01 7.041816e-01 3.527039e-01 -4.972611e-01 -8.441111e-01 -3.256590e-01 1.644001e-01 2.764947e-01 -8.022927e-02 -2.205206e-01 2.849811e-01 1.141391e-01 -3.385568e-01 3.774714e-01
<VARIANCE> 25
 1.348404e+02 4.244195e+01 3.672020e+01 5.185561e+01 7.376190e+01 9.182220e+01 5.103621e+01 5.143560e+01 4.191962e+01 3.725383e+01 2.452523e+01 2.655628e+01 5.090126e+00 3.082716e+00 2.842786e+00 4.254192e+00 4.031766e+00 5.364305e+00 3.156213e+00 3.160714e+00 3.293702e+00 3.075618e+00 2.248146e+00 2.160749e+00 3.130148e+00
<GCONST> 1.083341e+02
<STATE> 3
<MEAN> 25
 6.509698e+00 3.189282e+00 -2.769224e+00 -5.066381e+00 -3.848696e+00 -1.509765e+00 -4.438131e-01 1.045215e+00 1.817153e+00 2.780972e-01 -1.150595e+00 -1.192457e+00 1.503616e+00 -2.639797e-01 -7.316964e-01 -1.227365e+00 -3.266133e-01 2.346023e-01 -2.536751e-03 -4.479634e-01 -2.683276e-01 2.545501e-01 1.527466e-01 -2.190754e-01 1.308285e+00
<VARIANCE> 25
 5.433828e+01 4.393973e+01 4.367306e+01 5.733545e+01 7.009116e+01 1.228191e+02 5.453638e+01 6.103383e+01 5.034074e+01 4.647697e+01 3.212940e+01 3.361538e+01 6.488994e+00 3.692195e+00 3.564250e+00 6.108107e+00 4.965231e+00 7.584673e+00 3.886562e+00 3.778537e+00 4.035369e+00 4.193778e+00 2.684209e+00 2.849656e+00 4.829185e+00
<GCONST> 1.124743e+02
<STATE> 4
<MEAN> 25
 6.110132e+00 1.301400e+00 -5.653194e+00 -1.026341e+01 -9.135530e-01 6.468273e+00 7.390103e-01 -3.237907e+00 -7.865652e-01 4.512884e-01 1.584860e+00 4.335874e-01 -3.023484e-01 -4.616347e-02 1.681338e-01 4.899239e-01 2.452591e-01 -8.190104e-02 -4.775288e-02 1.616993e-02 7.849130e-02 -7.685098e-03 2.183893e-02 5.113352e-02 -2.648954e-01
<VARIANCE> 25
 3.414366e+01 2.279813e+01 2.509901e+01 6.380569e+01 4.080266e+01 5.997553e+01 4.000854e+01 3.213196e+01 3.601104e+01 3.718365e+01 2.542137e+01 2.476178e+01 9.905707e-01 1.290364e+00 1.230394e+00 2.219300e+00 1.677968e+00 2.360675e+00 2.053077e+00 1.696347e+00 2.056881e+00 1.922938e+00 1.617282e+00 1.513871e+00 1.027285e+00
<GCONST> 9.476077e+01
<TRANSP> 5
 0.000000e+00 1.000000e+00 0.000000e+00 0.000000e+00 0.000000e+00
 0.000000e+00 3.201614e-01 6.798386e-01 0.000000e+00 0.000000e+00
 0.000000e+00 0.000000e+00 4.763683e-01 5.236317e-01 0.000000e+00
 0.000000e+00 0.000000e+00 0.000000e+00 8.146235e-01 1.853765e-01
 0.000000e+00 0.000000e+00 0.000000e+00 0.000000e+00 0.000000e+00
<ENDHMM>
~h "p"
<BEGINHMM>
<NUMSTATES> 5
<STATE> 2
<MEAN> 25
 -2.357923e+00 5.937639e+00 -2.022602e+00 -5.312071e-01 1.519121e+00 2.758309e-01 4.217708e-01 1.545430e+00 1.627445e+00 1.756941e+00 4.646144e-01 -9.815925e-01 -2.193081e+00 7.130557e-01 1.488949e-01 3.980311e-01 5.296322e-01 1.124155e+00 4.348430e-01 2.491896e-01 6.505680e-01 7.064552e-02 5.621199e-01 3.738338e-01 -2.086895e+00
<VARIANCE> 25
 9.107127e+01 3.206335e+01 2.805639e+01 4.187505e+01 4.118909e+01 5.213010e+01 3.079731e+01 3.470489e+01 3.489385e+01 2.970577e+01 2.224190e+01 1.899669e+01 5.880463e+00 4.917736e+00 3.059357e+00 4.171556e+00 3.377307e+00 4.903993e+00 2.939034e+00 3.176550e+00 3.729189e+00 2.973953e+00 2.607068e+00 2.187806e+00 6.096406e+00
<GCONST> 1.055382e+02
<STATE> 3
<MEAN> 25
 -5.458355e+00 3.803645e+00 -1.312903e+00 1.604859e+00 3.609921e+00 3.512048e+00 1.052560e+00 1.231413e+00 2.975503e+00 2.209384e+00 1.625389e+00 7.634523e-01 2.183701e+00 -1.569986e+00 -3.904317e-01 3.754843e-02 -7.504727e-01 -9.817271e-02 -9.916268e-02 -1.345955e-01 4.511542e-01 -3.210717e-01 -1.616127e-01 1.299499e-01 2.274060e+00
<VARIANCE> 25
 6.291113e+01 3.842903e+01 2.785076e+01 3.515137e+01 3.633002e+01 4.785487e+01 3.502429e+01 3.077614e+01 3.756964e+01 2.817623e+01 2.286749e+01 1.842898e+01 1.063289e+01 5.879309e+00 4.221663e+00 5.443161e+00 4.688139e+00 7.995260e+00 4.242026e+00 4.137403e+00 4.266316e+00 3.384370e+00 2.578935e+00 2.913872e+00 7.368496e+00
<GCONST> 1.085189e+02
<STATE> 4
<MEAN> 25
 -1.830229e+00 1.200979e+00 -2.980667e+00 1.662019e+00 5.237122e-01 2.807580e+00 8.745794e-01 8.119045e-01 4.142599e+00 -1.086810e-01 2.034091e+00 1.178831e+00 2.217109e+00 -8.106703e-01 -4.223353e-01 -7.649589e-01 -5.324637e-01 -1.251358e+00 -5.099537e-01 -1.486513e-01 -7.202170e-01 1.259223e-03 -5.186811e-01 -5.914299e-01 2.216733e+00
<VARIANCE> 25
 6.328474e+01 3.374694e+01 2.477688e+01 4.004842e+01 2.609997e+01 4.793212e+01 2.864052e+01 2.310012e+01 2.936236e+01 2.355469e+01 2.685341e+01 2.322124e+01 6.237139e+00 4.231240e+00 2.869334e+00 5.045156e+00 3.746993e+00 6.227485e+00 3.260346e+00 3.414673e+00 3.981268e+00 3.321105e+00 2.798485e+00 2.561016e+00 5.477868e+00
<GCONST> 1.048718e+02
<TRANSP> 5
 0.000000e+00 1.000000e+00 0.000000e+00 0.000000e+00 0.000000e+00
 0.000000e+00 6.177471e-01 3.822528e-01 0.000000e+00 0.000000e+00
 0.000000e+00 0.000000e+00 4.312831e-01 5.687169e-01 0.000000e+00
 0.000000e+00 0.000000e+00 0.000000e+00 6.117980e-01 3.882020e-01
 0.000000e+00 0.000000e+00 0.000000e+00 0.000000e+00 0.000000e+00
<ENDHMM>
~h "r"
<BEGINHMM>
<NUMSTATES> 5
<STATE> 2
<MEAN> 25
 7.361393e+00 -2.436983e+00 -1.936658e+00 1.433668e+00 -1.965944e+00 -2.521994e+00 5.420768e-02 -4.819150e-01 -2.074818e+00 -9.331548e-01 5.807139e-01 8.477154e-01 2.602009e-01 8.929461e-03 -5.520197e-02 7.041147e-01 -3.544228e-01 -3.433096e-01 1.494231e-01 -5.245478e-01 -7.978851e-01 -3.794081e-01 7.481781e-01 3.770439e-01 -7.589579e-03
<VARIANCE> 25
 4.019545e+01 4.847366e+01 3.738055e+01 3.877999e+01 5.328637e+01 7.422962e+01 5.373347e+01 5.578473e+01 7.094499e+01 5.859591e+01 3.860435e+01 3.307000e+01 3.604605e+00 4.929598e+00 3.796952e+00 4.945912e+00 4.705733e+00 7.805321e+00 4.715850e+00 5.736417e+00 7.223530e+00 5.546997e+00 3.973552e+00 3.665951e+00 4.201598e+00
<GCONST> 1.130901e+02
<STATE> 3
<MEAN> 25
 8.665828e+00 -2.765817e+00 -2.202127e+00 2.629733e+00 -2.418125e+00 -3.471645e+00 1.768159e+00 -1.952969e+00 -6.627994e+00 -1.523578e+00 3.512702e+00 1.386670e+00 -2.964698e-01 -3.078058e-03 4.407898e-01 1.876286e-01 -9.468677e-02 1.610509e-01 -1.602993e-01 -5.411824e-01 -9.293697e-02 1.818791e-01 2.589492e-01 -1.768993e-01 -1.456604e-01
<VARIANCE> 25
 3.132850e+01 2.690162e+01 3.310101e+01 3.484264e+01 4.480800e+01 6.506665e+01 6.293517e+01 6.318513e+01 1.097176e+02 5.695943e+01 4.271894e+01 3.674981e+01 1.958504e+00 3.112694e+00 3.372982e+00 3.564165e+00 3.804791e+00 7.050084e+00 4.161520e+00 5.708677e+00 5.382771e+00 5.571524e+00 3.185385e+00 3.438454e+00 2.175085e+00
<GCONST> 1.094221e+02
<STATE> 4
<MEAN> 25
 7.172910e+00 -3.644437e+00 -5.845270e-01 1.841423e+00 -2.932818e+00 -2.887897e+00 -1.368936e+00 -2.936173e+00 -3.014345e+00 5.675077e-01 2.724944e+00 1.108343e-01 -3.538840e-01 1.465974e-01 3.379082e-01 -3.058896e-01 2.316699e-01 8.505096e-02 -1.452198e-01 2.619536e-01 3.227752e-01 4.600525e-03 -1.496315e-01 -6.967732e-02 -1.473897e-01
<VARIANCE> 25
 2.661707e+01 2.730265e+01 3.667091e+01 4.245237e+01 4.408914e+01 7.408286e+01 5.658784e+01 8.288670e+01 8.237804e+01 5.086359e+01 4.292830e+01 3.322509e+01 1.247991e+00 1.959461e+00 2.041433e+00 2.892955e+00 2.648666e+00 3.469306e+00 2.414257e+00 3.459398e+00 3.797350e+00 3.034987e+00 2.487578e+00 2.070562e+00 1.534707e+00
<GCONST> 1.035564e+02
<TRANSP> 5
 0.000000e+00 1.000000e+00 0.000000e+00 0.000000e+00 0.000000e+00
 0.000000e+00 3.093092e-01 6.906907e-01 0.000000e+00 0.000000e+00
 0.000000e+00 0.000000e+00 3.773401e-01 6.226599e-01 0.000000e+00
 0.000000e+00 0.000000e+00 0.000000e+00 5.499474e-01 4.500526e-01
 0.000000e+00 0.000000e+00 0.000000e+00 0.000000e+00 0.000000e+00
<ENDHMM>
~h "s"
<BEGINHMM>
<NUMSTATES> 5
<STATE> 2
<MEAN> 25
 -7.143979e-01 -4.401004e+00 9.646074e+00 1.861518e+00 -2.449661e-02 5.856027e+00 2.961210e+00 -1.248274e+00 2.507841e+00 -1.549034e+00 2.336969e+00 3.872225e+00 -1.942752e+00 -1.616750e+00 2.670875e+00 2.015372e-01 -7.990132e-02 1.193306e+00 7.721787e-01 2.054244e-01 8.854114e-01 -7.851108e-01 8.067037e-01 8.539578e-01 7.213920e-01
<VARIANCE> 25
 6.121762e+01 8.567966e+01 1.227212e+02 3.784788e+01 4.860447e+01 9.944197e+01 4.112595e+01 4.746591e+01 2.955745e+01 3.499860e+01 2.852110e+01 2.230945e+01 4.859898e+00 8.817210e+00 9.836390e+00 3.987907e+00 4.946838e+00 5.747173e+00 4.899555e+00 4.513058e+00 3.810536e+00 3.755529e+00 3.026199e+00 2.358981e+00 2.261818e+00
<GCONST> 1.117261e+02
<STATE> 3
<MEAN> 25
 -5.770470e+00 -1.138255e+01 1.608678e+01 1.783229e+00 -1.109850e+00 9.204663e+00 3.745262e+00 -1.300522e+00 4.387301e+00 -3.318089e+00 4.299957e+00 5.932518e+00 1.700189e-01 1.026940e+00 -1.313487e+00 4.810075e-02 3.196311e-01 -4.009272e-01 -1.708344e-01 -2.012776e-01 -1.955826e-01 9.809330e-02 -1.925174e-01 -2.377154e-01 -4.696241e-01
<VARIANCE> 25
 3.160710e+01 1.340217e+02 1.360160e+02 3.390492e+01 3.978600e+01 1.021090e+02 3.731738e+01 3.651998e+01 2.834186e+01 2.800000e+01 2.332159e+01 1.973359e+01 4.991685e+00 5.834472e+00 4.998403e+00 2.492480e+00 2.980720e+00 2.848598e+00 3.225623e+00 2.480727e+00 2.317341e+00 2.300828e+00 2.009666e+00 1.558987e+00 1.701726e+00
<GCONST> 1.045297e+02
<STATE> 4
<MEAN> 25
 -5.743424e+00 3.030706e+00 1.389564e+00 6.542647e-01 2.604635e+00 -2.711158e+00 3.407863e+00 -1.979232e+00 2.589886e+00 -2.497069e+00 4.380371e-01 2.213822e+00 1.555891e+00 2.204762e-01 -8.197311e-01 -3.196664e-01 -4.696835e-01 -9.224846e-01 -6.748286e-01 -1.744217e-01 -4.861347e-01 2.668461e-01 -6.699582e-01 -5.930520e-01 7.847150e-02
<VARIANCE> 25
 6.795915e+01 5.210440e+01 5.331217e+01 3.260398e+01 3.977904e+01 7.879875e+01 3.811414e+01 4.030320e+01 2.804926e+01 2.707417e+01 2.198665e+01 1.917334e+01 6.120474e+00 5.791491e+00 6.958842e+00 3.227877e+00 4.207629e+00 4.970294e+00 3.952389e+00 3.665926e+00 3.355533e+00 2.974568e+00 2.783073e+00 2.313670e+00 2.386497e+00
<GCONST> 1.070700e+02
<TRANSP> 5
 0.000000e+00 1.000000e+00 0.000000e+00 0.000000e+00 0.000000e+00
 0.000000e+00 6.076678e-01 3.923322e-01 0.000000e+00 0.000000e+00
 0.000000e+00 0.000000e+00 6.585149e-01 3.414851e-01 0.000000e+00
 0.000000e+00 0.000000e+00 0.000000e+00 6.621497e-01 3.378504e-01
 0.000000e+00 0.000000e+00 0.000000e+00 0.000000e+00 0.000000e+00
<ENDHMM>
~h "t"
<BEGINHMM>
<NUMSTATES> 5
<STATE> 2
<MEAN> 25
 -2.236121e+00 4.469164e+00 1.443066e+00 2.503499e+00 2.656731e+00 1.178417e+00 3.242141e-01 -1.961248e+00 -9.201998e-01 4.018216e-01 4.101605e-01 7.124141e-01 -2.351933e+00 8.719107e-01 -8.405131e-01 1.375112e-01 5.091587e-01 9.762303e-01 7.171267e-01 9.096553e-01 1.077904e+00 -2.065575e-01 7.767944e-01 3.862711e-01 -2.408370e+00
<VARIANCE> 25
 6.631146e+01 3.276582e+01 3.359843e+01 4.629018e+01 5.514400e+01 6.085965e+01 4.148275e+01 5.165317e+01 5.046346e+01 3.117757e+01 3.146630e+01 2.245785e+01 4.513445e+00 5.831243e+00 3.135884e+00 4.975190e+00 4.918534e+00 6.484984e+00 4.607157e+00 4.711410e+00 4.889633e+00 3.545797e+00 3.990631e+00 2.143101e+00 7.252892e+00
<GCONST> 1.102282e+02
<STATE> 3
<MEAN> 25
 -5.345341e+00 5.891353e-01 2.408518e-01 7.094930e-01 4.471370e-01 3.795882e+00 1.044564e+00 -9.019374e-01 2.555539e+00 1.089965e-01 2.072554e+00 2.158931e+00 1.524705e+00 -1.910131e+00 2.675989e-01 -5.829023e-01 -1.654116e+00 3.434069e-01 -1.131758e-01 -3.443613e-01 7.261009e-01 -6.048558e-01 1.188867e-01 5.462551e-01 2.315737e+00
<VARIANCE> 25
 5.147083e+01 6.279329e+01 4.352491e+01 4.610382e+01 5.176472e+01 7.135842e+01 4.218655e+01 4.576005e+01 3.762188e+01 3.208940e+01 2.647850e+01 2.382530e+01 9.274201e+00 6.978492e+00 6.026024e+00 5.806969e+00 6.797825e+00 8.655094e+00 4.653572e+00 5.714835e+00 4.563700e+00 3.925575e+00 3.558172e+00 3.127530e+00 9.164789e+00
<GCONST> 1.135463e+02
<STATE> 4
<MEAN> 25
 -4.620186e+00 7.759780e-01 -8.382834e-01 1.729885e+00 -5.481763e-01 1.524830e+00 2.053180e+00 1.032387e+00 4.915679e+00 -1.361249e+00 2.940149e+00 3.395190e+00 1.306368e+00 -6.437583e-01 7.275251e-02 -8.198127e-01 -2.144400e-01 -1.042654e+00 -5.650724e-01 -1.738202e-01 -4.531522e-01 1.667435e-01 -6.658648e-01 -3.835386e-01 1.792723e+00
<VARIANCE> 25
 4.079463e+01 3.755618e+01 2.776244e+01 4.753814e+01 2.613757e+01 5.525949e+01 3.019781e+01 3.335984e+01 2.872567e+01 2.056345e+01 2.605848e+01 1.752615e+01 4.174211e+00 3.221620e+00 2.630655e+00 4.673403e+00 2.808143e+00 5.200489e+00 3.798073e+00 3.400142e+00 3.080650e+00 2.796315e+00 3.050829e+00 1.933313e+00 6.102423e+00
<GCONST> 1.032467e+02
<TRANSP> 5
 0.000000e+00 1.000000e+00 0.000000e+00 0.000000e+00 0.000000e+00
 0.000000e+00 5.841516e-01 4.158484e-01 0.000000e+00 0.000000e+00
 0.000000e+00 0.000000e+00 4.047594e-01 5.952405e-01 0.000000e+00
 0.000000e+00 0.000000e+00 0.000000e+00 6.814869e-01 3.185131e-01
 0.000000e+00 0.000000e+00 0.000000e+00 0.000000e+00 0.000000e+00
<ENDHMM>
~h "u"
<BEGINHMM>
<NUMSTATES> 5
<STATE> 2
<MEAN> 25
 6.517791e+00 4.497337e+00 3.691247e+00 4.250381e-01 -4.297360e+00 -6.767894e+00 -7.191145e+00 8.192618e-01 2.385187e+00 -4.381084e+00 -3.000927e+00 -1.090162e+00 5.341828e-01 8.105705e-01 -2.135130e-01 -4.858684e-01 -2.883478e-02 -3.665547e-02 -5.400596e-01 -4.165049e-01 -3.514104e-01 3.976169e-01 6.919436e-02 -2.958770e-01 1.004295e-02
<VARIANCE> 25
 3.062837e+01 5.448591e+01 5.912621e+01 5.051515e+01 6.627322e+01 1.091466e+02 6.064759e+01 8.681603e+01 6.063932e+01 6.058383e+01 5.469502e+01 3.077775e+01 3.747177e+00 3.613012e+00 3.730661e+00 4.007565e+00 5.161697e+00 9.650713e+00 5.497294e+00 6.567580e+00 5.705364e+00 4.628556e+00 3.665521e+00 2.872333e+00 2.384351e+00
<GCONST> 1.137633e+02
<STATE> 3
<MEAN> 25
 5.479393e+00 4.262347e+00 -2.922968e-01 -3.491575e+00 -2.554045e+00 -5.844678e-01 -5.637197e+00 -3.814280e+00 -1.258732e+00 -4.216870e-01 -1.614041e-01 -1.103736e+00 -3.160613e-01 3.186824e-01 -4.585037e-01 -5.387164e-01 3.658526e-01 9.852986e-01 5.121924e-01 -3.619586e-01 -7.119512e-01 2.976607e-01 6.359026e-01 2.118106e-01 -3.882434e-01
<VARIANCE> 25
 4.106214e+01 4.244254e+01 3.673949e+01 5.687904e+01 5.252715e+01 5.583812e+01 5.745708e+01 6.694654e+01 6.662476e+01 5.568926e+01 4.548646e+01 2.886535e+01 3.166421e+00 2.761712e+00 3.116858e+00 3.941161e+00 4.134705e+00 5.246823e+00 4.611429e+00 4.631990e+00 5.357341e+00 4.199330e+00 2.708348e+00 2.581104e+00 2.218718e+00
<GCONST> 1.093628e+02
<STATE> 4
<MEAN> 25
 3.999949e+00 5.735289e+00 -1.929287e+00 -3.867684e+00 -2.148217e+00 3.509806e+00 -2.358913e+00 -5.473694e+00 -3.859432e+00 -2.108129e+00 2.588289e+00 1.426599e+00 -4.517722e-01 -1.417291e-01 2.618282e-02 4.004262e-01 3.326964e-01 9.711354e-02 2.876916e-01 2.137960e-01 2.904446e-01 7.962668e-02 1.678094e-02 3.233377e-03 -3.353062e-01
<VARIANCE> 25
 4.102736e+01 2.843476e+01 2.538812e+01 6.608765e+01 3.909210e+01 3.929821e+01 4.506939e+01 4.268895e+01 5.586927e+01 4.679916e+01 3.016482e+01 2.187528e+01 1.068541e+00 1.445946e+00 1.449621e+00 2.210936e+00 1.858735e+00 2.314424e+00 2.461053e+00 2.420705e+00 2.526884e+00 2.619677e+00 1.743981e+00 1.656302e+00 8.239374e-01
<GCONST> 9.729481e+01
<TRANSP> 5
 0.000000e+00 1.000000e+00 0.000000e+00 0.000000e+00 0.000000e+00
 0.000000e+00 5.710408e-01 4.289592e-01 0.000000e+00 0.000000e+00
 0.000000e+00 0.000000e+00 3.061483e-01 6.938517e-01 0.000000e+00
 0.000000e+00 0.000000e+00 0.000000e+00 7.827732e-01 2.172268e-01
 0.000000e+00 0.000000e+00 0.000000e+00 0.000000e+00 0.000000e+00
<ENDHMM>
~h "v"
<BEGINHMM>
<NUMSTATES> 5
<STATE> 2
<MEAN> 25
 -5.311285e+00 -1.874431e+00 1.395851e-03 4.003913e+00 3.437971e+00 1.663407e+00 1.759978e+00 -1.641504e+00 -2.348272e+00 4.427114e-01 2.470815e+00 9.438946e-01 -8.525343e-01 -8.314610e-01 -4.514207e-02 -1.410410e-01 -5.061714e-01 4.848584e-01 3.194506e-01 5.136924e-01 6.858208e-01 -9.489487e-02 -2.526195e-02 -1.226939e-01 -3.614596e-01
<VARIANCE> 25
 4.502925e+01 1.958777e+01 1.339429e+01 2.311491e+01 2.817059e+01 4.699188e+01 2.372607e+01 1.486897e+01 1.692421e+01 1.468994e+01 1.588183e+01 1.142092e+01 1.163841e+00 2.041054e+00 9.802980e-01 3.146600e+00 3.333189e+00 4.089493e+00 2.493814e+00 2.368853e+00 2.921271e+00 2.005863e+00 1.945396e+00 1.715278e+00 4.219612e-01
<GCONST> 9.072556e+01
<STATE> 3
<MEAN> 25
 -5.912855e+00 -4.966049e+00 -2.572194e-01 3.578045e-01 8.991182e-01 5.236525e+00 -4.989616e-01 -1.178771e+00 -8.674973e-02 -1.080001e+00 1.610042e+00 1.642765e+00 -3.862327e-02 -1.705920e-01 -1.953639e-01 -3.105733e-01 -2.709474e-01 -9.717660e-03 -2.189056e-01 1.248217e-01 1.803389e-01 -6.928693e-02 -1.692823e-01 -5.115042e-02 4.970164e-02
<VARIANCE> 25
 2.698407e+01 6.764902e+01 1.203833e+01 1.150589e+01 3.034311e+01 6.566601e+01 1.512962e+01 2.294499e+01 2.257751e+01 1.787588e+01 1.305322e+01 1.240729e+01 8.314891e-01 1.973949e+00 6.903437e-01 1.269514e+00 1.973293e+00 1.964671e+00 1.630729e+00 1.356667e+00 1.345156e+00 1.238488e+00 1.736816e+00 9.883167e-01 2.693758e-01
<GCONST> 8.517380e+01
<STATE> 4
<MEAN> 25
 2.657705e+00 -9.408270e-01 2.634611e+00 -8.027064e-01 -6.169595e+00 2.258770e+00 1.204723e+00 -2.534290e+00 -1.058421e+00 1.823374e+00 2.763352e+00 1.006868e+00 1.831630e+00 1.899418e+00 -5.137075e-01 2.720345e-01 4.177634e-01 -1.480787e+00 -3.242089e-01 -1.101718e-01 -6.370880e-01 1.694459e-01 -5.045233e-01 -3.656122e-01 4.946947e-01
<VARIANCE> 25
 4.643897e+01 6.625741e+01 3.156249e+01 2.829433e+01 7.980809e+01 7.348208e+01 4.055574e+01 2.382403e+01 3.475775e+01 2.623032e+01 1.729210e+01 1.256351e+01 5.808250e+00 6.051126e+00 3.742145e+00 4.577312e+00 1.081035e+01 6.131810e+00 3.872026e+00 2.603393e+00 4.963491e+00 2.190977e+00 2.628337e+00 1.149788e+00 3.450837e+00
<GCONST> 1.061555e+02
<TRANSP> 5
 0.000000e+00 1.000000e+00 0.000000e+00 0.000000e+00 0.000000e+00
 0.000000e+00 7.661974e-01 2.338027e-01 0.000000e+00 0.000000e+00
 0.000000e+00 0.000000e+00 8.479996e-01 1.520004e-01 0.000000e+00
 0.000000e+00 0.000000e+00 0.000000e+00 6.774313e-01 3.225687e-01
 0.000000e+00 0.000000e+00 0.000000e+00 0.000000e+00 0.000000e+00
<ENDHMM>
~h "w"
<BEGINHMM>
<NUMSTATES> 5
<STATE> 2
<MEAN> 25
 -1.186059e+01 5.229313e+00 -4.648171e+00 -4.951351e+00 3.952656e+00 1.342240e-01 -5.272788e-01 3.908669e-01 -2.030532e+00 4.162061e+00 1.384726e+00 -2.470803e+00 1.308555e-01 4.454229e-03 -3.488153e-02 -6.574592e-02 5.509458e-02 2.209624e-02 2.387346e-02 3.628550e-02 1.072144e-01 6.078134e-02 -2.075564e-01 -2.135181e-01 7.971303e-02
<VARIANCE> 25
 2.404151e+02 3.207636e+01 2.353454e+01 3.246357e+01 4.876377e+01 4.090403e+01 2.972470e+01 3.613483e+01 2.378188e+01 2.436670e+01 2.019685e+01 1.779396e+01 2.375441e+00 1.916775e+00 1.099894e+00 1.711525e+00 2.275176e+00 1.864989e+00 1.863976e+00 1.542560e+00 1.929807e+00 1.869623e+00 1.463329e+00 1.754074e+00 1.607729e+00
<GCONST> 9.571049e+01
<STATE> 3
<MEAN> 25
 1.285270e+00 4.866364e+00 -2.680235e+00 -4.340264e+00 5.062811e-01 1.298276e+00 -2.777614e+00 -2.443773e+00 -1.512178e+00 1.549423e+00 7.629005e-01 -1.582473e+00 2.513557e+00 -1.608323e-01 -4.600609e-01 -6.074808e-01 -7.330453e-01 -3.628583e-02 -2.723787e-01 -3.897102e-01 4.508829e-01 -1.988853e-01 -6.842664e-01 -5.908250e-01 1.966258e+00
<VARIANCE> 25
 1.433974e+02 3.896840e+01 4.351414e+01 5.250912e+01 5.849583e+01 7.005498e+01 3.844531e+01 4.562142e+01 3.591278e+01 4.340507e+01 2.908975e+01 2.242046e+01 8.878397e+00 3.880558e+00 5.239527e+00 5.970330e+00 6.221939e+00 5.890982e+00 3.773313e+00 4.239690e+00 4.104778e+00 3.783308e+00 2.476018e+00 3.704350e+00 4.360655e+00
<GCONST> 1.117174e+02
<STATE> 4
<MEAN> 25
 8.746405e+00 3.576656e+00 -2.007598e+00 -4.009743e+00 -3.958662e+00 -5.072426e+00 -3.895684e+00 1.462710e+00 2.327693e+00 2.881364e-01 -1.336653e+00 -2.524689e+00 7.597349e-01 -1.425936e+00 -3.367465e-01 2.469583e-01 7.820414e-02 -7.005600e-01 -6.035641e-03 7.097738e-01 5.355034e-01 -4.087022e-01 -8.128285e-01 -3.943887e-01 1.261478e+00
<VARIANCE> 25
 3.845855e+01 4.907798e+01 7.267342e+01 7.397888e+01 9.802065e+01 2.303887e+02 4.504974e+01 9.494241e+01 4.544753e+01 5.027798e+01 3.464085e+01 3.292501e+01 2.790612e+00 2.783213e+00 3.394196e+00 3.905059e+00 6.059020e+00 7.699186e+00 4.331202e+00 4.787167e+00 4.210062e+00 3.955162e+00 2.766696e+00 3.303093e+00 2.023482e+00
<GCONST> 1.124775e+02
<TRANSP> 5
 0.000000e+00 1.000000e+00 0.000000e+00 0.000000e+00 0.000000e+00
 0.000000e+00 6.628068e-01 3.371932e-01 0.000000e+00 0.000000e+00
 0.000000e+00 0.000000e+00 4.248559e-01 5.751441e-01 0.000000e+00
 0.000000e+00 0.000000e+00 0.000000e+00 5.501896e-01 4.498105e-01
 0.000000e+00 0.000000e+00 0.000000e+00 0.000000e+00 0.000000e+00
<ENDHMM>
~h "y"
<BEGINHMM>
<NUMSTATES> 5
<STATE> 2
<MEAN> 25
 4.016181e+00 -1.922746e+00 6.302692e+00 -6.256536e-01 -6.294235e+00 -6.778171e+00 -1.189102e+00 1.035880e+00 -5.230488e+00 1.270025e+00 2.169615e+00 1.981254e+00 6.348825e-01 -7.202271e-01 -1.215560e-01 -1.101604e-01 -4.015274e-01 -6.623472e-01 3.572161e-01 6.952807e-01 6.899069e-02 3.392798e-02 -4.959056e-02 2.930306e-01 8.513940e-01
<VARIANCE> 25
 6.149447e+01 5.117989e+01 6.756380e+01 5.022424e+01 6.426027e+01 4.880397e+01 5.319858e+01 6.512007e+01 4.643801e+01 2.444024e+01 2.701248e+01 2.333305e+01 3.105162e+00 3.514110e+00 3.743105e+00 3.362573e+00 3.778619e+00 3.270006e+00 3.296251e+00 3.934885e+00 3.295706e+00 1.990540e+00 2.217233e+00 1.755128e+00 2.223233e+00
<GCONST> 1.058504e+02
<STATE> 3
<MEAN> 25
 5.631464e+00 -7.664693e+00 4.244591e+00 -1.977345e+00 -6.395768e+00 -8.522238e+00 1.958359e-01 6.761865e+00 -2.585925e+00 3.932546e-01 -4.385497e-01 8.509899e-01 8.082780e-02 -2.623220e-01 -7.180709e-01 -7.764392e-02 7.187744e-01 4.148925e-01 2.418197e-01 2.018721e-01 4.513781e-01 -3.360425e-02 -7.660660e-01 -3.351863e-01 -3.158619e-02
<VARIANCE> 25
 2.872786e+01 2.895138e+01 3.370402e+01 3.090112e+01 3.737273e+01 3.093992e+01 4.635676e+01 7.291518e+01 3.164893e+01 2.558479e+01 4.464128e+01 2.439465e+01 2.457120e-01 8.021800e-01 1.435564e+00 1.026005e+00 1.887260e+00 1.332768e+00 1.318216e+00 2.036152e+00 1.623541e+00 1.203232e+00 1.808709e+00 1.198299e+00 3.527538e-01
<GCONST> 8.956128e+01
<STATE> 4
<MEAN> 25
 -2.386903e-01 -1.093958e+00 -2.049080e+00 2.688919e+00 2.453152e+00 8.480217e-01 2.532305e+00 1.342370e+00 1.198945e+00 -1.176712e+00 -2.181630e+00 9.756846e-01 -7.669137e-02 1.809974e-01 -3.778446e-02 6.491153e-02 1.659731e-01 2.287214e-01 2.664380e-02 -1.653373e-01 4.354723e-02 1.607826e-03 -4.295367e-02 2.274892e-02 -2.156607e-01
<VARIANCE> 25
 5.726653e+01 4.356344e+01 1.952238e+01 4.412779e+01 3.094539e+01 3.507900e+01 3.163460e+01 4.243944e+01 2.895144e+01 2.605036e+01 3.954742e+01 3.092987e+01 2.064773e-01 5.037521e-01 6.654958e-01 8.362558e-01 1.142850e+00 1.244840e+00 1.339371e+00 1.505770e+00 1.481115e+00 1.426474e+00 1.357853e+00 1.141170e+00 2.034258e-01
<GCONST> 8.625281e+01
<TRANSP> 5
 0.000000e+00 1.000000e+00 0.000000e+00 0.000000e+00 0.000000e+00
 0.000000e+00 6.164889e-01 3.835112e-01 0.000000e+00 0.000000e+00
 0.000000e+00 0.000000e+00 8.014706e-01 1.985295e-01 0.000000e+00
 0.000000e+00 0.000000e+00 0.000000e+00 8.701584e-01 1.298415e-01
 0.000000e+00 0.000000e+00 0.000000e+00 0.000000e+00 0.000000e+00
<ENDHMM>
~h "z"
<BEGINHMM>
<NUMSTATES> 5
<STATE> 2
<MEAN> 25
 0.000000e+00 0.000000e+00 0.000000e+00 0.000000e+00 0.000000e+00 0.000000e+00 0.000000e+00 0.000000e+00 0.000000e+00 0.000000e+00 0.000000e+00 0.000000e+00 0.000000e+00 0.000000e+00 0.000000e+00 0.000000e+00 0.000000e+00 0.000000e+00 0.000000e+00 0.000000e+00 0.000000e+00 0.000000e+00 0.000000e+00 0.000000e+00 0.000000e+00
<VARIANCE> 25
 1.000000e+00 1.000000e+00 1.000000e+00 1.000000e+00 1.000000e+00 1.000000e+00 1.000000e+00 1.000000e+00 1.000000e+00 1.000000e+00 1.000000e+00 1.000000e+00 1.000000e+00 1.000000e+00 1.000000e+00 1.000000e+00 1.000000e+00 1.000000e+00 1.000000e+00 1.000000e+00 1.000000e+00 1.000000e+00 1.000000e+00 1.000000e+00 1.000000e+00
<GCONST> 4.594693e+01
<STATE> 3
<MEAN> 25
 0.000000e+00 0.000000e+00 0.000000e+00 0.000000e+00 0.000000e+00 0.000000e+00 0.000000e+00 0.000000e+00 0.000000e+00 0.000000e+00 0.000000e+00 0.000000e+00 0.000000e+00 0.000000e+00 0.000000e+00 0.000000e+00 0.000000e+00 0.000000e+00 0.000000e+00 0.000000e+00 0.000000e+00 0.000000e+00 0.000000e+00 0.000000e+00 0.000000e+00
<VARIANCE> 25
 1.000000e+00 1.000000e+00 1.000000e+00 1.000000e+00 1.000000e+00 1.000000e+00 1.000000e+00 1.000000e+00 1.000000e+00 1.000000e+00 1.000000e+00 1.000000e+00 1.000000e+00 1.000000e+00 1.000000e+00 1.000000e+00 1.000000e+00 1.000000e+00 1.000000e+00 1.000000e+00 1.000000e+00 1.000000e+00 1.000000e+00 1.000000e+00 1.000000e+00
<GCONST> 4.594693e+01
<STATE> 4
<MEAN> 25
 0.000000e+00 0.000000e+00 0.000000e+00 0.000000e+00 0.000000e+00 0.000000e+00 0.000000e+00 0.000000e+00 0.000000e+00 0.000000e+00 0.000000e+00 0.000000e+00 0.000000e+00 0.000000e+00 0.000000e+00 0.000000e+00 0.000000e+00 0.000000e+00 0.000000e+00 0.000000e+00 0.000000e+00 0.000000e+00 0.000000e+00 0.000000e+00 0.000000e+00
<VARIANCE> 25
 1.000000e+00 1.000000e+00 1.000000e+00 1.000000e+00 1.000000e+00 1.000000e+00 1.000000e+00 1.000000e+00 1.000000e+00 1.000000e+00 1.000000e+00 1.000000e+00 1.000000e+00 1.000000e+00 1.000000e+00 1.000000e+00 1.000000e+00 1.000000e+00 1.000000e+00 1.000000e+00 1.000000e+00 1.000000e+00 1.000000e+00 1.000000e+00 1.000000e+00
<GCONST> 4.594693e+01
<TRANSP> 5
 0.000000e+00 1.000000e+00 0.000000e+00 0.000000e+00 0.000000e+00
 0.000000e+00 6.000000e-01 4.000000e-01 0.000000e+00 0.000000e+00
 0.000000e+00 0.000000e+00 6.000000e-01 4.000000e-01 0.000000e+00
 0.000000e+00 0.000000e+00 0.000000e+00 7.000000e-01 3.000000e-01
 0.000000e+00 0.000000e+00 0.000000e+00 0.000000e+00 0.000000e+00
<ENDHMM>
~h "ai"
<BEGINHMM>
<NUMSTATES> 5
<STATE> 2
<MEAN> 25
 0.000000e+00 0.000000e+00 0.000000e+00 0.000000e+00 0.000000e+00 0.000000e+00 0.000000e+00 0.000000e+00 0.000000e+00 0.000000e+00 0.000000e+00 0.000000e+00 0.000000e+00 0.000000e+00 0.000000e+00 0.000000e+00 0.000000e+00 0.000000e+00 0.000000e+00 0.000000e+00 0.000000e+00 0.000000e+00 0.000000e+00 0.000000e+00 0.000000e+00
<VARIANCE> 25
 1.000000e+00 1.000000e+00 1.000000e+00 1.000000e+00 1.000000e+00 1.000000e+00 1.000000e+00 1.000000e+00 1.000000e+00 1.000000e+00 1.000000e+00 1.000000e+00 1.000000e+00 1.000000e+00 1.000000e+00 1.000000e+00 1.000000e+00 1.000000e+00 1.000000e+00 1.000000e+00 1.000000e+00 1.000000e+00 1.000000e+00 1.000000e+00 1.000000e+00
<GCONST> 4.594693e+01
<STATE> 3
<MEAN> 25
 0.000000e+00 0.000000e+00 0.000000e+00 0.000000e+00 0.000000e+00 0.000000e+00 0.000000e+00 0.000000e+00 0.000000e+00 0.000000e+00 0.000000e+00 0.000000e+00 0.000000e+00 0.000000e+00 0.000000e+00 0.000000e+00 0.000000e+00 0.000000e+00 0.000000e+00 0.000000e+00 0.000000e+00 0.000000e+00 0.000000e+00 0.000000e+00 0.000000e+00
<VARIANCE> 25
 1.000000e+00 1.000000e+00 1.000000e+00 1.000000e+00 1.000000e+00 1.000000e+00 1.000000e+00 1.000000e+00 1.000000e+00 1.000000e+00 1.000000e+00 1.000000e+00 1.000000e+00 1.000000e+00 1.000000e+00 1.000000e+00 1.000000e+00 1.000000e+00 1.000000e+00 1.000000e+00 1.000000e+00 1.000000e+00 1.000000e+00 1.000000e+00 1.000000e+00
<GCONST> 4.594693e+01
<STATE> 4
<MEAN> 25
 0.000000e+00 0.000000e+00 0.000000e+00 0.000000e+00 0.000000e+00 0.000000e+00 0.000000e+00 0.000000e+00 0.000000e+00 0.000000e+00 0.000000e+00 0.000000e+00 0.000000e+00 0.000000e+00 0.000000e+00 0.000000e+00 0.000000e+00 0.000000e+00 0.000000e+00 0.000000e+00 0.000000e+00 0.000000e+00 0.000000e+00 0.000000e+00 0.000000e+00
<VARIANCE> 25
 1.000000e+00 1.000000e+00 1.000000e+00 1.000000e+00 1.000000e+00 1.000000e+00 1.000000e+00 1.000000e+00 1.000000e+00 1.000000e+00 1.000000e+00 1.000000e+00 1.000000e+00 1.000000e+00 1.000000e+00 1.000000e+00 1.000000e+00 1.000000e+00 1.000000e+00 1.000000e+00 1.000000e+00 1.000000e+00 1.000000e+00 1.000000e+00 1.000000e+00
<GCONST> 4.594693e+01
<TRANSP> 5
 0.000000e+00 1.000000e+00 0.000000e+00 0.000000e+00 0.000000e+00
 0.000000e+00 6.000000e-01 4.000000e-01 0.000000e+00 0.000000e+00
 0.000000e+00 0.000000e+00 6.000000e-01 4.000000e-01 0.000000e+00
 0.000000e+00 0.000000e+00 0.000000e+00 7.000000e-01 3.000000e-01
 0.000000e+00 0.000000e+00 0.000000e+00 0.000000e+00 0.000000e+00
<ENDHMM>
~h "au"
<BEGINHMM>
<NUMSTATES> 5
<STATE> 2
<MEAN> 25
 -2.539301e+01 1.744694e+01 -4.730881e+00 -8.417112e+00 1.429076e+01 -1.411432e+00 -4.488437e+00 8.455848e+00 -8.255120e-01 9.143561e-01 1.895576e+00 -3.019979e+00 -2.410618e+00 1.027437e+00 -9.317920e-01 -1.555052e+00 6.107267e-01 -8.910783e-01 -7.804843e-01 -3.106129e-01 -4.757674e-01 -1.313460e-01 -9.430683e-01 -8.531341e-01 -2.340676e+00
<VARIANCE> 25
 1.709678e+02 6.656774e+01 1.327112e+01 2.777635e+01 5.561436e+01 1.186439e+01 3.181546e+01 1.221136e+01 7.777627e+00 3.373945e+00 5.698422e+00 2.651600e+01 1.930113e+01 6.021788e+00 1.610057e+00 9.956826e+00 2.916159e+00 2.005275e+00 7.876637e+00 3.472716e-01 6.118386e-01 5.910586e-01 4.736841e-01 9.246170e-01 1.489071e+01
<GCONST> 9.309637e+01
<STATE> 3
<MEAN> 25
 -1.318465e+01 1.007112e+01 -4.459151e+00 -2.063749e+00 9.019778e+00 1.275519e+00 2.697620e+00 6.342884e+00 -6.238672e+00 -1.878046e+00 8.743681e-01 -3.673263e+00 4.225748e+00 -5.467441e+00 -9.635706e-01 2.346333e+00 -1.738122e+00 2.066959e+00 2.545455e+00 -2.163513e+00 -1.875862e+00 -1.090867e+00 1.144314e-01 1.974779e+00 4.385175e+00
<VARIANCE> 25
 6.145539e+01 8.390910e+01 1.726546e+00 3.699479e+01 9.313422e+01 1.416157e+01 5.942170e+01 1.625770e+01 5.857019e+00 6.550007e+00 2.385479e+01 2.297480e+01 1.559263e+01 3.209061e+00 2.028436e+00 3.423474e+00 9.537174e-01 3.314876e+00 1.006637e+01 9.842049e-01 3.728611e+00 2.538056e+00 1.430851e+00 4.950171e+00 1.304027e+01
<GCONST> 9.873132e+01
<STATE> 4
<MEAN> 25
 -4.601107e+00 1.752600e+00 -6.179787e+00 1.090542e+00 3.661227e+00 -4.441447e-01 6.740158e+00 4.794288e+00 -5.428750e+00 -1.322324e+00 1.488624e+00 3.298710e+00 6.016452e-01 -4.697599e-01 2.524711e-01 -2.512261e-02 -6.533490e-01 -3.966331e-01 -8.461637e-02 -5.683406e-02 2.543616e-01 9.956059e-02 -6.525082e-02 1.463210e-01 6.555603e-01
<VARIANCE> 25
 1.041505e+02 6.535559e+01 7.213762e+01 5.918040e+01 7.119209e+01 8.122101e+01 4.012522e+01 3.111622e+01 4.511158e+01 5.623724e+01 1.569324e+01 2.420788e+01 7.832534e+00 9.119753e+00 4.799596e+00 3.589742e+00 5.484776e+00 9.631304e+00 5.553738e+00 2.659442e+00 3.218802e+00 4.142425e+00 1.887574e+00 2.816799e+00 8.741553e+00
<GCONST> 1.129069e+02
<TRANSP> 5
 0.000000e+00 1.000000e+00 0.000000e+00 0.000000e+00 0.000000e+00
 0.000000e+00 6.665829e-01 3.334171e-01 0.000000e+00 0.000000e+00
 0.000000e+00 0.000000e+00 4.002529e-01 5.997471e-01 0.000000e+00
 0.000000e+00 0.000000e+00 0.000000e+00 9.252836e-01 7.471647e-02
 0.000000e+00 0.000000e+00 0.000000e+00 0.000000e+00 0.000000e+00
<ENDHMM>
~h "aw"
<BEGINHMM>
<NUMSTATES> 5
<STATE> 2
<MEAN> 25
 -2.163440e+00 -1.128894e+00 -1.807788e+00 -2.830171e+00 1.660444e+00 2.215538e+00 -8.923652e-01 -9.253235e-02 8.873109e-01 1.458699e+00 3.983929e-01 -1.202979e+00 -5.335482e-02 9.001189e-02 4.762379e-03 -1.660518e-02 3.722363e-02 1.584627e-01 2.682628e-02 -1.000886e-01 -1.057557e-01 3.217495e-02 8.531618e-02 7.031622e-02 -1.360407e-01
<VARIANCE> 25
 8.629467e+01 2.557323e+01 2.162826e+01 4.017424e+01 2.029952e+01 2.308455e+01 1.964065e+01 2.252267e+01 2.350873e+01 1.932121e+01 2.137234e+01 3.275993e+01 2.175829e-01 4.089095e-01 5.562737e-01 7.776233e-01 7.651930e-01 1.109186e+00 1.217678e+00 1.245997e+00 1.247906e+00 1.224013e+00 1.115491e+00 1.039459e+00 1.596511e-01
<GCONST> 8.105749e+01
<STATE> 3
<MEAN> 25
 6.181885e+00 1.679407e+00 -4.423962e+00 -9.957261e+00 4.809017e-01 5.918684e+00 1.521780e+00 -2.810516e+00 -1.264906e+00 5.135565e-01 1.325523e+00 5.263948e-01 -6.268735e-02 5.600612e-01 4.289327e-01 2.801165e-01 -2.247172e-01 1.661351e-01 5.484047e-02 -3.879347e-02 -1.870039e-01 -2.428336e-01 2.591922e-01 3.322886e-01 -4.009249e-01
<VARIANCE> 25
 4.057750e+01 2.484175e+01 2.053382e+01 5.076579e+01 3.628458e+01 4.510783e+01 4.855297e+01 3.373944e+01 4.423586e+01 3.457283e+01 1.979753e+01 1.958494e+01 3.406286e-01 1.117995e+00 1.445441e+00 1.470400e+00 1.616310e+00 1.948280e+00 1.993777e+00 1.715732e+00 1.591552e+00 1.992868e+00 1.402371e+00 1.464081e+00 3.555616e-01
<GCONST> 9.091176e+01
<STATE> 4
<MEAN> 25
 -2.381002e-01 6.727415e+00 -8.879916e-01 3.077332e+00 1.379061e+00 1.357178e+00 1.236466e+00 -1.232356e+00 3.831615e-01 -3.050010e-01 5.073702e-01 1.864731e+00 -2.921861e-01 3.966580e-02 2.745211e-01 5.439214e-01 1.725978e-01 -2.331542e-01 -7.684501e-02 -9.841970e-02 3.488936e-02 1.838395e-01 -5.838453e-02 -5.917986e-02 -2.190652e-01
<VARIANCE> 25
 5.730048e+01 2.481308e+01 2.494018e+01 8.606921e+01 5.364430e+01 4.657669e+01 3.686784e+01 3.897400e+01 3.514583e+01 2.913580e+01 2.525882e+01 2.050101e+01 8.320385e-01 9.000026e-01 1.358803e+00 1.805383e+00 1.734701e+00 1.827463e+00 1.526707e+00 1.706008e+00 1.663520e+00 1.517347e+00 1.281322e+00 1.790558e+00 4.771719e-01
<GCONST> 9.288869e+01
<TRANSP> 5
 0.000000e+00 1.000000e+00 0.000000e+00 0.000000e+00 0.000000e+00
 0.000000e+00 9.099644e-01 9.003559e-02 0.000000e+00 0.000000e+00
 0.000000e+00 0.000000e+00 7.574412e-01 2.425589e-01 0.000000e+00
 0.000000e+00 0.000000e+00 0.000000e+00 7.683110e-01 2.316891e-01
 0.000000e+00 0.000000e+00 0.000000e+00 0.000000e+00 0.000000e+00
<ENDHMM>
~h "ay"
<BEGINHMM>
<NUMSTATES> 5
<STATE> 2
<MEAN> 25
 7.405684e+00 -8.013252e+00 6.451963e-01 -6.272857e-01 -1.514579e+00 -3.146037e+00 -4.512056e+00 -4.151383e+00 8.002311e-01 2.268422e+00 -1.106741e+00 5.645641e-01 -4.342306e-01 1.659381e-01 5.576315e-01 3.758209e-01 -4.236111e-02 -3.552475e-01 1.910152e-01 1.010043e-01 -6.543741e-01 5.589480e-01 5.432703e-01 2.794072e-02 -3.519870e-01
<VARIANCE> 25
 3.054930e+01 2.632378e+01 3.492973e+01 7.257349e+01 4.989140e+01 4.107910e+01 8.552547e+01 1.753697e+02 3.958964e+01 5.034981e+01 3.581416e+01 4.142325e+01 1.177833e+00 1.504595e+00 1.643945e+00 2.074396e+00 3.773565e+00 3.195343e+00 2.950335e+00 4.686947e+00 3.576425e+00 1.744720e+00 2.386818e+00 2.001013e+00 1.352470e+00
<GCONST> 1.032274e+02
<STATE> 3
<MEAN> 25
 3.855292e+00 -6.203893e+00 9.102069e-01 -3.695841e-01 -2.281941e+00 -4.636847e+00 4.423131e-01 -1.196455e+00 -4.901847e+00 4.609972e+00 3.839918e+00 4.649300e-01 -1.892694e-01 2.806144e-01 3.599716e-01 -1.592807e-01 -4.449691e-01 3.403927e-01 4.720606e-01 -6.136654e-01 -1.345508e+00 -3.288039e-01 4.982026e-01 4.058423e-01 -4.219486e-01
<VARIANCE> 25
 6.719677e+01 3.563364e+01 6.509799e+01 4.306243e+01 6.002571e+01 5.785357e+01 5.099523e+01 1.013207e+02 4.132855e+01 5.850046e+01 3.016815e+01 2.217739e+01 9.969947e-01 2.989366e+00 3.022000e+00 2.636490e+00 2.101820e+00 2.461172e+00 4.349990e+00 6.816515e+00 2.598141e+00 3.259474e+00 2.030890e+00 1.556361e+00 1.389045e+00
<GCONST> 1.044817e+02
<STATE> 4
<MEAN> 25
 -2.500715e+00 -5.579151e+00 -5.518884e+00 -4.291038e+00 -3.172711e+00 3.859069e-01 6.493889e+00 6.329679e-02 -9.607686e+00 4.432820e-01 3.586880e+00 4.207822e-01 -2.301750e-01 6.758219e-01 1.205067e-02 -1.611627e-02 6.048433e-02 2.862143e-01 1.654077e-01 2.926710e-02 8.397311e-03 -8.736388e-02 -1.092539e-01 -9.029593e-02 -5.278690e-01
<VARIANCE> 25
 6.219547e+01 3.458169e+01 1.922273e+02 3.738483e+01 4.085023e+01 6.515453e+01 6.200079e+01 3.943863e+01 3.256447e+01 1.855153e+01 2.041527e+01 1.998460e+01 3.375562e-01 1.222061e+00 1.022892e+00 1.094623e+00 1.559376e+00 2.118041e+00 1.914050e+00 2.142849e+00 1.415034e+00 1.360701e+00 1.273072e+00 1.348635e+00 4.195448e-01
<GCONST> 9.276485e+01
<TRANSP> 5
 0.000000e+00 1.000000e+00 0.000000e+00 0.000000e+00 0.000000e+00
 0.000000e+00 7.915082e-01 2.084918e-01 0.000000e+00 0.000000e+00
 0.000000e+00 0.000000e+00 5.573874e-01 4.426126e-01 0.000000e+00
 0.000000e+00 0.000000e+00 0.000000e+00 7.885867e-01 2.114132e-01
 0.000000e+00 0.000000e+00 0.000000e+00 0.000000e+00 0.000000e+00
<ENDHMM>
~h "eu"
<BEGINHMM>
<NUMSTATES> 5
<STATE> 2
<MEAN> 25
 3.497966e+00 1.525311e+00 -8.309919e-02 2.497135e-01 3.007340e-01 -1.808305e+00 -1.958300e+00 -6.440522e-01 7.919827e-01 7.160361e-01 -7.443022e-01 -9.443885e-01 1.065186e+00 -4.208317e-01 -3.128843e-01 -4.237333e-01 6.855445e-02 -7.254456e-01 -5.716023e-01 1.561532e-01 -1.102026e-01 5.639283e-01 -5.903304e-01 -4.079124e-01 9.823242e-01
<VARIANCE> 25
 5.275914e+01 4.486069e+01 3.707544e+01 4.446136e+01 4.642700e+01 5.585344e+01 4.369894e+01 4.636274e+01 4.786357e+01 3.956691e+01 3.179537e+01 2.837153e+01 6.627757e+00 5.842004e+00 4.906181e+00 5.334409e+00 5.585823e+00 6.382060e+00 4.866366e+00 4.524184e+00 5.295405e+00 4.522070e+00 3.774453e+00 3.781706e+00 5.393402e+00
<GCONST> 1.120552e+02
<STATE> 3
<MEAN> 25
 5.949542e+00 -4.156259e-01 -6.821261e-01 -1.162594e+00 2.730113e-02 -3.080165e+00 -3.099941e+00 -4.242632e-01 6.020499e-02 1.806957e+00 -1.860775e+00 -1.544486e+00 5.984402e-01 -6.093488e-01 -2.442433e-01 -3.241094e-01 3.315629e-02 -4.117002e-01 -3.389257e-01 8.610041e-02 -1.927444e-01 4.601158e-01 -3.576015e-01 -1.964036e-01 6.884733e-01
<VARIANCE> 25
 4.039078e+01 4.682161e+01 3.833686e+01 4.816591e+01 5.372686e+01 5.795531e+01 4.390069e+01 4.736251e+01 4.702591e+01 4.532819e+01 3.378400e+01 3.147300e+01 3.116945e+00 3.908818e+00 3.803606e+00 3.533326e+00 4.020844e+00 4.612757e+00 3.681025e+00 3.708478e+00 4.238205e+00 3.317455e+00 2.938133e+00 2.833081e+00 2.720877e+00
<GCONST> 1.077259e+02
<STATE> 4
<MEAN> 25
 3.064371e+00 -2.811766e-01 -5.878181e-01 1.777648e-01 1.374401e+00 -1.882200e+00 -1.791565e+00 -6.726684e-01 1.485485e-01 1.923234e+00 -1.750782e+00 -9.599630e-01 -3.777516e-02 3.744425e-02 6.401905e-02 2.088194e-01 -4.474088e-02 1.150161e-01 1.528583e-01 -4.677542e-02 -1.051193e-01 -4.480955e-02 6.381629e-02 -1.261660e-02 -1.611541e-01
<VARIANCE> 25
 5.669073e+01 4.357235e+01 2.703329e+01 5.422029e+01 3.780458e+01 5.036527e+01 3.369385e+01 3.810815e+01 3.372623e+01 3.542009e+01 3.342312e+01 3.335618e+01 9.076672e-01 1.631907e+00 1.601262e+00 1.749114e+00 1.747997e+00 1.918438e+00 1.865521e+00 1.976994e+00 2.219086e+00 1.839733e+00 1.803524e+00 1.490053e+00 9.725785e-01
<GCONST> 9.616595e+01
<TRANSP> 5
 0.000000e+00 1.000000e+00 0.000000e+00 0.000000e+00 0.000000e+00
 0.000000e+00 2.863366e-01 7.136634e-01 0.000000e+00 0.000000e+00
 0.000000e+00 0.000000e+00 1.402018e-01 8.597982e-01 0.000000e+00
 0.000000e+00 0.000000e+00 0.000000e+00 6.575671e-01 3.424329e-01
 0.000000e+00 0.000000e+00 0.000000e+00 0.000000e+00 0.000000e+00
<ENDHMM>
~h "kh"
<BEGINHMM>
<NUMSTATES> 5
<STATE> 2
<MEAN> 25
 1.961426e+00 -2.974419e+00 1.651834e+00 -3.389696e-01 -7.105097e+00 -8.499972e-01 -1.223069e+01 -1.022917e+01 1.834498e+00 6.964695e+00 -9.676453e+00 -1.032142e+01 -3.458275e-01 5.024766e-01 -7.904439e-02 -8.156367e-03 8.876061e-02 3.765446e-01 3.355290e-02 6.540964e-01 -1.192424e-01 -4.344941e-02 -1.914144e-01 5.799100e-03 -5.148664e-01
<VARIANCE> 25
 1.211664e+01 4.403749e+01 1.288152e+01 3.176910e+01 5.181330e+01 3.780606e+01 8.437214e+01 3.001206e+02 4.103082e+01 2.154885e+01 7.044662e+01 1.072093e+02 3.540558e-01 1.682165e+00 2.021875e+00 1.912256e+00 4.361560e+00 5.303408e+00 3.481709e+00 4.889288e+00 4.735928e+00 3.259123e+00 2.937960e+00 2.386324e+00 1.517103e+00
<GCONST> 1.035854e+02
<STATE> 3
<MEAN> 25
 2.175997e+00 -5.920281e+00 1.471694e+00 2.688066e+00 -1.243840e+00 -9.362459e-01 -3.804531e+00 6.816124e+00 -1.476933e+00 3.409003e+00 -3.259759e+00 -4.580003e-01 -5.210389e-01 7.753287e-01 4.663206e-01 1.029788e+00 1.524319e+00 -2.966602e-01 6.240559e-01 -2.198136e-01 -2.087529e-01 -1.319988e+00 1.138957e+00 8.387607e-01 -1.716999e+00
<VARIANCE> 25
 2.284907e+01 3.046414e+01 1.137968e+01 3.685634e+01 5.035719e+01 6.169431e+01 6.409964e+01 1.362205e+02 4.513292e+01 2.376045e+01 3.355619e+01 2.333431e+01 1.493589e+00 1.123672e+00 1.140400e+00 1.835835e+00 2.457567e+00 2.290412e+00 2.148739e+00 4.571651e+00 3.272264e+00 1.450387e+00 2.387003e+00 1.297991e+00 1.168966e+00
<GCONST> 9.740167e+01
<STATE> 4
<MEAN> 25
 -1.519829e+01 5.330127e+00 -1.361271e+00 -2.144278e+00 5.073398e+00 1.503256e+00 9.124209e-01 2.922021e+00 2.633498e-01 6.619599e-01 9.402757e-01 5.054817e-01 -2.032540e-02 3.003486e-01 2.815509e-01 6.044854e-02 -1.051581e-01 1.263778e-01 9.772637e-02 -1.423268e-01 2.041750e-02 -1.858447e-01 3.960141e-01 3.717135e-02 1.730707e-01
<VARIANCE> 25
 1.605604e+02 6.658997e+01 4.896098e+01 7.852399e+01 2.718568e+01 4.764979e+01 3.729000e+01 4.469696e+01 2.721642e+01 1.580932e+01 2.257176e+01 1.280243e+01 5.525839e+00 5.383687e+00 3.555079e+00 5.279936e+00 4.087691e+00 5.111583e+00 3.710191e+00 3.980838e+00 2.121216e+00 1.878270e+00 2.856847e+00 1.095327e+00 7.545007e+00
<GCONST> 1.063957e+02
<TRANSP> 5
 0.000000e+00 1.000000e+00 0.000000e+00 0.000000e+00 0.000000e+00
 0.000000e+00 6.939236e-01 3.060763e-01 0.000000e+00 0.000000e+00
 0.000000e+00 0.000000e+00 5.318994e-01 4.681007e-01 0.000000e+00
 0.000000e+00 0.000000e+00 0.000000e+00 8.909624e-01 1.090377e-01
 0.000000e+00 0.000000e+00 0.000000e+00 0.000000e+00 0.000000e+00
<ENDHMM>
~h "ng"
<BEGINHMM>
<NUMSTATES> 5
<STATE> 2
<MEAN> 25
 6.239834e+00 5.436258e-01 -1.926814e+00 -1.361936e+00 -1.013811e+00 5.715297e-01 -2.068425e-01 -1.757211e+00 -2.321605e+00 2.280163e+00 7.218186e-01 -3.477756e+00 -5.689875e-01 1.351419e+00 5.931687e-01 1.004512e+00 1.441847e-01 4.787706e-01 -2.505009e-01 -1.041618e+00 -6.376129e-02 3.145811e-01 4.839552e-02 -2.542636e-01 -1.246659e+00
<VARIANCE> 25
 1.873092e+01 2.902235e+01 3.312830e+01 3.388725e+01 5.119828e+01 5.549129e+01 5.139559e+01 5.610959e+01 5.910405e+01 3.543009e+01 3.448216e+01 3.273228e+01 7.057540e-01 1.725280e+00 1.956720e+00 2.376260e+00 3.569319e+00 2.651303e+00 5.707981e+00 3.593632e+00 4.884464e+00 2.616540e+00 2.889010e+00 2.298592e+00 1.125511e+00
<GCONST> 1.014246e+02
<STATE> 3
<MEAN> 25
 4.451413e+00 3.613639e+00 1.172436e+00 1.250828e+00 -9.202884e-01 9.399079e-01 -9.500642e-01 -3.607574e+00 -1.687979e+00 2.028728e+00 -4.011052e-01 -2.946503e+00 -4.543686e-01 6.358081e-01 5.820779e-01 5.741261e-01 2.966309e-01 4.946068e-03 -1.992874e-01 -1.288791e-01 2.126093e-01 -1.375159e-02 -1.947102e-01 9.646896e-03 -5.751917e-01
<VARIANCE> 25
 1.672106e+01 2.821308e+01 2.831183e+01 2.633318e+01 4.106027e+01 5.126722e+01 5.963099e+01 5.263689e+01 7.901276e+01 3.381498e+01 2.709766e+01 2.895728e+01 6.476409e-01 1.142355e+00 1.425187e+00 1.459655e+00 1.962653e+00 1.805542e+00 2.727746e+00 2.218310e+00 2.706694e+00 1.983856e+00 1.903939e+00 1.498722e+00 6.295374e-01
<GCONST> 9.474004e+01
<STATE> 4
<MEAN> 25
 1.466205e+00 5.314857e+00 2.074097e+00 2.357787e+00 9.436870e-01 7.536615e-01 -1.340533e+00 -2.516800e+00 -4.072025e-01 1.201250e+00 -7.096239e-01 -2.553018e+00 -6.317890e-01 -1.095061e-01 -1.270690e-02 1.419328e-01 2.363617e-01 3.387654e-02 2.233368e-01 4.187450e-01 1.310411e-01 -3.381456e-01 9.206440e-02 2.205665e-01 -3.195266e-01
<VARIANCE> 25
 3.488939e+01 3.476294e+01 2.831854e+01 3.069449e+01 4.579257e+01 4.602763e+01 6.945329e+01 4.775013e+01 8.233179e+01 3.850260e+01 3.153373e+01 2.715117e+01 1.272044e+00 1.531601e+00 1.624888e+00 1.592716e+00 2.126847e+00 2.303264e+00 2.441135e+00 2.431129e+00 2.726884e+00 2.159752e+00 1.802428e+00 1.522777e+00 1.018208e+00
<GCONST> 9.817770e+01
<TRANSP> 5
 0.000000e+00 1.000000e+00 0.000000e+00 0.000000e+00 0.000000e+00
 0.000000e+00 5.164860e-01 4.835140e-01 0.000000e+00 0.000000e+00
 0.000000e+00 0.000000e+00 4.782177e-01 5.217823e-01 0.000000e+00
 0.000000e+00 0.000000e+00 0.000000e+00 6.117286e-01 3.882714e-01
 0.000000e+00 0.000000e+00 0.000000e+00 0.000000e+00 0.000000e+00
<ENDHMM>
~h "ny"
<BEGINHMM>
<NUMSTATES> 5
<STATE> 2
<MEAN> 25
 3.976006e+00 1.414716e+00 4.081029e+00 4.105652e+00 1.103538e-01 -8.362014e-01 -3.054079e+00 -3.579094e+00 -3.084505e+00 -1.381168e+00 1.123195e+00 1.058557e-01 2.242130e-01 -6.295245e-01 5.984950e-01 -1.424187e-01 -6.406252e-01 -5.806403e-01 -2.237672e-01 9.087598e-02 -5.413063e-01 -1.470930e-01 3.267537e-01 3.893438e-01 7.020462e-01
<VARIANCE> 25
 2.596906e+01 5.881728e+01 4.946959e+01 5.334136e+01 5.974900e+01 6.567645e+01 6.554237e+01 6.313621e+01 5.997904e+01 2.912895e+01 3.388506e+01 2.680417e+01 3.192855e+00 8.267615e+00 4.724778e+00 5.139013e+00 5.879579e+00 7.421731e+00 5.647943e+00 6.567876e+00 6.356028e+00 3.982669e+00 4.426305e+00 3.062838e+00 5.205762e+00
<GCONST> 1.133768e+02
<STATE> 3
<MEAN> 25
 5.618289e+00 -3.181296e+00 5.056419e+00 2.789080e+00 -2.240815e+00 -3.903207e+00 -4.514782e+00 -3.292211e+00 -5.211874e+00 -7.427042e-01 2.169072e+00 1.111406e+00 4.212255e-01 -1.600587e+00 -9.860870e-02 -8.536419e-01 -6.027941e-01 -6.463971e-01 -2.113753e-01 -5.459806e-02 -2.725324e-01 5.115753e-01 -9.957106e-02 4.453281e-01 1.357697e+00
<VARIANCE> 25
 2.177735e+01 3.091673e+01 5.154365e+01 7.057259e+01 5.048141e+01 5.245129e+01 6.650408e+01 9.910960e+01 5.136066e+01 4.302393e+01 3.979093e+01 2.554174e+01 1.801696e+00 3.489221e+00 4.465852e+00 4.518877e+00 4.678325e+00 5.527731e+00 6.628272e+00 8.676463e+00 5.697916e+00 4.602768e+00 3.554091e+00 2.886772e+00 2.001568e+00
<GCONST> 1.103945e+02
<STATE> 4
<MEAN> 25
 7.359684e+00 -7.449419e+00 3.832610e+00 -1.176836e+00 -4.681208e+00 -4.498587e-01 -4.460867e+00 -6.689618e+00 -2.547406e+00 6.780022e-02 2.128992e+00 2.792316e+00 -1.293812e-02 -3.542213e-01 -5.087592e-01 -6.620450e-01 -2.762306e-01 1.272487e-01 6.463583e-01 5.276194e-01 2.754652e-01 5.510300e-04 -4.136336e-01 3.096244e-02 1.977897e-01
<VARIANCE> 25
 2.171418e+01 3.009511e+01 3.246292e+01 5.188222e+01 4.345678e+01 7.908419e+01 6.095038e+01 1.116407e+02 5.040621e+01 3.835083e+01 4.323142e+01 2.229441e+01 9.515587e-01 1.920221e+00 1.749190e+00 2.575844e+00 2.769391e+00 3.770890e+00 3.371264e+00 3.769705e+00 2.637360e+00 2.329073e+00 2.085508e+00 1.721582e+00 1.137822e+00
<GCONST> 1.014827e+02
<TRANSP> 5
 0.000000e+00 1.000000e+00 0.000000e+00 0.000000e+00 0.000000e+00
 0.000000e+00 5.719767e-01 4.280233e-01 0.000000e+00 0.000000e+00
 0.000000e+00 0.000000e+00 3.908599e-01 6.091402e-01 0.000000e+00
 0.000000e+00 0.000000e+00 0.000000e+00 7.257146e-01 2.742854e-01
 0.000000e+00 0.000000e+00 0.000000e+00 0.000000e+00 0.000000e+00
<ENDHMM>
~h "sp"
<BEGINHMM>
<NUMSTATES> 3
<STATE> 2
~s "silst"
<TRANSP> 3
 0.000000e+00 2.076036e-01 7.923963e-01
 0.000000e+00 9.106039e-01 8.939609e-02
 0.000000e+00 0.000000e+00 0.000000e+00
<ENDHMM>
~h "sy"
<BEGINHMM>
<NUMSTATES> 5
<STATE> 2
<MEAN> 25
 -1.102908e+00 4.269487e+00 -2.195061e+00 1.742317e+00 -1.115288e+00 3.568212e+00 6.318642e+00 -6.037968e+00 -2.441438e+00 -3.641592e-01 -2.563968e-01 3.575585e+00 7.730635e-02 1.272433e-01 -1.113270e-01 -3.628107e-02 5.749084e-02 8.847472e-02 -1.446592e-01 -4.892401e-02 5.203632e-02 1.504154e-01 3.163309e-02 -5.193572e-02 -1.564998e-01
<VARIANCE> 25
 2.431559e+01 2.674586e+01 7.605443e+00 8.661127e+01 1.929248e+01 3.384600e+01 3.222795e+01 3.195051e+01 1.579866e+01 2.622145e+01 2.480869e+01 1.936479e+01 4.479944e-01 1.180182e+00 8.540394e-01 3.379677e+00 1.353532e+00 1.619833e+00 1.028825e+00 1.230731e+00 1.296534e+00 1.545184e+00 1.672994e+00 2.089786e+00 8.521919e-01
<GCONST> 8.776479e+01
<STATE> 3
<MEAN> 25
 -1.848342e+00 6.150146e-01 -7.638399e+00 7.022006e+00 3.909558e+00 4.397905e+00 3.207964e+00 8.923368e-01 6.295026e+00 4.371374e-01 -2.651257e+00 -8.541733e-01 -2.800918e-01 6.641927e-02 -2.380985e-01 4.660067e-01 9.345458e-02 1.703237e-01 -4.519782e-02 1.099425e-01 3.927088e-01 -6.895451e-02 2.194872e-02 -8.495114e-02 -4.505803e-01
<VARIANCE> 25
 1.985254e+01 3.283821e+01 2.182380e+01 4.443712e+01 1.028716e+01 2.529017e+01 4.805577e+01 3.040138e+01 2.993794e+01 1.671207e+01 2.006548e+01 1.369562e+01 1.647103e-01 7.855315e-01 5.967667e-01 1.289101e+00 8.170729e-01 2.039665e+00 2.271353e+00 2.019241e+00 2.401106e+00 1.520721e+00 1.190983e+00 8.374344e-01 4.415478e-01
<GCONST> 8.418504e+01
<STATE> 4
<MEAN> 25
 1.595054e-01 3.953153e-01 2.130095e+00 -2.048665e+00 4.299879e-01 -5.340382e+00 -3.560477e-01 3.707264e-01 -2.113929e+00 1.413102e+00 -1.705243e+00 2.802177e-01 8.155306e-01 -8.871374e-01 5.457072e-01 -7.763962e-01 -6.333820e-01 -5.196212e-01 -1.659833e-01 5.247014e-01 -4.170748e-01 4.300581e-01 -4.523424e-01 7.260845e-02 1.579857e-01
<VARIANCE> 25
 5.058934e+01 5.080724e+01 4.786885e+01 5.030723e+01 2.591795e+01 6.204458e+01 5.430996e+01 4.481994e+01 6.099997e+01 1.404230e+01 1.698350e+01 2.428353e+01 2.851815e+00 2.310038e+00 3.085292e+00 2.431986e+00 2.334356e+00 2.980019e+00 1.180582e+00 2.820937e+00 1.940258e+00 1.666594e+00 2.165908e+00 1.909178e+00 2.027175e+00
<GCONST> 9.988353e+01
<TRANSP> 5
 0.000000e+00 1.000000e+00 0.000000e+00 0.000000e+00 0.000000e+00
 0.000000e+00 9.560713e-01 4.392869e-02 0.000000e+00 0.000000e+00
 0.000000e+00 0.000000e+00 9.150898e-01 8.491016e-02 0.000000e+00
 0.000000e+00 0.000000e+00 0.000000e+00 8.050801e-01 1.949199e-01
 0.000000e+00 0.000000e+00 0.000000e+00 0.000000e+00 0.000000e+00
<ENDHMM>
~h "sil"
<BEGINHMM>
<NUMSTATES> 5
<STATE> 2
<MEAN> 25
 -9.025491e+00 2.140348e+00 -1.838077e+00 3.498572e+00 2.654435e+00 4.773261e+00 1.945460e+00 1.395756e+00 3.398517e+00 -3.286659e-01 2.818510e+00 2.442983e+00 -6.239809e-02 1.348090e-02 6.808258e-04 2.140705e-03 -9.412511e-03 -1.069724e-02 -1.402690e-02 -1.334284e-02 -1.487052e-02 9.578085e-03 1.016373e-02 1.067418e-02 -6.660265e-02
<VARIANCE> 25
 1.255748e+01 1.876869e+01 2.036715e+01 2.281421e+01 2.214121e+01 2.089598e+01 2.695822e+01 2.502925e+01 3.431580e+01 2.181974e+01 1.806952e+01 1.383627e+01 1.864286e-01 3.241324e-01 5.364076e-01 6.914956e-01 8.608953e-01 1.049214e+00 1.201391e+00 1.280717e+00 1.368006e+00 1.342491e+00 1.266697e+00 1.178287e+00 1.205605e-01
<GCONST> 7.776586e+01
<STATE> 3
~s "silst"
<STATE> 4
<MEAN> 25
 -1.328372e+01 4.502082e+00 -4.899335e+00 -1.977806e+00 3.235594e+00 1.293839e+00 1.495162e+00 2.161792e+00 6.782762e-01 1.476187e+00 3.124362e-01 -8.113323e-01 -4.459363e-03 5.094774e-02 9.929655e-02 8.951116e-02 4.314183e-02 3.014042e-02 3.340910e-02 2.304439e-02 -1.909663e-03 3.113340e-02 -7.776000e-03 -1.990255e-02 -3.090736e-02
<VARIANCE> 25
 8.796912e+01 2.532700e+01 2.758508e+01 4.632086e+01 2.647657e+01 2.534054e+01 2.371397e+01 2.483675e+01 3.007075e+01 2.333636e+01 1.619433e+01 1.857155e+01 9.458960e-01 8.244731e-01 8.512240e-01 9.983737e-01 1.149104e+00 1.241264e+00 1.306172e+00 1.267659e+00 1.384545e+00 1.290700e+00 1.130392e+00 1.057285e+00 7.285465e-01
<GCONST> 8.684573e+01
<TRANSP> 5
 0.000000e+00 1.000000e+00 0.000000e+00 0.000000e+00 0.000000e+00
 0.000000e+00 8.970497e-01 2.907574e-02 7.387466e-02 0.000000e+00
 0.000000e+00 0.000000e+00 8.838170e-01 1.161829e-01 0.000000e+00
 0.000000e+00 1.112517e-01 0.000000e+00 6.891447e-01 1.996037e-01
 0.000000e+00 0.000000e+00 0.000000e+00 0.000000e+00 0.000000e+00
<ENDHMM>
