~o
<STREAMINFO> 1 25
<VECSIZE> 25<NULLD><MFCC_D_N_Z_0><DIAGC>
~s "silst"
<MEAN> 25
 -1.046758e+01 3.985564e+00 -4.574872e+00 -1.247079e+00 3.012667e+00 3.704119e+00 3.438027e+00 2.667823e+00 1.590300e+00 8.607773e-01 1.470452e+00 6.997337e-01 -3.104004e-01 4.179082e-02 -4.618995e-02 -6.212118e-02 6.290047e-02 -1.934776e-02 1.428558e-02 6.660427e-02 5.861921e-04 1.092716e-02 3.930318e-02 7.012072e-03 -2.485709e-01
<VARIANCE> 25
 8.400677e+01 4.052766e+01 3.979578e+01 6.453551e+01 4.747152e+01 3.815813e+01 4.295204e+01 3.248833e+01 4.392103e+01 3.246690e+01 2.364297e+01 2.385849e+01 3.634779e+00 2.195374e+00 2.060334e+00 2.704446e+00 2.748100e+00 2.485621e+00 2.646771e+00 2.173787e+00 2.488125e+00 2.166709e+00 1.821713e+00 1.799047e+00 2.679256e+00
<GCONST> 1.015947e+02
~h "a"
<BEGINHMM>
<NUMSTATES> 5
<STATE> 2
<MEAN> 25
 6.628778e+00 -3.801581e+00 -3.031763e+00 -3.002278e+00 -1.496167e+00 -3.049956e+00 1.242253e-01 1.248172e+00 4.400329e-01 1.308177e+00 -2.029385e+00 -1.218854e+00 9.875333e-01 -1.422964e+00 -8.287494e-01 -8.380382e-01 -1.630820e-01 -5.488564e-01 5.870723e-01 7.919649e-01 -3.174521e-02 2.169776e-01 -6.722933e-01 -2.706076e-01 1.486735e+00
<VARIANCE> 25
 4.559927e+01 3.939925e+01 4.007268e+01 4.537726e+01 6.661404e+01 6.784830e+01 5.375695e+01 5.994769e+01 4.741147e+01 4.061935e+01 4.593838e+01 3.403440e+01 2.650472e+00 3.121864e+00 3.186941e+00 4.279346e+00 5.144484e+00 5.670414e+00 4.524551e+00 4.848386e+00 4.653035e+00 3.593637e+00 4.304120e+00 3.379743e+00 2.264177e+00
<GCONST> 1.098569e+02
<STATE> 3
<MEAN> 25
 9.261925e+00 -7.488824e+00 -3.289625e+00 -3.801133e+00 -4.072162e+00 -4.830054e+00 2.562798e+00 2.424957e+00 -2.124342e-01 1.554105e+00 -2.006547e+00 -3.567209e-01 -3.187544e-02 -2.732764e-01 -1.444745e-01 -9.981228e-02 2.423238e-01 3.008823e-01 2.197909e-01 -3.666525e-02 -1.128195e-02 1.005398e-01 -2.368335e-01 -1.739351e-01 1.027035e-01
<VARIANCE> 25
 2.773298e+01 2.465405e+01 3.382815e+01 4.537788e+01 6.146235e+01 5.505385e+01 6.201938e+01 6.299149e+01 4.203962e+01 4.093872e+01 4.583956e+01 3.706232e+01 3.602716e-01 1.178347e+00 1.340948e+00 1.647557e+00 2.377376e+00 2.746116e+00 2.349554e+00 2.558919e+00 2.298748e+00 2.103916e+00 2.069847e+00 1.580828e+00 4.842908e-01
<GCONST> 9.673882e+01
<STATE> 4
<MEAN> 25
 6.100756e+00 -6.703145e+00 -3.550785e+00 -4.469407e+00 2.129683e+00 -1.025637e+00 -3.304761e-01 2.387352e+00 1.227536e+00 2.103329e+00 -5.148867e+00 -3.057318e+00 -2.188472e-01 7.391496e-01 3.096835e-01 5.793939e-01 9.834179e-02 2.113983e-01 -6.914731e-02 -2.591085e-01 -2.387073e-02 -1.363777e-01 3.850718e-01 2.675753e-01 -7.514321e-01
<VARIANCE> 25
 2.203635e+01 2.804130e+01 2.852752e+01 4.548650e+01 4.726677e+01 5.087381e+01 3.636081e+01 4.250545e+01 3.337899e+01 3.025282e+01 4.417377e+01 2.954948e+01 5.613403e-01 1.161861e+00 1.240533e+00 1.531981e+00 1.779353e+00 2.058472e+00 1.803545e+00 1.944999e+00 1.838172e+00 1.590211e+00 1.813678e+00 1.421981e+00 6.467431e-01
<GCONST> 9.311374e+01
<TRANSP> 5
 0.000000e+00 1.000000e+00 0.000000e+00 0.000000e+00 0.000000e+00
 0.000000e+00 4.604047e-01 5.395953e-01 0.000000e+00 0.000000e+00
 0.000000e+00 0.000000e+00 5.595810e-01 4.404190e-01 0.000000e+00
 0.000000e+00 0.000000e+00 0.000000e+00 7.327605e-01 2.672395e-01
 0.000000e+00 0.000000e+00 0.000000e+00 0.000000e+00 0.000000e+00
<ENDHMM>
~h "b"
<BEGINHMM>
<NUMSTATES> 5
<STATE> 2
<MEAN> 25
 3.125649e+00 7.398036e+00 1.247650e+00 3.139285e+00 1.423443e+00 1.437419e-01 -1.463832e+00 -1.377629e+00 -8.164580e-01 -1.243531e+00 -6.147910e-01 -2.075412e+00 -8.396772e-01 1.829354e+00 7.109361e-01 1.002951e+00 9.588451e-01 1.312227e+00 6.737177e-01 -4.466793e-02 4.633133e-01 -4.640859e-01 -1.644641e-01 -5.306432e-02 -1.428852e+00
<VARIANCE> 25
 4.543136e+01 4.310417e+01 2.813211e+01 3.944912e+01 3.871688e+01 5.638522e+01 3.593212e+01 5.325220e+01 4.271126e+01 4.097544e+01 2.708251e+01 2.536892e+01 3.445777e+00 3.872928e+00 3.406185e+00 3.633766e+00 3.304949e+00 5.171805e+00 3.092830e+00 3.971598e+00 3.583356e+00 4.343154e+00 2.574384e+00 1.991334e+00 3.874754e+00
<GCONST> 1.059714e+02
<STATE> 3
<MEAN> 25
 6.734784e-01 1.006594e+01 3.615216e+00 5.998460e+00 3.222194e+00 3.321835e+00 2.943581e-02 -2.474420e+00 -7.745161e-01 -3.089635e+00 -6.607598e-01 -1.280733e+00 9.859679e-01 -1.685736e-01 -3.806261e-01 -3.152661e-01 -2.981471e-01 -5.681139e-01 -4.626880e-01 -3.507935e-01 -2.594498e-01 -1.909191e-01 9.339090e-02 1.116053e-01 8.930954e-01
<VARIANCE> 25
 3.220468e+01 3.257610e+01 2.839836e+01 3.793110e+01 3.308477e+01 3.657568e+01 2.849562e+01 4.103241e+01 3.449721e+01 3.836481e+01 2.203152e+01 2.033977e+01 3.173236e+00 3.301510e+00 2.707110e+00 2.479934e+00 3.203478e+00 3.764538e+00 2.719016e+00 3.339474e+00 3.358570e+00 2.973094e+00 2.354470e+00 1.987793e+00 1.711244e+00
<GCONST> 1.006712e+02
<STATE> 4
<MEAN> 25
 4.997583e+00 6.919748e+00 6.767541e-02 2.207539e+00 9.843082e-01 4.597449e-01 -2.308731e+00 -3.866249e+00 -1.805642e+00 -1.532010e+00 5.989392e-01 -9.139416e-01 1.627440e+00 -2.259926e+00 -1.278310e+00 -1.610328e+00 -1.205981e+00 -1.844267e+00 -1.352267e+00 3.660255e-01 1.204818e-01 9.079769e-01 4.135390e-01 -8.117891e-02 2.458126e+00
<VARIANCE> 25
 2.235991e+01 3.868171e+01 2.742343e+01 4.918074e+01 3.772862e+01 4.758748e+01 3.469361e+01 4.786552e+01 3.832058e+01 4.533784e+01 3.457569e+01 2.039952e+01 3.244980e+00 4.870931e+00 4.557596e+00 6.115555e+00 5.111622e+00 7.095787e+00 3.869452e+00 4.674191e+00 5.715318e+00 8.743154e+00 3.664804e+00 4.080763e+00 2.631174e+00
<GCONST> 1.090013e+02
<TRANSP> 5
 0.000000e+00 1.000000e+00 0.000000e+00 0.000000e+00 0.000000e+00
 0.000000e+00 5.310839e-01 4.689161e-01 0.000000e+00 0.000000e+00
 0.000000e+00 0.000000e+00 4.052211e-01 5.947788e-01 0.000000e+00
 0.000000e+00 0.000000e+00 0.000000e+00 4.049427e-01 5.950572e-01
 0.000000e+00 0.000000e+00 0.000000e+00 0.000000e+00 0.000000e+00
<ENDHMM>
~h "c"
<BEGINHMM>
<NUMSTATES> 5
<STATE> 2
<MEAN> 25
 -4.184846e+00 1.794775e+00 6.134515e-01 3.542556e+00 3.752141e+00 2.505849e+00 -1.146127e+00 -4.654000e+00 -1.346133e+00 3.780590e-01 2.742629e+00 1.517840e+00 -2.517770e+00 9.238160e-01 -3.939260e-01 -2.111090e-01 5.764489e-01 5.714153e-02 6.653959e-01 7.102605e-01 5.413499e-01 9.649130e-02 1.877456e-01 1.283686e-02 -1.652816e+00
<VARIANCE> 25
 7.167886e+01 4.095837e+01 3.342742e+01 5.424980e+01 4.491982e+01 4.862257e+01 5.887243e+01 8.365096e+01 5.829896e+01 4.114193e+01 4.007500e+01 2.813884e+01 3.411305e+00 4.659048e+00 3.231445e+00 4.939740e+00 3.924845e+00 5.081110e+00 4.096160e+00 7.519647e+00 4.414248e+00 3.582528e+00 3.017327e+00 1.857496e+00 6.116938e+00
<GCONST> 1.106883e+02
<STATE> 3
<MEAN> 25
 -1.152039e+01 -1.204223e+00 3.070063e+00 1.209336e-01 1.012104e+00 2.020877e+00 1.807180e+00 1.174207e+00 3.337595e+00 -2.427630e-01 2.144615e+00 2.185952e+00 1.037768e+00 -2.921996e+00 1.748487e+00 1.774587e-01 -1.806198e+00 -5.958243e-02 -3.552252e-01 2.850892e-01 1.038283e+00 -1.033961e+00 -5.503397e-01 3.748450e-01 2.797821e+00
<VARIANCE> 25
 3.235462e+01 7.947011e+01 4.694979e+01 5.307970e+01 5.923409e+01 6.165225e+01 4.203289e+01 4.347383e+01 3.895318e+01 2.900579e+01 2.735112e+01 2.371900e+01 5.819819e+00 1.108899e+01 5.868488e+00 6.728072e+00 6.594090e+00 6.756855e+00 6.106009e+00 5.175575e+00 6.087928e+00 4.106528e+00 2.915298e+00 2.507520e+00 5.834475e+00
<GCONST> 1.129034e+02
<STATE> 4
<MEAN> 25
 -6.587310e-01 -9.891788e+00 7.779992e+00 5.354751e+00 -7.704587e-01 4.731555e+00 -4.569507e+00 -2.950602e+00 4.818271e+00 -4.448500e+00 5.078850e-01 3.944327e+00 3.650384e+00 1.403984e+00 -1.265654e+00 -1.921668e-01 5.252280e-01 -1.256197e+00 -7.886153e-01 -1.043364e+00 -1.310643e+00 1.275526e-01 -6.564551e-01 -2.223018e-01 1.587589e+00
<VARIANCE> 25
 5.585513e+01 9.672232e+01 5.929370e+01 3.830355e+01 4.815034e+01 6.904375e+01 4.654630e+01 4.406568e+01 4.212820e+01 2.572235e+01 2.790114e+01 2.006162e+01 2.430462e+00 1.318597e+01 8.117801e+00 5.349666e+00 6.475530e+00 1.075028e+01 5.184148e+00 8.685965e+00 7.202807e+00 3.340732e+00 4.256166e+00 3.829690e+00 3.426377e+00
<GCONST> 1.138123e+02
<TRANSP> 5
 0.000000e+00 1.000000e+00 0.000000e+00 0.000000e+00 0.000000e+00
 0.000000e+00 7.353220e-01 2.646780e-01 0.000000e+00 0.000000e+00
 0.000000e+00 0.000000e+00 6.830057e-01 3.169943e-01 0.000000e+00
 0.000000e+00 0.000000e+00 0.000000e+00 6.364546e-01 3.635453e-01
 0.000000e+00 0.000000e+00 0.000000e+00 0.000000e+00 0.000000e+00
<ENDHMM>
~h "d"
<BEGINHMM>
<NUMSTATES> 5
<STATE> 2
<MEAN> 25
 3.046835e+00 4.403627e+00 5.983675e-01 5.593787e+00 5.471789e+00 8.788919e-01 -2.155613e+00 -2.300318e+00 -2.856864e+00 -2.983131e+00 -9.824463e-01 4.323310e-01 -2.113557e-01 7.355954e-01 4.073942e-01 1.182896e+00 3.955085e-01 1.847907e-01 1.987603e-01 8.872093e-02 -2.602650e-02 -8.455510e-01 -7.598026e-02 -7.905022e-02 -5.153764e-01
<VARIANCE> 25
 5.528446e+01 5.056883e+01 5.094953e+01 4.032624e+01 7.485109e+01 8.197376e+01 4.317057e+01 4.096833e+01 4.900641e+01 3.762921e+01 3.504872e+01 2.407639e+01 6.175702e+00 8.205489e+00 3.794107e+00 4.234902e+00 4.902999e+00 1.229560e+01 5.006457e+00 4.718531e+00 4.968965e+00 4.048905e+00 3.505998e+00 2.742938e+00 8.172760e+00
<GCONST> 1.132977e+02
<STATE> 3
<MEAN> 25
 3.914921e+00 2.437489e+00 2.222241e+00 6.885349e+00 1.434522e+00 -3.328758e+00 -2.775321e+00 -2.192054e+00 -2.626575e+00 -5.651352e+00 -1.529627e+00 1.144780e+00 1.150380e+00 -2.098362e+00 3.015824e-01 -1.122013e+00 -1.543442e+00 -2.207122e+00 -7.714099e-01 1.412183e-04 -6.635782e-01 5.312052e-01 7.544379e-01 5.117500e-01 2.525278e+00
<VARIANCE> 25
 3.884324e+01 4.925652e+01 3.882656e+01 4.918834e+01 5.196409e+01 4.598492e+01 3.396878e+01 3.359764e+01 5.019278e+01 3.704669e+01 3.138254e+01 2.265764e+01 2.614909e+00 4.530641e+00 3.072774e+00 5.230895e+00 4.090129e+00 6.470816e+00 3.999575e+00 5.720706e+00 4.302765e+00 4.119636e+00 3.296804e+00 2.567569e+00 3.952008e+00
<GCONST> 1.080124e+02
<STATE> 4
<MEAN> 25
 7.481047e+00 -2.162886e+00 4.103911e+00 2.878428e+00 -3.282733e+00 -7.608447e+00 -5.709289e+00 -2.109361e+00 -1.455657e+00 -2.113332e+00 7.441952e-01 1.651642e+00 2.391036e-01 -8.321738e-01 5.076523e-01 -9.080081e-01 -1.151992e+00 -4.077203e-01 -4.408822e-01 2.588292e-01 3.773448e-01 6.740568e-01 2.535245e-01 -1.757558e-01 1.018322e+00
<VARIANCE> 25
 3.914226e+01 5.097118e+01 4.977943e+01 5.249976e+01 7.347023e+01 8.007665e+01 4.539508e+01 7.790356e+01 7.569895e+01 3.714160e+01 3.766563e+01 2.991438e+01 1.210740e+00 2.624749e+00 3.330399e+00 3.192895e+00 4.000719e+00 4.465244e+00 3.702446e+00 4.798989e+00 4.369123e+00 2.890685e+00 2.732270e+00 2.376992e+00 2.079527e+00
<GCONST> 1.076527e+02
<TRANSP> 5
 0.000000e+00 1.000000e+00 0.000000e+00 0.000000e+00 0.000000e+00
 0.000000e+00 6.008179e-01 3.991820e-01 0.000000e+00 0.000000e+00
 0.000000e+00 0.000000e+00 4.557141e-01 5.442860e-01 0.000000e+00
 0.000000e+00 0.000000e+00 0.000000e+00 4.411215e-01 5.588785e-01
 0.000000e+00 0.000000e+00 0.000000e+00 0.000000e+00 0.000000e+00
<ENDHMM>
~h "e"
<BEGINHMM>
<NUMSTATES> 5
<STATE> 2
<MEAN> 25
 5.489963e+00 -2.924589e+00 1.013353e+00 9.611691e-01 -2.979956e+00 -5.018861e+00 -3.174593e-01 -2.471431e-01 -3.610717e+00 5.837690e-01 1.704343e+00 3.133744e-01 1.751925e+00 -1.328891e+00 3.577843e-01 -4.470836e-01 -1.321032e+00 -1.821417e+00 3.141187e-01 3.893996e-01 -1.823607e+00 5.473521e-01 6.163450e-01 6.493820e-02 2.138111e+00
<VARIANCE> 25
 5.452247e+01 4.259046e+01 4.894588e+01 3.858114e+01 5.563366e+01 7.365311e+01 4.920207e+01 8.528512e+01 5.635585e+01 4.275210e+01 4.195365e+01 2.558380e+01 3.926564e+00 5.326099e+00 5.276956e+00 4.143207e+00 5.297429e+00 7.363514e+00 5.257697e+00 8.530871e+00 5.640869e+00 4.561926e+00 4.070054e+00 2.542027e+00 3.582829e+00
<GCONST> 1.131193e+02
<STATE> 3
<MEAN> 25
 8.705664e+00 -7.115277e+00 7.559737e-01 2.764236e-01 -4.156929e+00 -6.458587e+00 -6.991177e-01 -2.922201e+00 -6.129771e+00 2.944604e+00 3.871588e+00 7.578183e-01 1.753923e-01 -5.898995e-01 3.363892e-01 -6.873499e-02 -4.909407e-01 -1.817940e-01 2.849104e-01 -2.220363e-02 -4.518475e-01 2.848983e-01 3.811508e-01 8.634394e-02 4.494548e-01
<VARIANCE> 25
 2.900943e+01 3.286008e+01 5.044282e+01 4.170785e+01 6.726125e+01 6.189749e+01 5.943650e+01 1.585955e+02 5.813275e+01 4.906535e+01 4.527890e+01 2.791630e+01 7.435811e-01 1.867355e+00 2.003215e+00 2.133992e+00 2.609373e+00 3.131501e+00 3.321318e+00 3.582182e+00 3.184328e+00 2.607446e+00 2.011608e+00 1.800807e+00 1.015052e+00
<GCONST> 1.028183e+02
<STATE> 4
<MEAN> 25
 5.993804e+00 -4.559124e+00 6.981198e+00 -6.015051e-02 -8.360758e+00 -8.108144e+00 1.704821e+00 3.092973e+00 -5.873065e+00 1.489610e+00 2.492577e+00 7.262623e-01 -2.631628e-01 6.264163e-01 8.236837e-02 3.097521e-01 3.651023e-01 4.050976e-01 1.145473e-01 -5.944203e-02 1.183902e-01 -1.412038e-01 -1.966969e-02 -7.072275e-02 -5.934660e-01
<VARIANCE> 25
 2.199749e+01 3.483650e+01 4.515267e+01 3.437912e+01 4.983443e+01 4.711661e+01 4.389715e+01 6.916317e+01 4.521533e+01 3.348844e+01 2.959503e+01 1.694895e+01 4.252448e-01 1.061195e+00 1.104529e+00 1.218202e+00 1.408243e+00 1.535768e+00 1.694094e+00 1.382553e+00 1.623866e+00 1.368313e+00 1.280359e+00 9.875188e-01 5.641279e-01
<GCONST> 9.084017e+01
<TRANSP> 5
 0.000000e+00 1.000000e+00 0.000000e+00 0.000000e+00 0.000000e+00
 0.000000e+00 4.666819e-01 5.333182e-01 0.000000e+00 0.000000e+00
 0.000000e+00 0.000000e+00 4.309108e-01 5.690892e-01 0.000000e+00
 0.000000e+00 0.000000e+00 0.000000e+00 8.141536e-01 1.858465e-01
 0.000000e+00 0.000000e+00 0.000000e+00 0.000000e+00 0.000000e+00
<ENDHMM>
~h "f"
<BEGINHMM>
<NUMSTATES> 5
<STATE> 2
<MEAN> 25
 -5.571750e+00 5.302671e+00 -2.655667e-01 1.414026e+00 6.346038e+00 4.417081e+00 -4.968885e-01 -1.280496e+00 6.140321e-01 2.430843e+00 2.141504e+00 1.098382e+00 -8.009486e-01 -9.933332e-01 2.003357e-01 6.822800e-01 2.088438e-01 8.197945e-01 1.202143e+00 9.068412e-01 1.106774e+00 -7.818664e-01 3.314271e-01 9.721386e-01 -4.108010e-02
<VARIANCE> 25
 2.563643e+02 1.211957e+02 2.451333e+01 5.602300e+01 7.353352e+01 4.218556e+01 3.996804e+01 4.449820e+01 3.157844e+01 2.463137e+01 2.150619e+01 1.548116e+01 7.993103e+00 5.308328e+00 3.763325e+00 2.722846e+00 4.521261e+00 3.207541e+00 2.925665e+00 5.235985e+00 4.018837e+00 2.776779e+00 4.319184e+00 1.509262e+00 5.559806e+00
<GCONST> 1.089845e+02
<STATE> 3
<MEAN> 25
 -3.355573e+00 -2.988466e+00 -2.437642e+00 2.290221e+00 2.467124e+00 1.949767e+00 2.378715e+00 2.074992e-01 4.162761e+00 1.093500e-02 2.850529e+00 2.871843e+00 -1.263908e+00 -1.103457e+00 -2.928542e-01 -4.492221e-02 -3.140436e-01 -2.301155e-01 8.469868e-02 -1.907713e-01 4.500094e-01 -3.868546e-01 -1.224266e-01 3.898584e-01 -2.575519e-01
<VARIANCE> 25
 1.841019e+01 2.933928e+01 1.619331e+01 1.629970e+01 2.385800e+01 3.935045e+01 3.662934e+01 3.180068e+01 3.482798e+01 2.574346e+01 2.073053e+01 1.765662e+01 1.617074e+00 5.062614e+00 1.754528e+00 2.325514e+00 2.167013e+00 2.830101e+00 3.430261e+00 3.665857e+00 2.779922e+00 3.407480e+00 1.533206e+00 1.228600e+00 2.827546e+00
<GCONST> 9.619584e+01
<STATE> 4
<MEAN> 25
 -4.278022e+00 -3.441614e+00 -3.068457e+00 2.834315e+00 1.637223e+00 2.837530e+00 2.335178e+00 -9.408884e-01 2.306118e+00 -2.004315e+00 8.153455e-01 1.069342e+00 6.445532e-01 5.776314e-01 -2.116261e-01 -2.903166e-01 -2.313902e-01 -2.092269e-01 -2.928011e-02 -1.593055e-01 -4.363423e-01 -1.627768e-02 -2.637204e-01 -1.994447e-01 2.732405e-02
<VARIANCE> 25
 1.155695e+01 5.277790e+01 2.504499e+01 2.883223e+01 3.040899e+01 7.129535e+01 2.892678e+01 1.856678e+01 2.169173e+01 1.663248e+01 1.769518e+01 2.019382e+01 1.961457e+00 3.765649e+00 1.465182e+00 2.190608e+00 1.923697e+00 4.280389e+00 2.160237e+00 2.160758e+00 2.690340e+00 1.936050e+00 1.510818e+00 1.375526e+00 1.200281e+00
<GCONST> 9.405624e+01
<TRANSP> 5
 0.000000e+00 1.000000e+00 0.000000e+00 0.000000e+00 0.000000e+00
 0.000000e+00 4.922969e-01 5.077031e-01 0.000000e+00 0.000000e+00
 0.000000e+00 0.000000e+00 6.188396e-01 3.811604e-01 0.000000e+00
 0.000000e+00 0.000000e+00 0.000000e+00 7.950199e-01 2.049801e-01
 0.000000e+00 0.000000e+00 0.000000e+00 0.000000e+00 0.000000e+00
<ENDHMM>
~h "g"
<BEGINHMM>
<NUMSTATES> 5
<STATE> 2
<MEAN> 25
 8.378674e-01 5.221985e+00 3.679347e+00 4.345130e+00 1.467668e+00 -1.034510e-01 -1.097593e+00 -9.692149e-01 -2.581218e+00 -1.932819e+00 -4.502016e-02 -2.462524e+00 -9.345147e-02 3.284836e-01 3.400575e-01 4.511856e-01 2.678521e-01 -1.277667e-01 -3.165512e-01 4.252780e-01 4.890840e-01 -1.891044e-01 -5.194550e-02 -1.879583e-01 -5.127966e-02
<VARIANCE> 25
 5.317499e+01 4.780906e+01 3.797276e+01 5.061580e+01 6.423242e+01 6.256313e+01 6.304353e+01 6.178977e+01 5.836516e+01 4.905498e+01 3.233190e+01 2.596888e+01 5.014365e+00 6.587346e+00 4.092024e+00 5.052982e+00 6.633632e+00 6.428009e+00 6.384802e+00 5.981922e+00 5.530902e+00 4.963815e+00 3.045743e+00 3.156215e+00 5.626213e+00
<GCONST> 1.138328e+02
<STATE> 3
<MEAN> 25
 3.987339e+00 3.459779e+00 4.450065e+00 3.210489e+00 -1.839767e+00 -5.150469e+00 -4.346932e+00 2.400640e+00 1.080309e+00 -2.750265e+00 -8.210894e-01 -1.716136e+00 1.312555e+00 -1.851515e+00 1.048047e-01 -5.901808e-01 -1.488409e+00 -1.817692e+00 -5.343422e-01 8.054667e-01 -1.556934e-01 -6.758516e-01 -1.235920e-02 5.994091e-01 2.142024e+00
<VARIANCE> 25
 3.066910e+01 7.411691e+01 4.838202e+01 6.027425e+01 9.158932e+01 8.565767e+01 7.863544e+01 7.296059e+01 6.293132e+01 5.591354e+01 3.873825e+01 2.968127e+01 2.856346e+00 5.210495e+00 4.601795e+00 6.643692e+00 9.146379e+00 8.776690e+00 8.768531e+00 6.701769e+00 5.631528e+00 5.944722e+00 3.931608e+00 3.956716e+00 3.133430e+00
<GCONST> 1.164663e+02
<STATE> 4
<MEAN> 25
 6.764829e+00 -1.052931e+00 4.961649e+00 -2.633580e-02 -7.303330e+00 -7.958818e+00 -5.314863e+00 2.367007e+00 1.114938e+00 -4.396183e+00 -1.214155e+00 2.766648e-01 4.827104e-01 -9.768777e-01 -2.923635e-01 -6.958140e-01 -3.797077e-01 -5.930979e-02 -1.241612e-01 -2.305340e-01 -1.388164e-01 5.209730e-01 7.783651e-02 5.608610e-02 9.816453e-01
<VARIANCE> 25
 3.456364e+01 5.714950e+01 4.223745e+01 6.703359e+01 7.950269e+01 1.018360e+02 6.719300e+01 9.207878e+01 6.949468e+01 6.517215e+01 4.693075e+01 3.587935e+01 1.552768e+00 3.252450e+00 3.508544e+00 3.685637e+00 4.626178e+00 4.837356e+00 4.611578e+00 4.604812e+00 3.539678e+00 2.839713e+00 2.924648e+00 2.556189e+00 2.103795e+00
<GCONST> 1.104664e+02
<TRANSP> 5
 0.000000e+00 1.000000e+00 0.000000e+00 0.000000e+00 0.000000e+00
 0.000000e+00 5.736198e-01 4.263802e-01 0.000000e+00 0.000000e+00
 0.000000e+00 0.000000e+00 4.411506e-01 5.588494e-01 0.000000e+00
 0.000000e+00 0.000000e+00 0.000000e+00 4.530741e-01 5.469259e-01
 0.000000e+00 0.000000e+00 0.000000e+00 0.000000e+00 0.000000e+00
<ENDHMM>
~h "h"
<BEGINHMM>
<NUMSTATES> 5
<STATE> 2
<MEAN> 25
 2.221239e+00 -7.030295e-01 1.722303e+00 1.541168e+00 -7.546880e-01 2.544248e+00 3.856522e+00 1.727451e+00 2.072208e+00 9.054136e-01 6.623031e-01 7.082803e-01 -1.216053e+00 3.418389e-01 -2.428650e-01 1.675353e-01 7.146620e-01 5.141283e-01 3.893837e-01 4.031855e-01 1.147023e-02 -1.510619e-01 4.115563e-01 3.787901e-01 -1.147821e+00
<VARIANCE> 25
 4.717133e+01 5.321315e+01 4.197999e+01 4.345333e+01 6.527445e+01 6.466760e+01 6.766593e+01 5.202900e+01 4.713850e+01 4.892749e+01 4.267821e+01 2.326737e+01 1.759522e+00 3.043058e+00 2.774171e+00 3.258721e+00 3.158490e+00 3.540408e+00 3.622681e+00 3.196461e+00 3.304917e+00 2.845832e+00 2.748681e+00 1.985835e+00 1.587126e+00
<GCONST> 1.055858e+02
<STATE> 3
<MEAN> 25
 -2.264165e+00 -4.911286e-01 -1.756597e+00 6.220963e-01 2.350485e+00 4.722254e+00 5.276718e+00 2.846689e+00 1.046927e+00 -2.045634e+00 -4.083157e-01 1.355393e+00 -7.912962e-01 9.856536e-02 -2.947839e-02 3.882269e-02 1.266891e-01 -5.117973e-02 -3.327630e-01 -2.388924e-01 6.730365e-02 1.088846e-01 2.078386e-01 1.201335e-01 -7.010930e-01
<VARIANCE> 25
 3.599224e+01 4.815719e+01 3.456902e+01 4.305414e+01 5.416508e+01 4.590317e+01 4.939442e+01 4.390668e+01 4.650802e+01 3.920351e+01 2.997915e+01 2.134783e+01 5.890221e-01 1.131931e+00 1.532791e+00 1.741746e+00 1.923513e+00 1.841581e+00 2.259645e+00 2.130400e+00 2.078256e+00 2.049214e+00 1.672313e+00 1.477130e+00 2.706463e-01
<GCONST> 9.463969e+01
<STATE> 4
<MEAN> 25
 -6.289602e+00 6.793712e-01 1.643421e-01 1.940293e+00 2.707882e+00 2.206370e+00 4.287380e-01 -6.690176e-01 1.920366e-01 -5.334716e-01 8.578268e-01 1.584977e+00 -6.852810e-02 3.911487e-02 9.063538e-03 3.306904e-02 4.770265e-02 1.481732e-02 -3.578129e-02 -1.990447e-02 1.372239e-03 7.813392e-03 -1.345243e-02 -7.285994e-03 -8.598457e-02
<VARIANCE> 25
 3.458693e+01 2.395869e+01 1.521973e+01 2.252336e+01 2.098681e+01 2.040725e+01 2.486910e+01 1.884102e+01 2.099725e+01 1.518599e+01 1.578848e+01 1.418496e+01 1.470791e-01 3.031376e-01 5.525092e-01 6.931884e-01 9.276294e-01 1.094709e+00 1.178360e+00 1.302630e+00 1.310083e+00 1.344449e+00 1.269052e+00 1.166707e+00 7.071967e-02
<GCONST> 7.657282e+01
<TRANSP> 5
 0.000000e+00 1.000000e+00 0.000000e+00 0.000000e+00 0.000000e+00
 0.000000e+00 6.509800e-01 3.490200e-01 0.000000e+00 0.000000e+00
 0.000000e+00 0.000000e+00 7.361599e-01 2.638401e-01 0.000000e+00
 0.000000e+00 0.000000e+00 0.000000e+00 9.037952e-01 9.620479e-02
 0.000000e+00 0.000000e+00 0.000000e+00 0.000000e+00 0.000000e+00
<ENDHMM>
~h "i"
<BEGINHMM>
<NUMSTATES> 5
<STATE> 2
<MEAN> 25
 3.405492e+00 -7.866508e-01 7.047034e+00 4.970725e+00 -1.322880e+00 -4.091588e+00 -4.068032e+00 -3.534625e+00 -3.881528e+00 -1.548097e+00 6.277697e-01 -5.060206e-01 1.137995e+00 -5.903124e-01 1.643622e+00 1.571010e-01 -1.327356e+00 -1.372029e+00 -1.185420e+00 -4.062287e-01 -1.581748e+00 1.223519e-01 9.660615e-02 -5.153236e-01 1.458581e+00
<VARIANCE> 25
 3.956301e+01 4.720431e+01 5.055193e+01 8.528307e+01 9.377889e+01 6.544827e+01 6.090825e+01 6.855859e+01 5.354440e+01 2.980584e+01 2.815531e+01 2.221039e+01 3.476937e+00 4.037917e+00 6.710063e+00 5.955492e+00 7.388775e+00 6.244381e+00 5.676818e+00 6.038912e+00 7.142442e+00 3.284315e+00 3.993626e+00 2.678380e+00 2.891618e+00
<GCONST> 1.130041e+02
<STATE> 3
<MEAN> 25
 4.846179e+00 -4.744673e+00 9.746166e+00 1.053343e+01 1.299365e+00 -6.214490e+00 -1.031002e+01 -5.899937e+00 -2.358323e+00 -1.475025e+00 -1.171561e+00 -3.704369e+00 -8.694488e-02 2.138609e-01 2.916893e-01 -3.345661e-01 -5.187263e-01 2.455499e-01 1.547795e-01 -5.312389e-02 -3.891735e-01 2.639170e-01 2.621442e-01 1.742017e-02 -1.105903e-01
<VARIANCE> 25
 2.628161e+01 4.050043e+01 4.671412e+01 1.092696e+02 1.148120e+02 5.328460e+01 8.422610e+01 8.279707e+01 7.599390e+01 4.438273e+01 4.460196e+01 3.423081e+01 1.104215e+00 1.868201e+00 3.077569e+00 2.823896e+00 3.332431e+00 3.484424e+00 3.373731e+00 3.571732e+00 3.516764e+00 2.505367e+00 2.199336e+00 1.801855e+00 1.402701e+00
<GCONST> 1.061970e+02
<STATE> 4
<MEAN> 25
 2.222789e+00 1.410720e+00 1.376570e+01 3.408716e-01 -8.962605e+00 -4.483087e+00 -2.727331e+00 -2.372591e+00 -8.771905e+00 -6.578588e-01 2.984228e+00 -9.103917e-01 -2.022199e-01 2.176698e-01 -4.571045e-01 1.802679e-01 4.356712e-01 2.539373e-01 2.930908e-01 2.442731e-02 3.415307e-01 2.756326e-02 -6.833413e-03 1.473797e-01 -4.851937e-01
<VARIANCE> 25
 1.877737e+01 2.562242e+01 5.426603e+01 4.591616e+01 5.450486e+01 4.576432e+01 3.892035e+01 4.082552e+01 4.749544e+01 3.090299e+01 3.110576e+01 2.045137e+01 7.742410e-01 1.511342e+00 2.167594e+00 1.805385e+00 2.514305e+00 2.078285e+00 2.126574e+00 1.975838e+00 2.206292e+00 1.575889e+00 1.445933e+00 1.230986e+00 1.109000e+00
<GCONST> 9.542003e+01
<TRANSP> 5
 0.000000e+00 1.000000e+00 0.000000e+00 0.000000e+00 0.000000e+00
 0.000000e+00 4.708272e-01 5.291728e-01 0.000000e+00 0.000000e+00
 0.000000e+00 0.000000e+00 5.681119e-01 4.318881e-01 0.000000e+00
 0.000000e+00 0.000000e+00 0.000000e+00 7.989668e-01 2.010331e-01
 0.000000e+00 0.000000e+00 0.000000e+00 0.000000e+00 0.000000e+00
<ENDHMM>
~h "j"
<BEGINHMM>
<NUMSTATES> 5
<STATE> 2
<MEAN> 25
 1.733419e+00 1.549085e+00 6.494827e+00 6.268464e+00 1.065489e+00 -4.171064e-01 -2.762998e+00 -2.948161e+00 -2.872625e+00 -2.811618e+00 4.332869e-01 9.132805e-01 -1.255817e+00 8.390115e-01 8.194622e-01 8.656019e-01 3.751634e-01 9.612675e-01 8.620518e-02 3.972701e-01 7.931153e-01 -9.265563e-01 -1.176430e-01 -1.633237e-02 -1.244319e+00
<VARIANCE> 25
 4.336632e+01 6.420157e+01 4.139743e+01 4.764110e+01 6.780912e+01 9.507290e+01 4.713195e+01 6.446712e+01 5.335389e+01 3.828138e+01 3.717187e+01 2.586020e+01 2.723890e+00 9.248609e+00 4.346839e+00 4.685288e+00 5.755001e+00 6.597773e+00 4.655460e+00 5.928663e+00 4.985388e+00 4.315792e+00 3.078425e+00 2.839023e+00 6.559766e+00
<GCONST> 1.130589e+02
<STATE> 3
<MEAN> 25
 -7.534597e-01 -6.869130e-01 7.696178e+00 4.716255e+00 8.366861e-01 -6.980434e-01 -3.278969e+00 -2.754435e+00 3.530168e-01 -5.055973e+00 -3.868622e-01 1.442213e+00 1.223277e+00 -8.358223e-01 1.441810e-01 -7.541407e-01 -5.247765e-01 -1.617666e+00 -8.353219e-01 -7.226845e-01 -9.351122e-01 8.066235e-02 2.163200e-01 3.480660e-01 2.035097e+00
<VARIANCE> 25
 4.840759e+01 7.673777e+01 4.031274e+01 7.376405e+01 5.767961e+01 5.032717e+01 6.578924e+01 4.884211e+01 3.979190e+01 2.815651e+01 1.851439e+01 1.999024e+01 4.803871e+00 5.232090e+00 5.537456e+00 7.254175e+00 6.239056e+00 5.470361e+00 5.674033e+00 5.215075e+00 5.617143e+00 3.422217e+00 2.537817e+00 2.312736e+00 3.909674e+00
<GCONST> 1.110725e+02
<STATE> 4
<MEAN> 25
 4.600137e+00 9.653795e-01 9.721585e+00 6.428964e-01 -6.470131e+00 -8.220138e+00 -4.867327e+00 1.559592e-01 -3.085774e+00 -2.760113e+00 1.350685e+00 2.619930e+00 7.857174e-01 -8.786275e-01 -7.301981e-01 -5.696154e-01 -8.097059e-01 -5.770544e-01 -2.646633e-01 6.318897e-01 1.491622e-01 5.265396e-01 -3.715224e-03 -5.901149e-02 6.568515e-01
<VARIANCE> 25
 2.356575e+01 5.720614e+01 3.008778e+01 3.750510e+01 4.698151e+01 3.848465e+01 4.093400e+01 4.299896e+01 3.457297e+01 2.888230e+01 2.116729e+01 2.323575e+01 1.684846e+00 3.087847e+00 2.985523e+00 2.591774e+00 4.904524e+00 3.508157e+00 4.591587e+00 3.296629e+00 2.807879e+00 2.111449e+00 2.362334e+00 2.468783e+00 1.228431e+00
<GCONST> 1.012661e+02
<TRANSP> 5
 0.000000e+00 1.000000e+00 0.000000e+00 0.000000e+00 0.000000e+00
 0.000000e+00 6.780977e-01 3.219023e-01 0.000000e+00 0.000000e+00
 0.000000e+00 0.000000e+00 6.822541e-01 3.177459e-01 0.000000e+00
 0.000000e+00 0.000000e+00 0.000000e+00 6.582670e-01 3.417329e-01
 0.000000e+00 0.000000e+00 0.000000e+00 0.000000e+00 0.000000e+00
<ENDHMM>
~h "k"
<BEGINHMM>
<NUMSTATES> 5
<STATE> 2
<MEAN> 25
 -4.242582e+00 1.811467e+00 -1.626807e+00 1.111230e+00 1.828138e+00 3.444280e+00 1.748349e+00 -7.598487e-02 2.294472e+00 5.862965e-01 2.073440e+00 8.181888e-01 -1.165815e+00 -3.151527e-03 -2.708192e-01 3.113119e-01 3.673841e-02 4.455554e-01 3.800638e-01 5.500105e-01 5.454971e-01 -3.094995e-01 3.095108e-01 3.729996e-01 -1.066025e+00
<VARIANCE> 25
 5.555564e+01 3.432158e+01 3.893519e+01 4.563931e+01 6.267546e+01 5.762420e+01 4.189657e+01 4.830326e+01 4.795866e+01 3.512991e+01 3.385566e+01 2.649660e+01 4.259853e+00 3.761757e+00 4.023100e+00 4.621459e+00 4.030712e+00 5.352546e+00 4.157922e+00 3.942244e+00 4.450078e+00 3.212906e+00 3.509208e+00 2.497282e+00 4.884002e+00
<GCONST> 1.089977e+02
<STATE> 3
<MEAN> 25
 -4.260180e+00 -3.141152e+00 -1.452406e-01 -2.069620e+00 -5.236580e+00 3.594168e+00 4.543118e+00 4.030570e+00 4.163364e+00 -2.656350e+00 -9.021387e-02 2.111388e+00 1.732582e+00 -1.289310e+00 -2.071661e-01 -8.660311e-01 -9.416908e-01 -6.863726e-01 -3.084739e-01 1.028589e-02 1.488963e-01 -1.963729e-01 -5.112376e-01 -5.928374e-02 2.237423e+00
<VARIANCE> 25
 4.412238e+01 7.018454e+01 5.184084e+01 5.716808e+01 1.447914e+02 6.490776e+01 6.697726e+01 5.854721e+01 6.141931e+01 4.719918e+01 4.099759e+01 2.843270e+01 7.961989e+00 9.278157e+00 6.933519e+00 7.304707e+00 1.212478e+01 8.703616e+00 7.787601e+00 6.142050e+00 6.607003e+00 7.271249e+00 3.872012e+00 4.223855e+00 7.604770e+00
<GCONST> 1.198841e+02
<STATE> 4
<MEAN> 25
 1.093813e+00 -3.330522e+00 -3.920867e+00 -3.028712e+00 7.316700e-01 -1.025811e+00 -9.244354e-01 9.055197e-01 2.828703e+00 1.608678e+00 -7.868538e-01 -8.047572e-01 2.188214e+00 3.145318e-01 4.945256e-03 -3.268604e-01 -8.591495e-02 -1.139244e+00 -3.605738e-01 -5.397786e-01 -1.059709e+00 6.764390e-01 -4.618007e-01 -7.979860e-01 1.700127e+00
<VARIANCE> 25
 3.996254e+01 4.973873e+01 7.193777e+01 5.483752e+01 8.514114e+01 6.224953e+01 5.266266e+01 5.093218e+01 5.491618e+01 4.508288e+01 3.117313e+01 3.159833e+01 4.740196e+00 5.165998e+00 5.976252e+00 6.205623e+00 6.254024e+00 7.579063e+00 5.628454e+00 5.972239e+00 5.507618e+00 4.661189e+00 3.409718e+00 2.764328e+00 4.054726e+00
<GCONST> 1.140724e+02
<TRANSP> 5
 0.000000e+00 1.000000e+00 0.000000e+00 0.000000e+00 0.000000e+00
 0.000000e+00 6.991268e-01 3.008732e-01 0.000000e+00 0.000000e+00
 0.000000e+00 0.000000e+00 5.140640e-01 4.859360e-01 0.000000e+00
 0.000000e+00 0.000000e+00 0.000000e+00 4.375115e-01 5.624884e-01
 0.000000e+00 0.000000e+00 0.000000e+00 0.000000e+00 0.000000e+00
<ENDHMM>
~h "l"
<BEGINHMM>
<NUMSTATES> 5
<STATE> 2
<MEAN> 25
 8.320994e+00 -1.074789e+00 -3.059746e+00 -3.081498e+00 -1.579898e+00 -2.770836e+00 -2.930803e+00 -2.112985e+00 8.593973e-01 2.143372e+00 -2.012104e+00 -1.807918e+00 2.999892e-02 -4.019256e-01 1.741064e-01 3.082849e-01 -1.922827e-01 -4.262857e-01 -5.401681e-01 2.568917e-01 5.241264e-01 -2.306096e-02 -5.099395e-01 -2.137736e-01 1.684462e-01
<VARIANCE> 25
 3.337893e+01 2.921644e+01 3.705290e+01 5.097332e+01 5.658204e+01 7.937101e+01 5.037026e+01 5.510883e+01 4.856218e+01 6.722139e+01 4.796196e+01 3.389038e+01 6.554523e-01 2.281888e+00 1.993533e+00 3.342025e+00 3.131385e+00 4.415361e+00 3.295018e+00 3.194651e+00 3.808320e+00 3.338868e+00 3.285930e+00 2.546328e+00 8.780014e-01
<GCONST> 1.040127e+02
<STATE> 3
<MEAN> 25
 9.321314e+00 -1.355741e+00 -1.056469e+00 -7.477343e-01 -4.287199e+00 -8.368827e+00 -3.245425e+00 2.317769e+00 2.335056e+00 -1.017223e+00 -4.584880e+00 -1.011981e+00 -1.185213e-01 -6.046606e-02 5.335338e-01 1.324081e-01 -5.116841e-01 -2.484972e-01 8.579649e-03 1.778473e-01 1.503620e-02 -2.744733e-01 -1.057715e-01 2.099408e-01 -3.054313e-03
<VARIANCE> 25
 3.033854e+01 2.932607e+01 3.740200e+01 4.483188e+01 6.120633e+01 1.072470e+02 5.379195e+01 6.963970e+01 5.537872e+01 8.230095e+01 4.099940e+01 2.736183e+01 3.065209e-01 1.226153e+00 1.519601e+00 1.965818e+00 3.162268e+00 3.280825e+00 2.819043e+00 2.511938e+00 2.743318e+00 3.087758e+00 2.392779e+00 1.545753e+00 4.429454e-01
<GCONST> 9.967047e+01
<STATE> 4
<MEAN> 25
 8.954754e+00 -2.487559e+00 1.158984e-01 -3.725082e+00 -4.274032e+00 -4.534203e+00 -5.216829e+00 -2.635278e+00 1.943461e+00 1.480653e+00 -3.511479e+00 -7.335924e-01 -1.253899e-01 1.263507e-01 2.430358e-01 -8.484868e-03 -2.538002e-02 8.867254e-02 1.180289e-01 7.725351e-02 -1.712639e-01 -1.182912e-01 1.325236e-01 2.813151e-02 -1.255405e-01
<VARIANCE> 25
 2.227831e+01 2.840206e+01 3.398289e+01 5.271226e+01 7.216927e+01 5.980537e+01 5.550092e+01 5.084817e+01 4.247432e+01 7.673513e+01 4.175032e+01 2.923405e+01 2.811801e-01 9.253733e-01 1.140226e+00 1.385536e+00 1.586296e+00 2.070849e+00 1.843057e+00 2.068364e+00 1.724888e+00 2.077875e+00 1.609547e+00 1.168790e+00 3.794532e-01
<GCONST> 9.397730e+01
<TRANSP> 5
 0.000000e+00 1.000000e+00 0.000000e+00 0.000000e+00 0.000000e+00
 0.000000e+00 2.570574e-01 7.429426e-01 0.000000e+00 0.000000e+00
 0.000000e+00 0.000000e+00 4.089946e-01 5.910055e-01 0.000000e+00
 0.000000e+00 0.000000e+00 0.000000e+00 6.197224e-01 3.802776e-01
 0.000000e+00 0.000000e+00 0.000000e+00 0.000000e+00 0.000000e+00
<ENDHMM>
~h "m"
<BEGINHMM>
<NUMSTATES> 5
<STATE> 2
<MEAN> 25
 5.450214e+00 3.698391e+00 -1.069777e+00 -1.668683e-01 7.441473e-01 7.406351e-02 -1.285890e+00 -4.189150e-01 -5.801709e-01 9.122567e-01 -2.498137e-01 -3.332098e+00 -6.290373e-01 1.499984e+00 8.657451e-01 1.247423e+00 1.225045e+00 1.224885e+00 -3.822576e-01 -9.058551e-01 1.918904e-01 4.276464e-01 -4.472837e-01 -9.942107e-01 -1.158052e+00
<VARIANCE> 25
 5.189835e+01 3.662175e+01 3.528708e+01 4.445961e+01 4.941680e+01 5.876464e+01 3.910955e+01 4.214174e+01 6.931856e+01 3.017065e+01 3.140706e+01 2.827047e+01 4.359894e+00 3.519581e+00 3.806713e+00 5.084311e+00 5.192525e+00 5.397057e+00 3.568124e+00 3.577557e+00 7.171645e+00 3.326860e+00 3.186749e+00 3.521209e+00 3.842343e+00
<GCONST> 1.091802e+02
<STATE> 3
<MEAN> 25
 3.740793e+00 6.163969e+00 1.554075e+00 3.321409e+00 4.691472e+00 2.780996e+00 -3.286134e+00 -2.553434e+00 1.725469e+00 2.323111e+00 -2.223557e+00 -5.732130e+00 3.023815e-01 2.075651e-02 1.529660e-01 1.067380e-01 -1.889369e-02 -8.305283e-02 -1.043974e-01 -3.352959e-01 -2.739756e-01 -4.611021e-02 -6.193509e-02 1.505003e-01 2.961493e-01
<VARIANCE> 25
 2.292793e+01 3.342316e+01 3.325202e+01 4.385279e+01 4.882086e+01 4.224370e+01 5.542653e+01 4.682000e+01 1.171444e+02 3.904832e+01 3.884409e+01 4.701783e+01 4.123776e+00 2.416666e+00 3.674826e+00 4.375841e+00 4.574883e+00 4.621057e+00 3.329235e+00 2.868944e+00 4.520388e+00 2.859279e+00 2.255111e+00 2.985844e+00 2.597572e+00
<GCONST> 1.071102e+02
<STATE> 4
<MEAN> 25
 4.543953e+00 4.188356e+00 1.887217e+00 2.524875e+00 1.030942e+00 1.273585e+00 -1.044924e+00 -5.358946e+00 -6.983016e+00 1.199545e+00 8.750308e-02 -3.558208e+00 4.568992e-01 -4.236037e-01 -6.441817e-01 -9.099952e-01 -4.895697e-01 -2.571339e-01 1.787130e-01 5.351437e-01 2.327409e-01 -1.698832e-01 1.629528e-02 2.555349e-01 5.507379e-01
<VARIANCE> 25
 1.643363e+01 2.506120e+01 2.482948e+01 4.111442e+01 3.091967e+01 2.844168e+01 3.136288e+01 4.082939e+01 1.044858e+02 2.127475e+01 2.756778e+01 2.487444e+01 1.583708e+00 1.681751e+00 2.660281e+00 3.795058e+00 3.126546e+00 3.086586e+00 2.008721e+00 2.607544e+00 3.764074e+00 2.015188e+00 1.699482e+00 1.884016e+00 1.285017e+00
<GCONST> 9.772268e+01
<TRANSP> 5
 0.000000e+00 1.000000e+00 0.000000e+00 0.000000e+00 0.000000e+00
 0.000000e+00 4.291716e-01 5.708284e-01 0.000000e+00 0.000000e+00
 0.000000e+00 0.000000e+00 2.988238e-01 7.011763e-01 0.000000e+00
 0.000000e+00 0.000000e+00 0.000000e+00 6.156300e-01 3.843700e-01
 0.000000e+00 0.000000e+00 0.000000e+00 0.000000e+00 0.000000e+00
<ENDHMM>
~h "n"
<BEGINHMM>
<NUMSTATES> 5
<STATE> 2
<MEAN> 25
 6.895313e+00 -4.439710e-01 -1.646097e+00 1.529013e+00 1.123024e+00 -2.345573e+00 -1.210905e+00 -2.611236e+00 -4.695983e+00 3.872990e-01 -4.902650e-01 -1.286854e+00 -1.156804e+00 2.426076e+00 6.274028e-01 1.128275e+00 1.402956e+00 1.893219e+00 -1.055142e+00 -1.385165e+00 6.766179e-01 -1.862345e-01 -5.679699e-01 -1.151995e+00 -2.195521e+00
<VARIANCE> 25
 2.533844e+01 3.409796e+01 3.972990e+01 3.565057e+01 5.494624e+01 5.626428e+01 4.187788e+01 6.158067e+01 5.126083e+01 3.198286e+01 4.958314e+01 3.090438e+01 1.184424e+00 1.946917e+00 2.334049e+00 3.085402e+00 5.497180e+00 4.801132e+00 4.445235e+00 4.858796e+00 4.971636e+00 3.108146e+00 5.398937e+00 3.062493e+00 1.518521e+00
<GCONST> 1.057090e+02
<STATE> 3
<MEAN> 25
 3.795172e+00 4.469000e+00 6.054071e-01 3.473397e+00 5.417325e+00 3.461353e+00 -6.108606e+00 -7.022487e+00 -4.363098e-01 5.033006e-01 -4.115372e+00 -4.582822e+00 -6.555930e-01 9.326296e-01 7.536679e-01 5.608892e-01 3.507659e-01 5.754132e-01 -1.071777e-01 -2.603548e-01 3.870972e-01 -9.570973e-02 -1.150556e-01 -2.533557e-02 -8.964327e-01
<VARIANCE> 25
 2.021722e+01 2.942965e+01 2.780674e+01 2.708827e+01 7.354675e+01 5.053682e+01 6.193325e+01 6.162907e+01 4.430809e+01 3.126875e+01 3.651950e+01 2.833010e+01 9.337697e-01 1.221244e+00 1.444108e+00 1.580775e+00 2.306038e+00 2.319293e+00 3.430572e+00 3.414088e+00 3.117750e+00 2.017681e+00 2.431027e+00 1.660718e+00 6.106990e-01
<GCONST> 9.743887e+01
<STATE> 4
<MEAN> 25
 -1.441215e+00 4.403481e+00 2.174079e+00 5.718036e+00 2.185393e+00 2.455178e+00 7.553179e-01 -3.028147e+00 -3.780186e-01 -6.759341e-01 -5.220795e-01 3.565083e-01 -2.460574e-01 6.436274e-02 -3.318646e-02 2.162665e-02 3.882403e-02 6.203949e-02 1.327350e-01 1.264203e-01 5.307455e-02 -1.502104e-01 5.970812e-02 1.554849e-01 -2.288118e-01
<VARIANCE> 25
 3.758395e+01 2.296940e+01 2.299457e+01 3.069420e+01 3.891362e+01 3.488882e+01 3.236764e+01 3.581716e+01 3.492601e+01 2.307647e+01 2.438482e+01 2.357020e+01 5.427332e-01 8.292946e-01 9.235889e-01 1.089795e+00 1.282154e+00 1.430279e+00 1.542237e+00 1.914019e+00 1.716321e+00 1.555238e+00 1.403385e+00 1.286733e+00 3.774429e-01
<GCONST> 8.807760e+01
<TRANSP> 5
 0.000000e+00 1.000000e+00 0.000000e+00 0.000000e+00 0.000000e+00
 0.000000e+00 5.017686e-01 4.982314e-01 0.000000e+00 0.000000e+00
 0.000000e+00 0.000000e+00 4.629436e-01 5.370564e-01 0.000000e+00
 0.000000e+00 0.000000e+00 0.000000e+00 8.146837e-01 1.853163e-01
 0.000000e+00 0.000000e+00 0.000000e+00 0.000000e+00 0.000000e+00
<ENDHMM>
~h "o"
<BEGINHMM>
<NUMSTATES> 5
<STATE> 2
<MEAN> 25
 3.215822e+00 1.661216e+00 -1.446735e+00 -2.511347e+00 -2.714820e+00 -1.570359e+00 -7.190524e-01 8.939076e-01 1.631103e+00 -6.379508e-01 -6.366341e-01 1.049363e-01 1.632645e+00 5.590086e-01 -5.790164e-01 -1.193883e+00 -7.150244e-01 -2.819912e-01 2.168407e-01 1.983831e-01 -3.467463e-02 4.253474e-01 -9.377947e-02 -5.853907e-01 1.008233e+00
<VARIANCE> 25
 7.959158e+01 3.566910e+01 3.852256e+01 5.352065e+01 6.658978e+01 1.097946e+02 5.234669e+01 5.953631e+01 4.475993e+01 4.059963e+01 2.988869e+01 2.525034e+01 5.343996e+00 3.643909e+00 3.733583e+00 5.495812e+00 4.537047e+00 8.145542e+00 3.902360e+00 4.201355e+00 4.253486e+00 3.879501e+00 2.558812e+00 2.569750e+00 3.036597e+00
<GCONST> 1.107971e+02
<STATE> 3
<MEAN> 25
 8.240073e+00 2.374050e+00 -2.005726e+00 -5.343900e+00 -5.699556e+00 -4.368526e+00 -1.509187e+00 2.353270e+00 2.965317e+00 -5.672926e-02 -1.898276e+00 -1.246718e+00 1.002024e+00 -2.951765e-01 -7.268533e-01 -1.158382e+00 -9.770080e-03 4.402261e-01 -2.952981e-02 -5.300843e-01 -3.335258e-01 4.634804e-01 2.561122e-01 -2.296280e-01 9.246684e-01
<VARIANCE> 25
 3.429198e+01 4.733935e+01 4.771395e+01 5.909128e+01 7.055685e+01 1.419036e+02 5.617468e+01 6.934554e+01 6.040453e+01 4.837534e+01 3.470334e+01 3.455726e+01 5.276428e+00 3.419803e+00 3.385979e+00 5.310290e+00 4.920434e+00 7.477958e+00 3.912833e+00 4.034214e+00 4.219189e+00 4.292986e+00 2.745219e+00 2.807443e+00 4.486134e+00
<GCONST> 1.124184e+02
<STATE> 4
<MEAN> 25
 7.413909e+00 1.185805e+00 -5.797842e+00 -1.089873e+01 -1.077716e+00 6.389400e+00 7.507387e-01 -2.999159e+00 -1.340238e+00 3.475623e-01 1.169600e+00 8.531699e-02 -2.147998e-01 4.075156e-02 1.497864e-01 4.134605e-01 2.220264e-01 -1.560226e-02 1.790609e-02 -7.254142e-03 3.293282e-02 2.456245e-03 5.008895e-02 4.024382e-02 -2.477961e-01
<VARIANCE> 25
 2.316639e+01 2.439437e+01 2.601927e+01 5.824385e+01 4.161189e+01 5.768966e+01 4.147428e+01 3.170370e+01 3.191732e+01 3.829072e+01 2.416882e+01 2.490953e+01 5.626870e-01 1.117686e+00 1.066193e+00 1.847987e+00 1.489146e+00 1.999472e+00 1.845855e+00 1.467897e+00 1.784577e+00 1.717135e+00 1.416174e+00 1.391282e+00 7.120197e-01
<GCONST> 9.184175e+01
<TRANSP> 5
 0.000000e+00 1.000000e+00 0.000000e+00 0.000000e+00 0.000000e+00
 0.000000e+00 2.552126e-01 7.447875e-01 0.000000e+00 0.000000e+00
 0.000000e+00 0.000000e+00 5.377462e-01 4.622538e-01 0.000000e+00
 0.000000e+00 0.000000e+00 0.000000e+00 8.232310e-01 1.767690e-01
 0.000000e+00 0.000000e+00 0.000000e+00 0.000000e+00 0.000000e+00
<ENDHMM>
~h "p"
<BEGINHMM>
<NUMSTATES> 5
<STATE> 2
<MEAN> 25
 -1.596626e+00 5.350770e+00 -1.980666e+00 -4.175990e-01 1.244571e+00 -6.537919e-02 -2.888920e-01 9.743222e-01 1.604203e+00 1.291082e+00 5.993611e-01 -6.709377e-01 -2.362367e+00 6.264509e-01 2.029533e-01 3.256110e-01 4.920792e-01 9.788906e-01 3.668081e-01 1.785364e-01 5.471612e-01 2.821447e-02 4.728578e-01 4.253091e-01 -2.136843e+00
<VARIANCE> 25
 8.175407e+01 3.284261e+01 2.829711e+01 3.955379e+01 3.857428e+01 4.871596e+01 2.996374e+01 3.383049e+01 3.428389e+01 2.959322e+01 2.394001e+01 2.023823e+01 3.853250e+00 4.226457e+00 2.672438e+00 3.771105e+00 3.047946e+00 4.247804e+00 2.726549e+00 3.117661e+00 3.566065e+00 2.894625e+00 2.487746e+00 2.066358e+00 4.220953e+00
<GCONST> 1.036413e+02
<STATE> 3
<MEAN> 25
 -7.589492e+00 4.283568e+00 -1.541946e+00 1.754776e+00 4.458210e+00 3.892889e+00 1.601378e+00 1.492017e+00 2.771911e+00 2.519934e+00 2.085162e+00 1.001957e+00 1.713753e+00 -1.636135e+00 -2.884866e-01 2.704224e-01 -5.359232e-01 4.487678e-01 9.493804e-02 -3.011752e-01 4.459558e-01 -4.258807e-01 -8.863998e-02 3.267736e-01 1.913472e+00
<VARIANCE> 25
 5.718862e+01 3.473884e+01 2.602955e+01 3.453064e+01 3.444890e+01 3.783748e+01 2.969095e+01 3.141642e+01 3.715976e+01 2.784441e+01 2.282672e+01 1.889358e+01 8.408050e+00 5.424833e+00 3.606311e+00 4.710423e+00 3.539730e+00 4.936932e+00 3.310708e+00 3.393507e+00 3.703338e+00 2.951493e+00 2.170690e+00 2.422114e+00 6.060827e+00
<GCONST> 1.051473e+02
<STATE> 4
<MEAN> 25
 -2.132279e+00 1.174585e+00 -2.423206e+00 2.171787e+00 5.360672e-01 3.388960e+00 1.099995e+00 4.156111e-01 4.195767e+00 -4.407871e-01 1.807743e+00 1.550619e+00 2.644412e+00 -7.736174e-01 -5.032842e-01 -8.980244e-01 -6.878352e-01 -1.415590e+00 -6.512412e-01 -1.498165e-01 -6.205730e-01 5.290647e-02 -5.716619e-01 -7.257116e-01 2.545680e+00
<VARIANCE> 25
 4.388350e+01 3.142647e+01 2.251642e+01 3.470910e+01 2.223381e+01 4.171648e+01 2.778947e+01 2.312675e+01 2.743639e+01 2.252592e+01 2.494727e+01 1.967845e+01 6.558332e+00 4.432253e+00 2.983296e+00 5.108355e+00 4.042716e+00 6.406607e+00 3.384767e+00 3.624723e+00 4.213751e+00 3.384812e+00 2.848567e+00 2.634326e+00 5.479518e+00
<GCONST> 1.039873e+02
<TRANSP> 5
 0.000000e+00 1.000000e+00 0.000000e+00 0.000000e+00 0.000000e+00
 0.000000e+00 6.901512e-01 3.098488e-01 0.000000e+00 0.000000e+00
 0.000000e+00 0.000000e+00 4.071128e-01 5.928871e-01 0.000000e+00
 0.000000e+00 0.000000e+00 0.000000e+00 5.893536e-01 4.106465e-01
 0.000000e+00 0.000000e+00 0.000000e+00 0.000000e+00 0.000000e+00
<ENDHMM>
~h "r"
<BEGINHMM>
<NUMSTATES> 5
<STATE> 2
<MEAN> 25
 7.939969e+00 -4.313088e+00 -1.887070e+00 1.757441e+00 -3.075947e+00 -3.703420e+00 -6.482557e-01 -2.758211e-01 -1.460337e+00 1.012824e-01 1.669711e-01 3.429672e-01 -2.164631e-01 6.132516e-01 1.467562e-01 1.220289e+00 -4.518749e-02 -6.404793e-02 2.518941e-01 -8.029541e-01 -6.130905e-01 -6.322971e-01 7.329757e-01 5.686774e-01 -7.486613e-01
<VARIANCE> 25
 3.382747e+01 3.766071e+01 3.665313e+01 3.543260e+01 4.585885e+01 6.345604e+01 5.065206e+01 5.090564e+01 6.519890e+01 4.951025e+01 3.768255e+01 2.928835e+01 2.805840e+00 4.088151e+00 3.034194e+00 4.578988e+00 4.110242e+00 5.215928e+00 3.773033e+00 4.588747e+00 5.870602e+00 4.347822e+00 3.431515e+00 2.545194e+00 3.440903e+00
<GCONST> 1.088133e+02
<STATE> 3
<MEAN> 25
 8.773720e+00 -2.122579e+00 -2.215392e+00 2.776679e+00 -2.105819e+00 -3.235763e+00 2.668298e+00 -1.982895e+00 -7.427685e+00 -1.986443e+00 3.823511e+00 1.906479e+00 -5.048596e-01 2.977798e-01 6.263126e-01 3.193618e-01 2.043545e-01 5.580741e-01 -1.842379e-01 -7.289515e-01 -3.077788e-02 -4.959814e-03 2.229728e-01 -1.065052e-01 -4.355390e-01
<VARIANCE> 25
 3.435650e+01 2.421121e+01 3.246500e+01 3.511737e+01 4.849929e+01 6.927593e+01 6.131610e+01 6.016566e+01 1.123800e+02 5.398154e+01 4.204325e+01 3.202145e+01 1.861289e+00 2.805164e+00 3.246889e+00 2.898073e+00 3.603727e+00 6.890180e+00 4.142304e+00 4.800464e+00 5.367705e+00 5.095395e+00 3.043771e+00 3.252213e+00 1.657240e+00
<GCONST> 1.081606e+02
<STATE> 4
<MEAN> 25
 5.881522e+00 -2.630702e+00 1.328800e-01 3.334857e+00 -2.135625e+00 -1.992129e+00 -9.596507e-01 -2.996238e+00 -1.931298e+00 -7.904779e-01 1.903579e+00 7.404759e-01 -2.923766e-01 1.779112e-01 3.740612e-01 -3.803233e-01 2.536038e-01 3.627842e-02 -2.469612e-01 2.296294e-01 3.154099e-01 6.844951e-02 -1.608327e-01 -1.649150e-01 -5.448524e-02
<VARIANCE> 25
 2.537995e+01 2.800325e+01 4.287868e+01 3.802681e+01 4.403199e+01 7.617455e+01 4.735695e+01 6.974920e+01 7.087459e+01 4.133955e+01 3.750241e+01 2.830085e+01 1.335635e+00 2.046493e+00 2.196938e+00 2.568604e+00 2.734104e+00 3.640159e+00 2.446596e+00 3.096108e+00 3.711180e+00 2.951706e+00 2.514526e+00 2.237643e+00 1.302720e+00
<GCONST> 1.025248e+02
<TRANSP> 5
 0.000000e+00 1.000000e+00 0.000000e+00 0.000000e+00 0.000000e+00
 0.000000e+00 2.036481e-01 7.963519e-01 0.000000e+00 0.000000e+00
 0.000000e+00 0.000000e+00 3.949187e-01 6.050813e-01 0.000000e+00
 0.000000e+00 0.000000e+00 0.000000e+00 4.523949e-01 5.476052e-01
 0.000000e+00 0.000000e+00 0.000000e+00 0.000000e+00 0.000000e+00
<ENDHMM>
~h "s"
<BEGINHMM>
<NUMSTATES> 5
<STATE> 2
<MEAN> 25
 9.573459e-01 -4.206901e+00 8.848825e+00 1.960015e+00 -2.813241e-01 5.490967e+00 2.386302e+00 -1.214530e+00 2.164241e+00 -1.006283e+00 1.854945e+00 3.552011e+00 -2.117909e+00 -1.497560e+00 2.773591e+00 1.878180e-01 4.131593e-02 1.227956e+00 9.176233e-01 3.317530e-01 1.024169e+00 -7.912196e-01 8.972250e-01 8.868295e-01 7.032240e-01
<VARIANCE> 25
 5.473416e+01 6.824097e+01 1.122955e+02 3.806509e+01 4.952746e+01 9.444694e+01 4.453155e+01 4.976982e+01 2.993756e+01 3.657875e+01 3.150066e+01 2.251660e+01 4.147163e+00 9.280840e+00 9.885895e+00 4.210516e+00 5.347386e+00 6.040419e+00 5.116049e+00 4.775362e+00 4.009167e+00 3.950267e+00 3.307350e+00 2.364475e+00 2.377996e+00
<GCONST> 1.119852e+02
<STATE> 3
<MEAN> 25
 -4.860126e+00 -1.244341e+01 1.720442e+01 1.888453e+00 -1.421364e+00 1.031817e+01 3.614042e+00 -1.063834e+00 4.431850e+00 -3.315465e+00 4.207881e+00 6.087877e+00 -3.694037e-02 1.122312e+00 -1.383370e+00 -5.093221e-02 4.208572e-01 -5.034133e-01 -8.870357e-02 -1.670262e-01 -1.573050e-01 7.444718e-02 -1.094070e-01 -2.280682e-01 -4.446009e-01
<VARIANCE> 25
 3.149561e+01 1.122498e+02 1.201520e+02 3.476978e+01 3.817082e+01 8.873170e+01 3.850940e+01 3.770995e+01 2.837188e+01 2.847741e+01 2.408731e+01 1.869166e+01 5.645354e+00 6.766232e+00 5.689022e+00 2.693305e+00 3.096602e+00 3.168606e+00 3.482536e+00 2.609291e+00 2.494532e+00 2.448251e+00 2.220832e+00 1.676833e+00 1.845557e+00
<GCONST> 1.052673e+02
<STATE> 4
<MEAN> 25
 -7.824067e+00 4.361648e+00 -2.919453e-02 -2.041618e-01 3.513142e+00 -4.613460e+00 3.699740e+00 -1.976951e+00 2.429216e+00 -2.249468e+00 5.073860e-01 1.917599e+00 5.719299e-01 3.984475e-02 -4.052452e-01 -1.515522e-01 -2.269442e-01 -4.093645e-01 -3.530351e-01 -1.856304e-01 -2.492658e-01 9.034630e-02 -3.579046e-01 -2.956026e-01 -2.700137e-02
<VARIANCE> 25
 4.862322e+01 4.076086e+01 4.195303e+01 3.002571e+01 3.429028e+01 5.893217e+01 3.326843e+01 3.436444e+01 2.812815e+01 2.644082e+01 2.317783e+01 1.821268e+01 6.072713e+00 3.819755e+00 4.271051e+00 2.491861e+00 3.219104e+00 3.575161e+00 3.285138e+00 2.867619e+00 2.775049e+00 2.604812e+00 2.507238e+00 1.963762e+00 1.758461e+00
<GCONST> 1.023186e+02
<TRANSP> 5
 0.000000e+00 1.000000e+00 0.000000e+00 0.000000e+00 0.000000e+00
 0.000000e+00 5.865792e-01 4.134208e-01 0.000000e+00 0.000000e+00
 0.000000e+00 0.000000e+00 6.677844e-01 3.322156e-01 0.000000e+00
 0.000000e+00 0.000000e+00 0.000000e+00 7.739885e-01 2.260115e-01
 0.000000e+00 0.000000e+00 0.000000e+00 0.000000e+00 0.000000e+00
<ENDHMM>
~h "t"
<BEGINHMM>
<NUMSTATES> 5
<STATE> 2
<MEAN> 25
 -1.483504e+00 4.125084e+00 1.817307e+00 2.399168e+00 2.114530e+00 6.045828e-01 7.888933e-02 -2.061805e+00 -1.151155e+00 4.215543e-01 3.675365e-01 7.676854e-01 -2.503258e+00 1.085193e+00 -8.421967e-01 2.834463e-01 7.359622e-01 1.009934e+00 6.758091e-01 8.646781e-01 1.050264e+00 -2.591809e-01 7.537546e-01 3.984489e-01 -2.669165e+00
<VARIANCE> 25
 6.398055e+01 3.364046e+01 3.533868e+01 4.714776e+01 5.492708e+01 6.248733e+01 4.155281e+01 5.372158e+01 5.138237e+01 3.077654e+01 3.159637e+01 2.185350e+01 3.604310e+00 4.758340e+00 2.999774e+00 4.365250e+00 4.249897e+00 5.795564e+00 4.456615e+00 4.423769e+00 4.765416e+00 3.250546e+00 3.756018e+00 2.006331e+00 5.725525e+00
<GCONST> 1.088991e+02
<STATE> 3
<MEAN> 25
 -5.787417e+00 8.940867e-01 4.515841e-01 1.081546e+00 1.017079e+00 4.010026e+00 1.089594e+00 -9.204105e-01 2.431540e+00 4.354118e-01 1.926691e+00 1.836403e+00 1.374528e+00 -2.052677e+00 3.085765e-01 -5.468478e-01 -1.745345e+00 5.874891e-01 -5.084771e-02 -4.207914e-01 8.504105e-01 -6.283844e-01 2.158071e-01 6.654775e-01 2.224519e+00
<VARIANCE> 25
 4.940885e+01 6.514465e+01 4.337075e+01 4.377337e+01 5.199750e+01 6.989406e+01 4.089626e+01 4.497666e+01 3.942788e+01 3.112347e+01 2.621038e+01 2.356515e+01 9.081659e+00 7.409768e+00 6.064530e+00 5.757939e+00 6.664021e+00 7.935929e+00 4.510091e+00 5.566393e+00 4.393274e+00 3.718802e+00 3.424442e+00 2.948115e+00 8.972793e+00
<GCONST> 1.130793e+02
<STATE> 4
<MEAN> 25
 -5.315723e+00 8.438051e-01 -1.018925e+00 2.331126e+00 -5.245682e-01 2.026580e+00 2.213708e+00 1.238658e+00 5.193647e+00 -1.487291e+00 3.255072e+00 3.690792e+00 1.060892e+00 -5.997936e-01 3.068541e-02 -8.106278e-01 -2.389534e-01 -9.035187e-01 -5.132145e-01 -1.816159e-01 -3.652619e-01 5.288506e-02 -5.059085e-01 -2.577347e-01 1.570498e+00
<VARIANCE> 25
 3.221111e+01 3.605243e+01 2.755510e+01 4.212107e+01 2.294157e+01 5.234399e+01 2.676464e+01 3.084418e+01 2.696288e+01 1.903825e+01 2.218609e+01 1.614895e+01 4.096408e+00 2.980940e+00 2.146522e+00 4.122943e+00 2.607314e+00 4.778606e+00 3.421405e+00 3.163924e+00 2.884832e+00 2.645635e+00 2.748130e+00 1.803653e+00 6.106476e+00
<GCONST> 1.010195e+02
<TRANSP> 5
 0.000000e+00 1.000000e+00 0.000000e+00 0.000000e+00 0.000000e+00
 0.000000e+00 6.020517e-01 3.979483e-01 0.000000e+00 0.000000e+00
 0.000000e+00 0.000000e+00 4.094243e-01 5.905757e-01 0.000000e+00
 0.000000e+00 0.000000e+00 0.000000e+00 6.987789e-01 3.012212e-01
 0.000000e+00 0.000000e+00 0.000000e+00 0.000000e+00 0.000000e+00
<ENDHMM>
~h "u"
<BEGINHMM>
<NUMSTATES> 5
<STATE> 2
<MEAN> 25
 7.165219e+00 4.527702e+00 4.423597e+00 6.353095e-01 -5.373482e+00 -8.399084e+00 -7.157873e+00 2.322365e+00 3.259202e+00 -5.484997e+00 -3.794809e+00 -1.128785e+00 5.328711e-01 7.084610e-01 -1.949443e-01 -4.292205e-01 -1.010438e-01 -1.756334e-01 -4.928002e-01 -2.270170e-01 -1.604955e-01 4.087674e-01 -1.570239e-02 -3.590223e-01 4.487025e-02
<VARIANCE> 25
 2.879396e+01 5.404990e+01 6.357227e+01 4.869532e+01 7.086606e+01 1.106543e+02 6.040864e+01 8.440370e+01 5.951351e+01 6.421664e+01 5.307487e+01 3.201075e+01 3.549367e+00 3.802865e+00 4.036627e+00 3.749976e+00 5.435132e+00 9.797162e+00 5.738222e+00 6.159029e+00 5.419315e+00 4.582879e+00 3.589801e+00 2.936806e+00 2.340750e+00
<GCONST> 1.138029e+02
<STATE> 3
<MEAN> 25
 6.280902e+00 3.444408e+00 -8.292851e-01 -3.793905e+00 -2.645290e+00 -9.178755e-01 -6.273650e+00 -4.604906e+00 -1.903743e+00 4.225652e-02 1.366495e-01 -1.220059e+00 5.274539e-02 3.590722e-01 -4.767475e-01 -7.578139e-01 2.596032e-01 1.146793e+00 2.013372e-01 -8.246621e-01 -1.121419e+00 4.429532e-01 7.859976e-01 2.283653e-01 -2.309453e-01
<VARIANCE> 25
 3.700454e+01 4.020607e+01 3.537361e+01 5.422374e+01 5.167284e+01 5.535453e+01 5.812136e+01 6.244798e+01 6.229840e+01 5.665229e+01 4.411664e+01 2.698352e+01 2.905726e+00 2.878824e+00 3.076634e+00 3.760676e+00 4.030860e+00 5.218586e+00 4.635077e+00 4.705954e+00 5.407361e+00 4.085924e+00 2.744060e+00 2.579264e+00 2.064553e+00
<GCONST> 1.086959e+02
<STATE> 4
<MEAN> 25
 5.742074e+00 5.618790e+00 -1.953619e+00 -5.523493e+00 -3.100964e+00 3.362304e+00 -3.306053e+00 -6.042459e+00 -4.796931e+00 -1.803356e+00 2.367239e+00 1.156610e+00 -4.151655e-01 -7.675181e-02 2.664740e-02 4.050603e-01 3.462778e-01 1.547800e-01 3.193248e-01 1.905826e-01 2.648322e-01 2.912689e-02 -1.161028e-02 2.903535e-02 -3.677982e-01
<VARIANCE> 25
 2.523981e+01 3.011725e+01 2.664523e+01 5.683170e+01 3.868444e+01 4.044765e+01 4.292539e+01 3.925643e+01 5.312516e+01 4.951123e+01 3.081182e+01 2.339100e+01 8.555816e-01 1.489249e+00 1.386470e+00 2.029876e+00 1.868969e+00 2.343189e+00 2.442022e+00 2.327545e+00 2.566180e+00 2.671086e+00 1.792225e+00 1.661498e+00 7.056466e-01
<GCONST> 9.630229e+01
<TRANSP> 5
 0.000000e+00 1.000000e+00 0.000000e+00 0.000000e+00 0.000000e+00
 0.000000e+00 5.895221e-01 4.104779e-01 0.000000e+00 0.000000e+00
 0.000000e+00 0.000000e+00 3.375025e-01 6.624975e-01 0.000000e+00
 0.000000e+00 0.000000e+00 0.000000e+00 7.583554e-01 2.416445e-01
 0.000000e+00 0.000000e+00 0.000000e+00 0.000000e+00 0.000000e+00
<ENDHMM>
~h "v"
<BEGINHMM>
<NUMSTATES> 5
<STATE> 2
<MEAN> 25
 -4.015337e+00 -2.678228e+00 1.775065e-01 4.305791e+00 3.341596e+00 2.485983e+00 1.610817e+00 -1.689208e+00 -1.768907e+00 6.771915e-01 3.088587e+00 1.460090e+00 -1.096124e+00 -1.081647e+00 -1.356334e-01 -3.350791e-01 -7.504019e-01 5.455348e-01 4.497057e-01 3.945695e-01 8.720967e-01 -1.460434e-01 -4.926713e-02 -4.046631e-02 -4.071667e-01
<VARIANCE> 25
 5.090744e+01 2.332565e+01 1.527725e+01 2.515087e+01 2.886981e+01 6.268441e+01 2.495856e+01 1.695089e+01 2.313235e+01 1.484054e+01 1.547023e+01 1.201169e+01 1.156777e+00 2.546546e+00 1.055596e+00 3.628928e+00 4.068484e+00 4.514369e+00 2.966512e+00 2.989023e+00 3.157867e+00 2.257999e+00 1.972737e+00 1.716495e+00 4.805745e-01
<GCONST> 9.355717e+01
<STATE> 3
<MEAN> 25
 -6.575665e+00 -4.445120e+00 -3.743914e-01 7.520458e-01 1.515527e+00 4.182626e+00 -5.190251e-01 -8.576880e-01 -2.737817e-01 -1.019355e+00 1.525021e+00 1.442461e+00 -3.221786e-02 -5.856237e-02 -1.740247e-01 -1.518543e-01 -8.828717e-02 1.433546e-02 -1.296721e-01 7.409982e-02 1.362607e-01 2.751721e-02 -1.916188e-01 -6.422725e-03 2.437858e-02
<VARIANCE> 25
 2.311900e+01 5.779256e+01 1.147789e+01 1.331512e+01 3.000686e+01 6.172723e+01 1.442994e+01 1.926943e+01 2.286745e+01 1.804009e+01 1.344313e+01 1.251012e+01 5.651714e-01 1.283179e+00 6.857966e-01 9.838371e-01 1.382119e+00 1.800040e+00 1.591580e+00 1.583001e+00 1.339337e+00 1.260594e+00 1.705797e+00 1.084670e+00 2.128542e-01
<GCONST> 8.318568e+01
<STATE> 4
<MEAN> 25
 1.806910e+00 -7.411159e-01 2.257935e+00 1.157880e-03 -5.116567e+00 1.541006e+00 1.023071e+00 -2.602489e+00 -8.244056e-01 2.047332e+00 2.599821e+00 1.181175e+00 1.819713e+00 1.855838e+00 -3.707195e-01 2.239184e-01 1.726372e-01 -1.349323e+00 -1.592757e-01 -1.635320e-01 -6.424703e-01 1.737701e-01 -4.472057e-01 -4.686635e-01 5.536901e-01
<VARIANCE> 25
 4.989636e+01 6.153825e+01 3.490601e+01 3.078942e+01 8.136156e+01 7.390404e+01 3.830058e+01 2.273371e+01 3.463501e+01 2.459283e+01 1.605648e+01 1.357549e+01 5.853313e+00 5.563264e+00 3.809380e+00 4.179057e+00 1.071026e+01 5.526761e+00 3.820194e+00 2.816158e+00 4.641454e+00 2.134479e+00 2.596906e+00 1.259416e+00 3.321625e+00
<GCONST> 1.059449e+02
<TRANSP> 5
 0.000000e+00 1.000000e+00 0.000000e+00 0.000000e+00 0.000000e+00
 0.000000e+00 7.458680e-01 2.541320e-01 0.000000e+00 0.000000e+00
 0.000000e+00 0.000000e+00 8.512049e-01 1.487951e-01 0.000000e+00
 0.000000e+00 0.000000e+00 0.000000e+00 6.998906e-01 3.001094e-01
 0.000000e+00 0.000000e+00 0.000000e+00 0.000000e+00 0.000000e+00
<ENDHMM>
~h "w"
<BEGINHMM>
<NUMSTATES> 5
<STATE> 2
<MEAN> 25
 -1.578234e+01 5.871814e+00 -4.910601e+00 -4.774067e+00 4.278634e+00 -5.167010e-02 2.543938e-01 1.218485e+00 -2.189667e+00 4.109957e+00 1.113812e+00 -2.659041e+00 1.852885e-01 2.387564e-01 2.885872e-02 -5.099601e-02 1.152836e-02 1.030287e-01 1.660394e-01 5.655504e-02 -3.201516e-02 -2.879715e-02 -1.241517e-01 -1.240443e-01 3.248982e-02
<VARIANCE> 25
 1.966914e+02 2.742618e+01 1.667987e+01 2.722845e+01 4.751428e+01 2.994108e+01 2.429900e+01 2.832957e+01 2.013189e+01 1.836106e+01 1.690668e+01 1.632595e+01 2.697494e+00 1.740996e+00 1.029659e+00 1.641933e+00 2.339626e+00 1.687437e+00 1.587174e+00 1.454748e+00 1.582063e+00 1.503138e+00 1.330568e+00 1.515785e+00 1.758000e+00
<GCONST> 9.240000e+01
<STATE> 3
<MEAN> 25
 8.578528e-01 6.000814e+00 -2.857705e+00 -4.392206e+00 8.963557e-02 2.152286e+00 -1.752008e+00 -1.766804e+00 -1.877459e+00 2.053097e-01 -1.792586e-02 -1.494117e+00 3.695808e+00 3.714747e-01 -5.471835e-01 -7.207212e-01 -7.840612e-01 9.346376e-02 -4.138606e-01 -6.755546e-01 3.158014e-01 -3.126723e-01 -7.043113e-01 -6.579042e-01 2.619761e+00
<VARIANCE> 25
 1.331116e+02 3.003978e+01 4.716160e+01 5.393312e+01 6.313136e+01 7.300777e+01 3.599345e+01 4.025978e+01 3.195739e+01 3.520632e+01 2.619813e+01 2.576121e+01 7.612403e+00 3.665133e+00 6.997198e+00 7.230493e+00 8.394511e+00 6.560202e+00 3.593209e+00 4.146037e+00 5.253647e+00 4.144483e+00 2.354265e+00 3.830000e+00 4.437295e+00
<GCONST> 1.120687e+02
<STATE> 4
<MEAN> 25
 9.567661e+00 5.406014e+00 -6.288824e-01 -2.366597e+00 -5.295676e+00 -9.077469e+00 -4.033521e+00 3.756420e+00 3.192351e+00 -1.165923e+00 -2.018976e+00 -2.288272e+00 7.469440e-01 -1.194349e+00 -4.944628e-01 3.507496e-01 3.055775e-01 -6.384532e-01 2.076752e-02 6.868865e-01 3.677880e-01 -3.935481e-01 -5.712850e-01 -3.959880e-01 1.116445e+00
<VARIANCE> 25
 3.390079e+01 4.324553e+01 7.999110e+01 6.931587e+01 1.073641e+02 2.594020e+02 5.327106e+01 1.041457e+02 5.483253e+01 4.595009e+01 3.617601e+01 3.656859e+01 2.166464e+00 3.329295e+00 3.648381e+00 4.204304e+00 5.828568e+00 8.656004e+00 3.999871e+00 4.697225e+00 5.101939e+00 3.985568e+00 2.885772e+00 3.269977e+00 1.905915e+00
<GCONST> 1.131954e+02
<TRANSP> 5
 0.000000e+00 1.000000e+00 0.000000e+00 0.000000e+00 0.000000e+00
 0.000000e+00 7.813761e-01 2.186239e-01 0.000000e+00 0.000000e+00
 0.000000e+00 0.000000e+00 5.673533e-01 4.326467e-01 0.000000e+00
 0.000000e+00 0.000000e+00 0.000000e+00 6.021158e-01 3.978842e-01
 0.000000e+00 0.000000e+00 0.000000e+00 0.000000e+00 0.000000e+00
<ENDHMM>
~h "y"
<BEGINHMM>
<NUMSTATES> 5
<STATE> 2
<MEAN> 25
 3.411794e+00 -1.816236e+00 7.399259e+00 1.509787e+00 -4.679765e+00 -6.202491e+00 -2.728646e+00 -7.039210e-01 -5.032426e+00 1.299537e+00 1.970025e+00 8.384710e-01 9.940043e-01 -8.660848e-01 2.178283e-01 -7.896870e-02 -7.428289e-01 -1.098014e+00 8.685280e-02 5.384628e-01 -2.175960e-01 -2.207822e-02 8.773468e-02 4.650659e-01 1.306731e+00
<VARIANCE> 25
 5.617487e+01 4.730047e+01 6.313866e+01 7.441705e+01 7.152224e+01 4.965931e+01 5.428161e+01 7.408170e+01 5.523648e+01 2.733505e+01 2.645615e+01 2.526114e+01 3.561659e+00 3.656378e+00 4.538136e+00 4.782836e+00 4.008039e+00 3.989966e+00 3.728341e+00 4.441915e+00 3.924222e+00 2.534385e+00 2.120420e+00 2.106140e+00 2.317620e+00
<GCONST> 1.084436e+02
<STATE> 3
<MEAN> 25
 4.958237e+00 -7.851170e+00 5.229693e+00 -2.394768e+00 -6.707998e+00 -9.592364e+00 -3.409413e-02 7.444970e+00 -3.282259e+00 2.027463e-01 -4.995657e-01 1.142268e+00 1.584705e-01 -4.003555e-01 -8.966125e-01 -9.748009e-02 8.200062e-01 4.195207e-01 2.396324e-01 3.475990e-01 5.891094e-01 -1.605731e-02 -8.837289e-01 -4.061126e-01 2.590571e-02
<VARIANCE> 25
 2.412506e+01 2.369789e+01 3.612467e+01 2.793146e+01 3.424799e+01 2.602212e+01 3.901449e+01 6.200493e+01 3.362186e+01 2.561884e+01 4.312129e+01 2.180297e+01 2.296160e-01 7.889938e-01 1.499975e+00 8.785161e-01 1.759483e+00 1.320960e+00 1.227424e+00 2.155954e+00 1.604974e+00 1.091962e+00 1.740242e+00 1.118892e+00 3.375040e-01
<GCONST> 8.792595e+01
<STATE> 4
<MEAN> 25
 -8.251480e-01 -2.606751e-01 -1.656596e+00 4.079222e+00 2.813733e+00 8.083586e-01 3.089268e+00 8.095794e-01 7.748333e-01 -1.761424e+00 -2.523775e+00 1.689301e+00 -5.631852e-02 1.277017e-01 -8.573332e-02 3.397116e-02 1.715186e-01 2.254578e-01 4.242605e-02 -1.163098e-01 4.799528e-02 8.970849e-03 -6.272574e-02 8.685560e-03 -1.713172e-01
<VARIANCE> 25
 5.014397e+01 3.929710e+01 1.761615e+01 3.815415e+01 2.940335e+01 3.352162e+01 3.455021e+01 4.693108e+01 2.728927e+01 2.666959e+01 3.506461e+01 2.966351e+01 1.777997e-01 4.274246e-01 6.553652e-01 8.639464e-01 1.238865e+00 1.267897e+00 1.434375e+00 1.627347e+00 1.583677e+00 1.512110e+00 1.460956e+00 1.186580e+00 1.670336e-01
<GCONST> 8.565215e+01
<TRANSP> 5
 0.000000e+00 1.000000e+00 0.000000e+00 0.000000e+00 0.000000e+00
 0.000000e+00 6.793526e-01 3.206474e-01 0.000000e+00 0.000000e+00
 0.000000e+00 0.000000e+00 8.024346e-01 1.975654e-01 0.000000e+00
 0.000000e+00 0.000000e+00 0.000000e+00 8.618662e-01 1.381338e-01
 0.000000e+00 0.000000e+00 0.000000e+00 0.000000e+00 0.000000e+00
<ENDHMM>
~h "z"
<BEGINHMM>
<NUMSTATES> 5
<STATE> 2
<MEAN> 25
 0.000000e+00 0.000000e+00 0.000000e+00 0.000000e+00 0.000000e+00 0.000000e+00 0.000000e+00 0.000000e+00 0.000000e+00 0.000000e+00 0.000000e+00 0.000000e+00 0.000000e+00 0.000000e+00 0.000000e+00 0.000000e+00 0.000000e+00 0.000000e+00 0.000000e+00 0.000000e+00 0.000000e+00 0.000000e+00 0.000000e+00 0.000000e+00 0.000000e+00
<VARIANCE> 25
 1.000000e+00 1.000000e+00 1.000000e+00 1.000000e+00 1.000000e+00 1.000000e+00 1.000000e+00 1.000000e+00 1.000000e+00 1.000000e+00 1.000000e+00 1.000000e+00 1.000000e+00 1.000000e+00 1.000000e+00 1.000000e+00 1.000000e+00 1.000000e+00 1.000000e+00 1.000000e+00 1.000000e+00 1.000000e+00 1.000000e+00 1.000000e+00 1.000000e+00
<GCONST> 4.594693e+01
<STATE> 3
<MEAN> 25
 0.000000e+00 0.000000e+00 0.000000e+00 0.000000e+00 0.000000e+00 0.000000e+00 0.000000e+00 0.000000e+00 0.000000e+00 0.000000e+00 0.000000e+00 0.000000e+00 0.000000e+00 0.000000e+00 0.000000e+00 0.000000e+00 0.000000e+00 0.000000e+00 0.000000e+00 0.000000e+00 0.000000e+00 0.000000e+00 0.000000e+00 0.000000e+00 0.000000e+00
<VARIANCE> 25
 1.000000e+00 1.000000e+00 1.000000e+00 1.000000e+00 1.000000e+00 1.000000e+00 1.000000e+00 1.000000e+00 1.000000e+00 1.000000e+00 1.000000e+00 1.000000e+00 1.000000e+00 1.000000e+00 1.000000e+00 1.000000e+00 1.000000e+00 1.000000e+00 1.000000e+00 1.000000e+00 1.000000e+00 1.000000e+00 1.000000e+00 1.000000e+00 1.000000e+00
<GCONST> 4.594693e+01
<STATE> 4
<MEAN> 25
 0.000000e+00 0.000000e+00 0.000000e+00 0.000000e+00 0.000000e+00 0.000000e+00 0.000000e+00 0.000000e+00 0.000000e+00 0.000000e+00 0.000000e+00 0.000000e+00 0.000000e+00 0.000000e+00 0.000000e+00 0.000000e+00 0.000000e+00 0.000000e+00 0.000000e+00 0.000000e+00 0.000000e+00 0.000000e+00 0.000000e+00 0.000000e+00 0.000000e+00
<VARIANCE> 25
 1.000000e+00 1.000000e+00 1.000000e+00 1.000000e+00 1.000000e+00 1.000000e+00 1.000000e+00 1.000000e+00 1.000000e+00 1.000000e+00 1.000000e+00 1.000000e+00 1.000000e+00 1.000000e+00 1.000000e+00 1.000000e+00 1.000000e+00 1.000000e+00 1.000000e+00 1.000000e+00 1.000000e+00 1.000000e+00 1.000000e+00 1.000000e+00 1.000000e+00
<GCONST> 4.594693e+01
<TRANSP> 5
 0.000000e+00 1.000000e+00 0.000000e+00 0.000000e+00 0.000000e+00
 0.000000e+00 6.000000e-01 4.000000e-01 0.000000e+00 0.000000e+00
 0.000000e+00 0.000000e+00 6.000000e-01 4.000000e-01 0.000000e+00
 0.000000e+00 0.000000e+00 0.000000e+00 7.000000e-01 3.000000e-01
 0.000000e+00 0.000000e+00 0.000000e+00 0.000000e+00 0.000000e+00
<ENDHMM>
~h "ai"
<BEGINHMM>
<NUMSTATES> 5
<STATE> 2
<MEAN> 25
 0.000000e+00 0.000000e+00 0.000000e+00 0.000000e+00 0.000000e+00 0.000000e+00 0.000000e+00 0.000000e+00 0.000000e+00 0.000000e+00 0.000000e+00 0.000000e+00 0.000000e+00 0.000000e+00 0.000000e+00 0.000000e+00 0.000000e+00 0.000000e+00 0.000000e+00 0.000000e+00 0.000000e+00 0.000000e+00 0.000000e+00 0.000000e+00 0.000000e+00
<VARIANCE> 25
 1.000000e+00 1.000000e+00 1.000000e+00 1.000000e+00 1.000000e+00 1.000000e+00 1.000000e+00 1.000000e+00 1.000000e+00 1.000000e+00 1.000000e+00 1.000000e+00 1.000000e+00 1.000000e+00 1.000000e+00 1.000000e+00 1.000000e+00 1.000000e+00 1.000000e+00 1.000000e+00 1.000000e+00 1.000000e+00 1.000000e+00 1.000000e+00 1.000000e+00
<GCONST> 4.594693e+01
<STATE> 3
<MEAN> 25
 0.000000e+00 0.000000e+00 0.000000e+00 0.000000e+00 0.000000e+00 0.000000e+00 0.000000e+00 0.000000e+00 0.000000e+00 0.000000e+00 0.000000e+00 0.000000e+00 0.000000e+00 0.000000e+00 0.000000e+00 0.000000e+00 0.000000e+00 0.000000e+00 0.000000e+00 0.000000e+00 0.000000e+00 0.000000e+00 0.000000e+00 0.000000e+00 0.000000e+00
<VARIANCE> 25
 1.000000e+00 1.000000e+00 1.000000e+00 1.000000e+00 1.000000e+00 1.000000e+00 1.000000e+00 1.000000e+00 1.000000e+00 1.000000e+00 1.000000e+00 1.000000e+00 1.000000e+00 1.000000e+00 1.000000e+00 1.000000e+00 1.000000e+00 1.000000e+00 1.000000e+00 1.000000e+00 1.000000e+00 1.000000e+00 1.000000e+00 1.000000e+00 1.000000e+00
<GCONST> 4.594693e+01
<STATE> 4
<MEAN> 25
 0.000000e+00 0.000000e+00 0.000000e+00 0.000000e+00 0.000000e+00 0.000000e+00 0.000000e+00 0.000000e+00 0.000000e+00 0.000000e+00 0.000000e+00 0.000000e+00 0.000000e+00 0.000000e+00 0.000000e+00 0.000000e+00 0.000000e+00 0.000000e+00 0.000000e+00 0.000000e+00 0.000000e+00 0.000000e+00 0.000000e+00 0.000000e+00 0.000000e+00
<VARIANCE> 25
 1.000000e+00 1.000000e+00 1.000000e+00 1.000000e+00 1.000000e+00 1.000000e+00 1.000000e+00 1.000000e+00 1.000000e+00 1.000000e+00 1.000000e+00 1.000000e+00 1.000000e+00 1.000000e+00 1.000000e+00 1.000000e+00 1.000000e+00 1.000000e+00 1.000000e+00 1.000000e+00 1.000000e+00 1.000000e+00 1.000000e+00 1.000000e+00 1.000000e+00
<GCONST> 4.594693e+01
<TRANSP> 5
 0.000000e+00 1.000000e+00 0.000000e+00 0.000000e+00 0.000000e+00
 0.000000e+00 6.000000e-01 4.000000e-01 0.000000e+00 0.000000e+00
 0.000000e+00 0.000000e+00 6.000000e-01 4.000000e-01 0.000000e+00
 0.000000e+00 0.000000e+00 0.000000e+00 7.000000e-01 3.000000e-01
 0.000000e+00 0.000000e+00 0.000000e+00 0.000000e+00 0.000000e+00
<ENDHMM>
~h "au"
<BEGINHMM>
<NUMSTATES> 5
<STATE> 2
<MEAN> 25
 -2.539588e+01 1.744905e+01 -4.731426e+00 -8.418178e+00 1.429210e+01 -1.411922e+00 -4.488897e+00 8.455955e+00 -8.255856e-01 9.146326e-01 1.895294e+00 -3.020581e+00 -2.408560e+00 1.026727e+00 -9.313643e-01 -1.553699e+00 6.103784e-01 -8.906713e-01 -7.793989e-01 -3.106127e-01 -4.759393e-01 -1.313679e-01 -9.430680e-01 -8.532722e-01 -2.338927e+00
<VARIANCE> 25
 1.709484e+02 6.656438e+01 1.326737e+01 2.776788e+01 5.560705e+01 1.186154e+01 3.180526e+01 1.220787e+01 7.775646e+00 3.373391e+00 5.696267e+00 2.651098e+01 1.931387e+01 6.022352e+00 1.610381e+00 9.961624e+00 2.915982e+00 2.005271e+00 7.878990e+00 3.471560e-01 6.118207e-01 5.908841e-01 4.735735e-01 9.244775e-01 1.489963e+01
<GCONST> 9.309487e+01
<STATE> 3
<MEAN> 25
 -1.317396e+01 1.006419e+01 -4.458377e+00 -2.058954e+00 9.015350e+00 1.277851e+00 2.702203e+00 6.341724e+00 -6.241339e+00 -1.880178e+00 8.739303e-01 -3.672412e+00 4.225052e+00 -5.469269e+00 -9.644420e-01 2.345608e+00 -1.738588e+00 2.067755e+00 2.545091e+00 -2.164344e+00 -1.876191e+00 -1.091357e+00 1.150115e-01 1.976497e+00 4.385167e+00
<VARIANCE> 25
 6.125663e+01 8.384148e+01 1.725742e+00 3.697113e+01 9.312477e+01 1.416040e+01 5.941545e+01 1.626146e+01 5.847346e+00 6.546062e+00 2.386385e+01 2.298396e+01 1.559793e+01 3.204213e+00 2.028212e+00 3.424210e+00 9.538403e-01 3.315239e+00 1.007048e+01 9.832123e-01 3.730087e+00 2.538860e+00 1.431140e+00 4.947471e+00 1.304542e+01
<GCONST> 9.872399e+01
<STATE> 4
<MEAN> 25
 -4.777393e+00 1.831240e+00 -6.204698e+00 1.143756e+00 3.802885e+00 -2.825930e-01 6.703403e+00 4.741737e+00 -5.442822e+00 -1.314734e+00 1.508651e+00 3.299015e+00 5.831345e-01 -4.812082e-01 2.801520e-01 -1.881381e-02 -6.447896e-01 -3.290212e-01 -1.145087e-01 -9.525692e-02 2.594706e-01 8.699971e-02 -4.441783e-02 1.622388e-01 6.445915e-01
<VARIANCE> 25
 1.020898e+02 6.539404e+01 7.278930e+01 5.948205e+01 6.989982e+01 7.937753e+01 4.037149e+01 3.110740e+01 4.553122e+01 5.676976e+01 1.581048e+01 2.440114e+01 7.863645e+00 9.195941e+00 4.768930e+00 3.620926e+00 5.532504e+00 9.254416e+00 5.519106e+00 2.535670e+00 3.248251e+00 4.167777e+00 1.863086e+00 2.819394e+00 8.815178e+00
<GCONST> 1.128410e+02
<TRANSP> 5
 0.000000e+00 1.000000e+00 0.000000e+00 0.000000e+00 0.000000e+00
 0.000000e+00 6.666691e-01 3.333308e-01 0.000000e+00 0.000000e+00
 0.000000e+00 0.000000e+00 4.000075e-01 5.999925e-01 0.000000e+00
 0.000000e+00 0.000000e+00 0.000000e+00 9.245306e-01 7.546937e-02
 0.000000e+00 0.000000e+00 0.000000e+00 0.000000e+00 0.000000e+00
<ENDHMM>
~h "aw"
<BEGINHMM>
<NUMSTATES> 5
<STATE> 2
<MEAN> 25
 -4.272583e+00 -1.074024e+00 -7.359273e-01 -1.434081e+00 1.700415e+00 2.050857e+00 -1.170594e+00 -3.012850e-01 5.353795e-01 5.898669e-01 9.619157e-01 -3.962867e-01 -2.013546e-02 3.211905e-02 -2.233314e-02 -1.920910e-02 6.038086e-02 1.467757e-01 2.658692e-02 -2.304051e-02 -6.717271e-02 -3.352052e-03 3.348991e-02 5.275732e-02 -8.028848e-02
<VARIANCE> 25
 7.111871e+01 1.951890e+01 1.653631e+01 2.924909e+01 1.809777e+01 1.908571e+01 1.389809e+01 1.724844e+01 2.163718e+01 1.556790e+01 1.938403e+01 3.874509e+01 1.392832e-01 3.013659e-01 4.780716e-01 6.540525e-01 6.816343e-01 1.032978e+00 1.209662e+00 1.219662e+00 1.299511e+00 1.241303e+00 1.141966e+00 1.041088e+00 1.080064e-01
<GCONST> 7.725980e+01
<STATE> 3
<MEAN> 25
 7.182589e+00 2.032279e+00 -5.017804e+00 -1.089380e+01 -2.580291e-01 8.122637e+00 1.458295e+00 -2.495170e+00 -8.466341e-01 1.560633e-01 1.968652e+00 8.815587e-02 -2.309098e-02 4.460931e-01 3.328360e-01 2.509286e-01 -1.682877e-01 6.923598e-02 3.027633e-02 -1.174235e-02 -1.861773e-01 -2.132656e-01 1.056288e-01 3.739725e-01 -3.729802e-01
<VARIANCE> 25
 2.434997e+01 2.296880e+01 2.181361e+01 3.570702e+01 3.713598e+01 3.219723e+01 4.210813e+01 2.480486e+01 2.854325e+01 3.527013e+01 1.731951e+01 2.253386e+01 2.199661e-01 6.705282e-01 9.471247e-01 1.457771e+00 1.309674e+00 1.724144e+00 1.471586e+00 1.395580e+00 1.369162e+00 1.737755e+00 1.111525e+00 1.155973e+00 2.522534e-01
<GCONST> 8.553346e+01
<STATE> 4
<MEAN> 25
 -1.443175e+00 6.722314e+00 -1.434159e+00 4.445800e+00 2.496671e+00 1.912365e+00 1.944117e+00 -8.195360e-01 1.188127e+00 -2.546552e-01 -4.046829e-01 1.774584e+00 -3.017324e-01 5.485755e-02 2.860694e-01 4.754196e-01 1.345978e-01 -2.225650e-01 1.713745e-02 -3.073170e-02 1.020434e-02 6.409243e-02 -7.922290e-02 8.116566e-02 -2.259884e-01
<VARIANCE> 25
 4.736068e+01 2.152989e+01 2.273535e+01 7.041495e+01 4.288363e+01 3.572134e+01 3.051814e+01 3.322297e+01 2.825823e+01 2.664179e+01 2.176114e+01 2.195925e+01 6.446634e-01 6.261709e-01 1.245198e+00 1.535767e+00 1.671769e+00 1.600935e+00 1.552079e+00 1.686397e+00 1.539032e+00 1.412964e+00 1.190383e+00 1.807119e+00 3.321766e-01
<GCONST> 8.943005e+01
<TRANSP> 5
 0.000000e+00 1.000000e+00 0.000000e+00 0.000000e+00 0.000000e+00
 0.000000e+00 9.163842e-01 8.361583e-02 0.000000e+00 0.000000e+00
 0.000000e+00 0.000000e+00 8.375193e-01 1.624807e-01 0.000000e+00
 0.000000e+00 0.000000e+00 0.000000e+00 8.270264e-01 1.729737e-01
 0.000000e+00 0.000000e+00 0.000000e+00 0.000000e+00 0.000000e+00
<ENDHMM>
~h "ay"
<BEGINHMM>
<NUMSTATES> 5
<STATE> 2
<MEAN> 25
 8.980828e+00 -9.128312e+00 6.528924e-01 -7.869022e-01 -1.861204e+00 -2.802604e+00 -4.914567e+00 -6.042546e+00 1.655155e-01 2.557302e+00 -3.389228e-01 1.322246e+00 -3.290808e-01 -7.717834e-02 3.645904e-01 6.042249e-01 2.515027e-01 -3.450939e-01 -2.448109e-01 -9.635362e-02 -4.369881e-01 4.819698e-01 2.246574e-01 -1.747681e-01 -1.662710e-01
<VARIANCE> 25
 1.942190e+01 2.111302e+01 3.462674e+01 5.864274e+01 4.905409e+01 3.457505e+01 8.313196e+01 1.695925e+02 2.986619e+01 3.204984e+01 3.870310e+01 4.093008e+01 8.498886e-01 1.713071e+00 1.319047e+00 2.078133e+00 3.712116e+00 3.289072e+00 3.167397e+00 4.883811e+00 2.950680e+00 2.097210e+00 2.652403e+00 1.908823e+00 1.164019e+00
<GCONST> 1.010225e+02
<STATE> 3
<MEAN> 25
 2.345228e+00 -6.245391e+00 -7.027583e-01 2.177256e+00 4.418447e-01 -2.051651e+00 -1.211650e+00 -3.478094e+00 -2.820720e+00 7.102647e+00 4.298836e+00 -9.339510e-01 -5.654498e-01 9.867562e-02 -7.919833e-02 -4.827680e-01 -5.302206e-01 -4.293308e-02 8.658963e-01 2.058252e-01 -1.102423e+00 -3.851395e-01 5.073368e-01 3.419796e-01 -6.117626e-01
<VARIANCE> 25
 7.961214e+01 4.522619e+01 5.214661e+01 4.750600e+01 6.871456e+01 6.747887e+01 7.499168e+01 1.471129e+02 6.844943e+01 9.020288e+01 3.104259e+01 2.357721e+01 2.041562e+00 3.400118e+00 3.227741e+00 2.916445e+00 2.353750e+00 2.766007e+00 5.310466e+00 8.295141e+00 3.181167e+00 4.167553e+00 1.781874e+00 1.440186e+00 2.309989e+00
<GCONST> 1.092275e+02
<STATE> 4
<MEAN> 25
 -2.961739e+00 -7.412889e+00 -9.336576e+00 -4.493103e+00 -2.962760e+00 4.543870e-01 8.194427e+00 9.989011e-01 -9.582402e+00 7.599849e-02 3.743899e+00 3.946099e-01 -1.686741e-01 6.939156e-01 9.696811e-03 -8.094317e-02 9.465790e-03 8.506916e-02 2.419121e-01 1.668588e-01 -2.593567e-02 -8.094264e-02 -2.062946e-01 1.176450e-02 -4.679215e-01
<VARIANCE> 25
 6.992220e+01 2.999356e+01 1.468031e+02 4.325929e+01 3.946162e+01 6.687931e+01 5.570906e+01 5.359167e+01 2.752871e+01 2.130949e+01 2.173425e+01 1.970517e+01 2.221942e-01 1.173642e+00 8.252814e-01 1.024405e+00 1.591958e+00 1.947596e+00 2.072640e+00 2.228569e+00 1.326077e+00 1.557127e+00 1.409636e+00 1.450368e+00 3.721878e-01
<GCONST> 9.226708e+01
<TRANSP> 5
 0.000000e+00 1.000000e+00 0.000000e+00 0.000000e+00 0.000000e+00
 0.000000e+00 8.236942e-01 1.763059e-01 0.000000e+00 0.000000e+00
 0.000000e+00 0.000000e+00 5.627720e-01 4.372281e-01 0.000000e+00
 0.000000e+00 0.000000e+00 0.000000e+00 7.913143e-01 2.086856e-01
 0.000000e+00 0.000000e+00 0.000000e+00 0.000000e+00 0.000000e+00
<ENDHMM>
~h "eu"
<BEGINHMM>
<NUMSTATES> 5
<STATE> 2
<MEAN> 25
 4.135199e+00 7.199993e-01 -6.007574e-01 -5.339061e-01 4.252400e-01 -1.651150e+00 -2.421293e+00 -9.418135e-01 8.671756e-01 1.150974e+00 -1.214667e+00 -1.264064e+00 1.707364e+00 -7.747672e-01 -6.259587e-01 -7.256143e-01 -1.912421e-01 -1.018670e+00 -7.082418e-01 3.305799e-01 -2.150720e-01 4.720553e-01 -6.794815e-01 -4.240521e-01 1.565416e+00
<VARIANCE> 25
 4.730405e+01 4.107036e+01 4.018218e+01 4.144365e+01 4.791186e+01 5.331742e+01 4.369857e+01 4.498035e+01 4.875360e+01 4.267427e+01 3.578193e+01 2.947310e+01 5.405587e+00 5.801116e+00 4.831284e+00 5.458199e+00 5.806479e+00 6.522266e+00 5.152248e+00 4.951929e+00 6.101312e+00 5.491071e+00 4.049201e+00 3.962399e+00 4.756386e+00
<GCONST> 1.124046e+02
<STATE> 3
<MEAN> 25
 6.467988e+00 -1.722570e+00 -1.366754e+00 -1.921622e+00 -1.493673e-01 -3.216862e+00 -3.064043e+00 6.188585e-02 2.164361e-01 1.771044e+00 -2.160021e+00 -1.484628e+00 8.418825e-01 -8.801126e-01 -3.104018e-01 -3.925944e-01 -1.330761e-01 -5.424534e-01 -2.798989e-01 1.779192e-01 -3.120953e-01 3.979969e-01 -3.357359e-01 -1.435927e-01 9.432204e-01
<VARIANCE> 25
 4.167393e+01 4.445360e+01 4.011554e+01 4.859072e+01 5.655202e+01 6.098430e+01 4.551698e+01 4.511042e+01 4.569376e+01 5.460143e+01 3.620872e+01 3.044022e+01 2.163831e+00 3.445634e+00 3.624062e+00 3.449867e+00 4.131201e+00 4.638570e+00 3.839360e+00 3.578728e+00 4.806229e+00 3.725626e+00 3.065367e+00 2.816044e+00 2.087879e+00
<GCONST> 1.075315e+02
<STATE> 4
<MEAN> 25
 4.688354e+00 -1.776079e+00 -1.895807e+00 -1.291083e+00 1.562709e+00 -1.823335e+00 -2.746187e+00 2.237116e-01 8.384199e-01 2.652092e+00 -1.996964e+00 -1.760090e+00 -6.336105e-02 1.086781e-01 1.593925e-01 3.315689e-01 -2.044234e-03 1.130300e-01 1.638756e-01 -9.959180e-02 -1.709643e-01 -8.861268e-02 9.974809e-02 3.550112e-02 -2.402802e-01
<VARIANCE> 25
 5.124294e+01 3.925777e+01 3.506469e+01 5.177178e+01 4.043395e+01 5.304043e+01 3.475976e+01 3.590180e+01 4.001667e+01 4.426773e+01 3.427813e+01 3.245071e+01 5.661278e-01 1.418066e+00 1.425810e+00 1.451133e+00 1.712922e+00 1.759794e+00 1.632625e+00 1.761382e+00 1.986727e+00 1.763304e+00 1.713239e+00 1.434014e+00 7.669820e-01
<GCONST> 9.490582e+01
<TRANSP> 5
 0.000000e+00 1.000000e+00 0.000000e+00 0.000000e+00 0.000000e+00
 0.000000e+00 2.652904e-01 7.347096e-01 0.000000e+00 0.000000e+00
 0.000000e+00 0.000000e+00 1.057122e-01 8.942879e-01 0.000000e+00
 0.000000e+00 0.000000e+00 0.000000e+00 6.583114e-01 3.416887e-01
 0.000000e+00 0.000000e+00 0.000000e+00 0.000000e+00 0.000000e+00
<ENDHMM>
~h "kh"
<BEGINHMM>
<NUMSTATES> 5
<STATE> 2
<MEAN> 25
 1.929114e+00 -2.580800e+00 1.506052e+00 -6.169408e-01 -7.066150e+00 -4.046603e-01 -1.197667e+01 -1.109715e+01 2.189634e+00 7.547934e+00 -1.036322e+01 -1.089228e+01 -4.061139e-01 5.754624e-01 -8.601402e-02 7.858352e-02 7.277850e-02 2.029941e-01 1.166342e-01 7.896067e-01 -3.338520e-01 3.333827e-02 -1.712733e-01 1.835444e-01 -5.093809e-01
<VARIANCE> 25
 1.341564e+01 4.387941e+01 1.403681e+01 3.087347e+01 5.077396e+01 3.487911e+01 9.186684e+01 3.038020e+02 4.328282e+01 1.856366e+01 7.040600e+01 1.083973e+02 3.615367e-01 1.813689e+00 2.136138e+00 2.744000e+00 4.562580e+00 5.385493e+00 3.720055e+00 4.825580e+00 4.848067e+00 3.401063e+00 3.128656e+00 2.338920e+00 1.800540e+00
<GCONST> 1.045581e+02
<STATE> 3
<MEAN> 25
 2.590024e+00 -6.258036e+00 1.898449e+00 2.841608e+00 -6.469644e-01 3.690582e-01 -3.377606e+00 5.845325e+00 -7.068176e-01 2.874091e+00 -2.654363e+00 8.640229e-01 -6.493702e-01 7.956253e-01 4.666525e-01 1.332290e+00 1.512697e+00 -5.091001e-02 5.777051e-01 -9.039269e-02 -3.024209e-02 -1.497162e+00 1.566270e+00 7.898463e-01 -1.861649e+00
<VARIANCE> 25
 2.175417e+01 2.990275e+01 1.073172e+01 2.570060e+01 4.449009e+01 8.008027e+01 5.999795e+01 1.329489e+02 4.864306e+01 2.542868e+01 3.546209e+01 3.859372e+01 1.550418e+00 1.708357e+00 1.543040e+00 2.861497e+00 2.581128e+00 2.673127e+00 1.775671e+00 4.951265e+00 2.968256e+00 1.192140e+00 3.468299e+00 1.289314e+00 1.852760e+00
<GCONST> 9.949154e+01
<STATE> 4
<MEAN> 25
 -1.630569e+01 5.100051e+00 -1.771664e+00 -2.639510e+00 4.886487e+00 1.409459e+00 1.309292e+00 3.703187e+00 7.444919e-01 9.251148e-01 1.609680e+00 5.240814e-01 -1.262813e-01 3.907377e-01 2.683034e-01 -1.807810e-01 -8.087209e-02 6.722427e-02 3.491068e-02 -1.895384e-01 -1.275972e-01 -2.240626e-01 2.836341e-01 1.331930e-02 9.811450e-02
<VARIANCE> 25
 1.561358e+02 6.377712e+01 5.132974e+01 8.174282e+01 2.632427e+01 4.938720e+01 3.656181e+01 3.873618e+01 2.484500e+01 1.345187e+01 1.714562e+01 1.270648e+01 5.196256e+00 4.998210e+00 3.625826e+00 4.480289e+00 3.693600e+00 5.036242e+00 3.772237e+00 3.586544e+00 1.950793e+00 1.601920e+00 2.372677e+00 1.101383e+00 7.121910e+00
<GCONST> 1.047526e+02
<TRANSP> 5
 0.000000e+00 1.000000e+00 0.000000e+00 0.000000e+00 0.000000e+00
 0.000000e+00 6.715933e-01 3.284067e-01 0.000000e+00 0.000000e+00
 0.000000e+00 0.000000e+00 5.425421e-01 4.574579e-01 0.000000e+00
 0.000000e+00 0.000000e+00 0.000000e+00 8.813007e-01 1.186993e-01
 0.000000e+00 0.000000e+00 0.000000e+00 0.000000e+00 0.000000e+00
<ENDHMM>
~h "ng"
<BEGINHMM>
<NUMSTATES> 5
<STATE> 2
<MEAN> 25
 6.612171e+00 5.218263e-01 -1.716274e+00 -1.851837e+00 -1.895305e+00 -6.807871e-01 -6.892420e-01 1.792306e-02 -7.423958e-01 1.985781e+00 1.490040e-01 -3.536185e+00 -7.239047e-01 1.706438e+00 4.987305e-01 1.128565e+00 3.814860e-01 7.546756e-01 -4.430593e-01 -1.148349e+00 1.638761e-01 4.303073e-01 1.028552e-01 -4.500065e-01 -1.618432e+00
<VARIANCE> 25
 1.860491e+01 3.196843e+01 3.690370e+01 3.700734e+01 6.265120e+01 6.017681e+01 6.268180e+01 5.777463e+01 6.386406e+01 3.873885e+01 3.130984e+01 3.376406e+01 7.786181e-01 1.794792e+00 2.275951e+00 2.572088e+00 4.152219e+00 3.370307e+00 6.566749e+00 3.754697e+00 5.674027e+00 2.972654e+00 3.359605e+00 2.643238e+00 1.159102e+00
<GCONST> 1.038632e+02
<STATE> 3
<MEAN> 25
 4.687975e+00 3.984675e+00 1.327017e+00 1.138739e+00 -1.148015e+00 1.628017e+00 3.856337e-02 -3.860103e+00 -2.338588e+00 1.937619e+00 -5.067351e-01 -2.936593e+00 -3.121364e-01 5.595722e-01 4.843303e-01 4.639216e-01 7.835445e-02 -3.604487e-02 -3.177547e-02 -5.589261e-02 4.770879e-02 -1.690312e-01 -1.622208e-01 5.976143e-02 -4.782999e-01
<VARIANCE> 25
 1.165723e+01 2.413031e+01 2.580240e+01 2.451411e+01 3.717946e+01 4.386369e+01 5.037352e+01 4.191402e+01 7.036024e+01 3.100272e+01 2.457537e+01 2.712534e+01 4.152595e-01 7.857562e-01 1.180070e+00 1.076926e+00 1.459872e+00 1.356750e+00 1.767660e+00 1.613578e+00 1.830014e+00 1.570078e+00 1.460284e+00 1.143982e+00 3.934140e-01
<GCONST> 8.876485e+01
<STATE> 4
<MEAN> 25
 9.573113e-01 6.050568e+00 2.534130e+00 2.915116e+00 1.746526e+00 1.108857e+00 -1.909960e+00 -2.030716e+00 9.413412e-01 4.843388e-01 -1.051606e+00 -1.888555e+00 -8.445311e-01 -2.007309e-01 -1.564790e-02 2.455638e-01 4.352188e-01 1.083578e-01 3.497761e-01 4.146445e-01 8.324996e-02 -2.998589e-01 1.864773e-01 2.831392e-01 -4.263766e-01
<VARIANCE> 25
 2.928227e+01 3.890560e+01 3.071246e+01 3.396381e+01 4.708485e+01 5.019460e+01 7.974398e+01 4.928596e+01 7.035198e+01 4.181729e+01 3.222379e+01 2.750843e+01 1.378601e+00 1.708871e+00 1.880996e+00 1.812929e+00 2.414168e+00 2.842093e+00 3.171834e+00 2.747000e+00 3.225943e+00 2.383145e+00 2.002743e+00 1.826360e+00 1.037668e+00
<GCONST> 1.003012e+02
<TRANSP> 5
 0.000000e+00 1.000000e+00 0.000000e+00 0.000000e+00 0.000000e+00
 0.000000e+00 5.212753e-01 4.787247e-01 0.000000e+00 0.000000e+00
 0.000000e+00 0.000000e+00 6.878242e-01 3.121759e-01 0.000000e+00
 0.000000e+00 0.000000e+00 0.000000e+00 4.968014e-01 5.031985e-01
 0.000000e+00 0.000000e+00 0.000000e+00 0.000000e+00 0.000000e+00
<ENDHMM>
~h "ny"
<BEGINHMM>
<NUMSTATES> 5
<STATE> 2
<MEAN> 25
 4.206942e+00 1.574957e+00 4.299467e+00 4.732866e+00 8.363262e-01 -5.737966e-01 -3.779018e+00 -4.424349e+00 -3.495861e+00 -1.210850e+00 1.838223e+00 4.862482e-02 -9.749372e-03 -3.045514e-01 5.683967e-01 1.205934e-01 -4.743822e-01 -5.559705e-01 -4.205439e-01 2.610574e-02 -4.464704e-01 -3.134194e-01 4.290083e-01 2.906804e-01 3.226263e-01
<VARIANCE> 25
 2.214357e+01 5.049437e+01 4.344747e+01 4.755842e+01 5.577802e+01 6.108819e+01 6.824198e+01 6.228632e+01 5.301430e+01 2.959478e+01 3.575542e+01 2.653217e+01 2.965914e+00 7.771581e+00 3.964535e+00 4.497589e+00 5.126753e+00 6.668308e+00 4.679982e+00 5.521758e+00 5.869980e+00 3.582653e+00 3.948386e+00 3.030946e+00 4.717000e+00
<GCONST> 1.111833e+02
<STATE> 3
<MEAN> 25
 4.821729e+00 -2.922387e+00 6.742415e+00 2.430753e+00 -2.727026e+00 -4.414695e+00 -4.151061e+00 -2.753755e+00 -5.955607e+00 -2.185516e-01 2.390240e+00 1.310896e+00 5.018016e-01 -1.831367e+00 1.241343e-01 -1.164944e+00 -1.124515e+00 -8.931835e-01 1.557047e-01 1.124788e-01 -4.772795e-01 6.727335e-01 -2.132607e-01 5.739409e-01 1.664575e+00
<VARIANCE> 25
 2.234577e+01 2.934040e+01 5.394133e+01 8.105923e+01 4.685520e+01 5.215152e+01 5.795213e+01 7.748947e+01 4.469827e+01 3.547223e+01 3.420222e+01 2.199027e+01 1.530515e+00 2.359465e+00 4.987993e+00 4.454331e+00 3.609198e+00 4.339613e+00 4.943116e+00 6.655045e+00 4.567969e+00 3.402453e+00 2.981847e+00 2.085678e+00 1.366172e+00
<GCONST> 1.065310e+02
<STATE> 4
<MEAN> 25
 7.219619e+00 -8.020856e+00 4.053339e+00 -1.522351e+00 -5.516561e+00 -2.252201e+00 -3.533727e+00 -4.877763e+00 -3.709921e+00 -3.106673e-02 2.128392e+00 3.078569e+00 1.687436e-01 -5.336301e-01 -7.144750e-01 -6.998666e-01 -3.311116e-01 8.095643e-02 5.666216e-01 4.681267e-01 3.533652e-01 -1.351234e-01 -5.604252e-01 1.073012e-01 3.829789e-01
<VARIANCE> 25
 2.225370e+01 2.438420e+01 3.390135e+01 5.006083e+01 4.148047e+01 6.588217e+01 5.989850e+01 1.229497e+02 3.715806e+01 3.186596e+01 3.922174e+01 2.024506e+01 5.159010e-01 1.108085e+00 1.552241e+00 2.261391e+00 2.320924e+00 2.864553e+00 2.658050e+00 2.832644e+00 2.023865e+00 1.942050e+00 1.500283e+00 1.284680e+00 5.919430e-01
<GCONST> 9.636166e+01
<TRANSP> 5
 0.000000e+00 1.000000e+00 0.000000e+00 0.000000e+00 0.000000e+00
 0.000000e+00 5.649943e-01 4.350057e-01 0.000000e+00 0.000000e+00
 0.000000e+00 0.000000e+00 4.842460e-01 5.157540e-01 0.000000e+00
 0.000000e+00 0.000000e+00 0.000000e+00 6.871873e-01 3.128127e-01
 0.000000e+00 0.000000e+00 0.000000e+00 0.000000e+00 0.000000e+00
<ENDHMM>
~h "sp"
<BEGINHMM>
<NUMSTATES> 3
<STATE> 2
~s "silst"
<TRANSP> 3
 0.000000e+00 1.844649e-01 8.155351e-01
 0.000000e+00 9.305707e-01 6.942933e-02
 0.000000e+00 0.000000e+00 0.000000e+00
<ENDHMM>
~h "sy"
<BEGINHMM>
<NUMSTATES> 5
<STATE> 2
<MEAN> 25
 -4.174006e+00 4.708468e+00 2.572657e-01 6.058226e+00 1.107861e+00 -4.143202e+00 1.376530e+00 8.973932e-01 -4.423097e+00 -3.760754e+00 2.567963e+00 3.692003e+00 -3.622974e-01 5.259297e-01 -3.760670e-01 4.395609e-01 1.075255e-01 -9.200938e-02 2.476428e-01 -3.670102e-01 3.438019e-01 1.387368e-01 -3.300461e-02 -1.615158e-01 -4.727085e-01
<VARIANCE> 25
 1.859806e+01 1.999821e+01 8.589094e+00 3.092582e+01 1.069994e+01 1.915363e+01 2.087254e+01 3.138895e+01 2.066532e+01 1.252707e+01 1.778611e+01 1.802896e+01 3.989145e-01 7.088742e-01 5.447370e-01 1.270936e+00 1.302774e+00 1.545739e+00 1.511280e+00 1.698335e+00 1.058412e+00 9.494925e-01 9.824243e-01 3.230316e+00 3.416994e-01
<GCONST> 8.067986e+01
<STATE> 3
<MEAN> 25
 -4.454127e+00 2.104497e+00 -8.316639e+00 8.862597e+00 4.567419e+00 6.132380e+00 5.940417e+00 -6.939058e-01 5.900411e+00 1.188498e-01 -3.790671e+00 5.731367e-01 -2.874545e-01 2.428382e-01 -2.119849e-01 4.750198e-01 7.352149e-02 2.788298e-01 7.745968e-02 -3.994753e-01 2.655900e-02 -8.773573e-02 -1.031604e-01 1.043216e-01 -5.056998e-01
<VARIANCE> 25
 1.215417e+01 3.247108e+01 2.646908e+01 3.350769e+01 9.851661e+00 1.767326e+01 1.630596e+01 4.312922e+01 3.663376e+01 1.600868e+01 9.179778e+00 1.587728e+01 1.367590e-01 3.647311e-01 5.563544e-01 1.127026e+00 1.047786e+00 2.269374e+00 1.705712e+00 1.599844e+00 2.745947e+00 1.370030e+00 6.665658e-01 7.762340e-01 2.555125e-01
<GCONST> 7.949084e+01
<STATE> 4
<MEAN> 25
 -3.878060e+00 5.651415e+00 2.965838e+00 1.646422e+00 -8.829315e-01 -3.260175e+00 3.656635e+00 -5.353802e+00 -1.670086e+00 3.063536e-01 -2.475632e+00 3.090631e+00 2.299986e+00 -1.008782e+00 1.196765e+00 -1.579761e+00 -2.061786e+00 -1.294044e+00 -5.941116e-01 9.517834e-01 -9.831895e-01 5.304548e-01 9.272482e-01 4.139893e-01 7.561063e-01
<VARIANCE> 25
 3.495351e+01 2.216204e+01 4.561528e+01 6.893867e+01 3.618995e+01 9.210118e+01 4.536060e+00 1.826023e+01 6.921082e+01 1.069663e+01 1.698512e+01 1.476890e+01 7.887481e-01 2.251133e+00 2.172982e+00 4.086193e+00 1.840374e+00 2.673576e+00 1.671694e+00 2.209228e+00 1.887753e+00 2.394983e+00 1.930281e+00 1.296967e+00 3.846780e+00
<GCONST> 9.474458e+01
<TRANSP> 5
 0.000000e+00 1.000000e+00 0.000000e+00 0.000000e+00 0.000000e+00
 0.000000e+00 8.412791e-01 1.587209e-01 0.000000e+00 0.000000e+00
 0.000000e+00 0.000000e+00 9.163100e-01 8.369009e-02 0.000000e+00
 0.000000e+00 0.000000e+00 0.000000e+00 7.386169e-01 2.613831e-01
 0.000000e+00 0.000000e+00 0.000000e+00 0.000000e+00 0.000000e+00
<ENDHMM>
~h "sil"
<BEGINHMM>
<NUMSTATES> 5
<STATE> 2
<MEAN> 25
 -9.069917e+00 2.004396e+00 -1.888085e+00 3.570569e+00 2.378791e+00 4.587971e+00 1.638780e+00 1.362623e+00 3.520837e+00 -4.997557e-01 2.901496e+00 2.479488e+00 -4.391466e-02 1.021934e-02 2.762699e-03 6.135106e-04 -9.834049e-03 -5.689695e-03 -1.284079e-02 -1.380282e-02 -1.535275e-02 7.393854e-03 4.219152e-03 9.954241e-03 -4.997470e-02
<VARIANCE> 25
 1.191339e+01 1.729579e+01 1.815141e+01 1.989473e+01 2.057654e+01 1.914804e+01 2.555599e+01 2.323643e+01 3.380192e+01 2.079011e+01 1.809647e+01 1.344416e+01 1.859316e-01 3.231924e-01 5.321553e-01 6.839998e-01 8.604348e-01 1.050007e+00 1.200970e+00 1.270073e+00 1.368168e+00 1.337634e+00 1.263762e+00 1.177470e+00 1.212325e-01
<GCONST> 7.696642e+01
<STATE> 3
~s "silst"
<STATE> 4
<MEAN> 25
 -1.545518e+01 4.648090e+00 -6.420176e+00 -4.548522e+00 2.665274e+00 9.547924e-01 2.251864e+00 2.991101e+00 -6.243742e-01 1.577571e+00 -2.441580e-01 -1.262446e+00 -1.187803e-02 3.113127e-02 7.970872e-02 4.163886e-02 2.643755e-02 -1.841622e-02 -1.127711e-02 1.446269e-02 -1.603319e-02 3.443377e-02 -1.188172e-02 -5.552864e-02 -9.922254e-03
<VARIANCE> 25
 6.500244e+01 2.244023e+01 2.780461e+01 4.354546e+01 3.031162e+01 2.224065e+01 2.699461e+01 2.359565e+01 2.873014e+01 2.313062e+01 1.488604e+01 1.677436e+01 1.016951e+00 7.608951e-01 7.677082e-01 1.020208e+00 1.177606e+00 1.190575e+00 1.293613e+00 1.201510e+00 1.336066e+00 1.252302e+00 1.085780e+00 1.009453e+00 7.917061e-01
<GCONST> 8.597175e+01
<TRANSP> 5
 0.000000e+00 1.000000e+00 0.000000e+00 0.000000e+00 0.000000e+00
 0.000000e+00 9.098218e-01 3.073020e-02 5.944795e-02 0.000000e+00
 0.000000e+00 0.000000e+00 8.740593e-01 1.259407e-01 0.000000e+00
 0.000000e+00 4.181097e-02 0.000000e+00 7.680364e-01 1.901527e-01
 0.000000e+00 0.000000e+00 0.000000e+00 0.000000e+00 0.000000e+00
<ENDHMM>
