~o
<STREAMINFO> 1 25
<VECSIZE> 25<NULLD><MFCC_D_N_Z_0><DIAGC>
~s "silst"
<MEAN> 25
 -1.018438e+01 3.986600e+00 -4.297322e+00 -7.824429e-01 3.197823e+00 3.888898e+00 3.391244e+00 2.602086e+00 1.832786e+00 9.745575e-01 1.485403e+00 7.147830e-01 -3.157566e-01 4.209454e-02 -5.227678e-02 -5.000326e-02 5.848940e-02 -1.784438e-03 3.039636e-02 7.019186e-02 5.611962e-03 1.002842e-02 4.993820e-02 1.845822e-02 -2.652724e-01
<VARIANCE> 25
 8.488686e+01 4.047747e+01 3.905824e+01 6.390624e+01 4.754005e+01 3.756778e+01 4.248943e+01 3.306330e+01 4.290434e+01 3.258244e+01 2.392953e+01 2.400341e+01 3.531308e+00 2.167562e+00 2.056594e+00 2.674062e+00 2.704530e+00 2.473952e+00 2.637660e+00 2.185294e+00 2.491679e+00 2.170773e+00 1.825043e+00 1.795726e+00 2.633138e+00
<GCONST> 1.014784e+02
~h "a"
<BEGINHMM>
<NUMSTATES> 5
<STATE> 2
<MEAN> 25
 6.581830e+00 -3.692264e+00 -3.040977e+00 -3.041104e+00 -1.453559e+00 -2.970139e+00 8.882798e-02 1.156140e+00 4.116415e-01 1.306519e+00 -1.997995e+00 -1.243126e+00 1.038244e+00 -1.439572e+00 -8.394857e-01 -8.557178e-01 -1.828969e-01 -5.723264e-01 5.603582e-01 7.848551e-01 -3.172214e-02 2.191810e-01 -6.689053e-01 -2.658303e-01 1.532917e+00
<VARIANCE> 25
 4.556746e+01 3.972965e+01 4.029252e+01 4.566273e+01 6.649873e+01 6.733931e+01 5.440675e+01 6.008882e+01 4.780031e+01 4.073164e+01 4.599715e+01 3.385686e+01 2.739479e+00 3.106726e+00 3.236755e+00 4.367799e+00 5.236706e+00 5.737169e+00 4.587183e+00 4.935369e+00 4.670452e+00 3.634442e+00 4.328135e+00 3.406012e+00 2.254659e+00
<GCONST> 1.100376e+02
<STATE> 3
<MEAN> 25
 9.303782e+00 -7.521271e+00 -3.231940e+00 -3.744336e+00 -4.152073e+00 -4.815966e+00 2.466618e+00 2.354154e+00 -1.496789e-01 1.470635e+00 -1.957035e+00 -3.101595e-01 -2.478089e-02 -2.814482e-01 -1.486951e-01 -1.135919e-01 2.284303e-01 3.026334e-01 2.290976e-01 -2.993916e-02 -9.537852e-03 1.038620e-01 -2.291836e-01 -1.694663e-01 1.109714e-01
<VARIANCE> 25
 2.703569e+01 2.416648e+01 3.383112e+01 4.552938e+01 6.089121e+01 5.504346e+01 6.195643e+01 6.309546e+01 4.210769e+01 4.117182e+01 4.531128e+01 3.733286e+01 3.437686e-01 1.136644e+00 1.308667e+00 1.620586e+00 2.349327e+00 2.689453e+00 2.322873e+00 2.518061e+00 2.238712e+00 2.057421e+00 2.053466e+00 1.552233e+00 4.575127e-01
<GCONST> 9.637496e+01
<STATE> 4
<MEAN> 25
 6.166365e+00 -6.804041e+00 -3.531803e+00 -4.692697e+00 2.124570e+00 -1.102093e+00 -4.276784e-01 2.389563e+00 1.143018e+00 2.196295e+00 -5.218567e+00 -3.122995e+00 -1.989111e-01 7.356596e-01 3.081707e-01 5.797138e-01 9.283333e-02 2.013289e-01 -6.928770e-02 -2.569547e-01 -2.809536e-02 -1.299933e-01 3.741586e-01 2.717929e-01 -7.431157e-01
<VARIANCE> 25
 2.153793e+01 2.764588e+01 2.829650e+01 4.483092e+01 4.699650e+01 5.042696e+01 3.641299e+01 4.287655e+01 3.300885e+01 3.003101e+01 4.447171e+01 2.958416e+01 5.274662e-01 1.130006e+00 1.226829e+00 1.523205e+00 1.777203e+00 2.065266e+00 1.802719e+00 1.943224e+00 1.839508e+00 1.586319e+00 1.801277e+00 1.422292e+00 6.233832e-01
<GCONST> 9.288762e+01
<TRANSP> 5
 0.000000e+00 1.000000e+00 0.000000e+00 0.000000e+00 0.000000e+00
 0.000000e+00 4.748214e-01 5.251786e-01 0.000000e+00 0.000000e+00
 0.000000e+00 0.000000e+00 5.692566e-01 4.307434e-01 0.000000e+00
 0.000000e+00 0.000000e+00 0.000000e+00 7.258162e-01 2.741838e-01
 0.000000e+00 0.000000e+00 0.000000e+00 0.000000e+00 0.000000e+00
<ENDHMM>
~h "b"
<BEGINHMM>
<NUMSTATES> 5
<STATE> 2
<MEAN> 25
 3.477393e+00 7.172858e+00 1.138238e+00 2.727281e+00 1.250614e+00 -1.790203e-01 -1.701692e+00 -1.285224e+00 -7.632738e-01 -1.051820e+00 -6.427594e-01 -2.090493e+00 -8.776057e-01 1.931435e+00 7.530312e-01 1.077235e+00 9.959070e-01 1.351414e+00 7.007766e-01 -3.971521e-02 4.962310e-01 -4.970902e-01 -2.050792e-01 -6.741364e-02 -1.526614e+00
<VARIANCE> 25
 4.528738e+01 4.363606e+01 2.814960e+01 3.915978e+01 3.909823e+01 5.778972e+01 3.644205e+01 5.298943e+01 4.233069e+01 4.001643e+01 2.753554e+01 2.595197e+01 3.405553e+00 3.685228e+00 3.456233e+00 3.564249e+00 3.291004e+00 5.187819e+00 3.156813e+00 4.006551e+00 3.540814e+00 4.394073e+00 2.610885e+00 2.012648e+00 3.732433e+00
<GCONST> 1.059729e+02
<STATE> 3
<MEAN> 25
 5.578678e-01 1.011534e+01 3.390718e+00 6.250795e+00 3.060881e+00 3.321540e+00 2.351819e-01 -2.972896e+00 -1.041851e+00 -3.483085e+00 -5.006117e-01 -1.078309e+00 8.169836e-01 -1.542538e-01 -3.181846e-01 -2.730219e-01 -2.704608e-01 -5.053931e-01 -3.813268e-01 -2.884498e-01 -2.162251e-01 -1.026536e-01 1.006829e-01 1.039012e-01 7.432307e-01
<VARIANCE> 25
 3.039981e+01 2.940521e+01 2.660449e+01 3.568633e+01 3.063651e+01 3.451316e+01 2.801317e+01 4.141711e+01 3.656857e+01 3.839075e+01 2.155185e+01 2.045253e+01 2.577038e+00 2.884745e+00 2.352242e+00 2.220817e+00 2.669958e+00 3.084335e+00 2.396843e+00 3.044555e+00 2.985347e+00 2.621374e+00 2.062483e+00 1.784639e+00 1.417465e+00
<GCONST> 9.841850e+01
<STATE> 4
<MEAN> 25
 5.270167e+00 6.637657e+00 8.908622e-02 1.831558e+00 9.586025e-01 1.876053e-02 -2.527401e+00 -3.349102e+00 -1.441655e+00 -1.204819e+00 3.647704e-01 -9.793328e-01 1.766026e+00 -2.355953e+00 -1.334206e+00 -1.624574e+00 -1.330703e+00 -1.979113e+00 -1.398897e+00 3.781778e-01 1.780494e-02 7.630762e-01 4.445239e-01 -1.038664e-02 2.596712e+00
<VARIANCE> 25
 2.252487e+01 3.892524e+01 2.866082e+01 4.732985e+01 4.059010e+01 5.071714e+01 3.489413e+01 4.884002e+01 3.818589e+01 4.252570e+01 3.670119e+01 2.012113e+01 3.489797e+00 5.144536e+00 4.816348e+00 6.630113e+00 5.855129e+00 7.913935e+00 4.155191e+00 4.930030e+00 6.164977e+00 9.476971e+00 3.880758e+00 4.415726e+00 2.671161e+00
<GCONST> 1.101022e+02
<TRANSP> 5
 0.000000e+00 1.000000e+00 0.000000e+00 0.000000e+00 0.000000e+00
 0.000000e+00 5.201134e-01 4.798866e-01 0.000000e+00 0.000000e+00
 0.000000e+00 0.000000e+00 5.070676e-01 4.929325e-01 0.000000e+00
 0.000000e+00 0.000000e+00 0.000000e+00 3.916253e-01 6.083747e-01
 0.000000e+00 0.000000e+00 0.000000e+00 0.000000e+00 0.000000e+00
<ENDHMM>
~h "c"
<BEGINHMM>
<NUMSTATES> 5
<STATE> 2
<MEAN> 25
 -3.865188e+00 1.767438e+00 8.143561e-01 3.595349e+00 3.655053e+00 2.300300e+00 -1.155823e+00 -4.560039e+00 -1.406475e+00 3.602439e-01 2.705148e+00 1.513488e+00 -2.537843e+00 9.124377e-01 -3.634391e-01 -2.371599e-01 5.931401e-01 6.855878e-02 6.373647e-01 6.717550e-01 5.467760e-01 1.082456e-01 2.168368e-01 3.622405e-02 -1.651976e+00
<VARIANCE> 25
 6.913380e+01 3.998265e+01 3.348550e+01 5.317297e+01 4.453793e+01 5.049278e+01 5.875791e+01 8.542039e+01 5.786396e+01 4.148127e+01 4.037244e+01 2.791269e+01 3.213874e+00 4.556466e+00 3.230608e+00 5.018798e+00 3.881529e+00 5.146766e+00 4.127378e+00 7.523736e+00 4.437252e+00 3.690331e+00 2.986336e+00 1.877510e+00 5.920886e+00
<GCONST> 1.106043e+02
<STATE> 3
<MEAN> 25
 -1.148950e+01 -1.779410e+00 3.277746e+00 2.700143e-01 8.307061e-01 2.008677e+00 1.537553e+00 1.170175e+00 3.431583e+00 -4.596942e-01 2.163245e+00 2.220627e+00 1.051495e+00 -3.015948e+00 1.803988e+00 1.683061e-01 -1.813354e+00 7.151272e-03 -4.233367e-01 2.493856e-01 1.073719e+00 -1.081615e+00 -5.642149e-01 3.657322e-01 2.883094e+00
<VARIANCE> 25
 2.970359e+01 8.204787e+01 4.990061e+01 5.387032e+01 5.940686e+01 6.053811e+01 4.242962e+01 4.198915e+01 4.018613e+01 2.887678e+01 2.765355e+01 2.368190e+01 5.391024e+00 1.108022e+01 5.849999e+00 6.562182e+00 6.508918e+00 6.712811e+00 6.026824e+00 5.098453e+00 6.069299e+00 3.984660e+00 2.907420e+00 2.535747e+00 5.537717e+00
<GCONST> 1.126911e+02
<STATE> 4
<MEAN> 25
 -8.184644e-01 -9.857075e+00 7.837438e+00 5.383754e+00 -5.661001e-01 4.922358e+00 -4.469907e+00 -2.910323e+00 4.807625e+00 -4.356106e+00 6.519928e-01 3.951718e+00 3.699936e+00 1.536859e+00 -1.315587e+00 -1.888520e-01 5.843212e-01 -1.272861e+00 -7.574052e-01 -1.039168e+00 -1.344895e+00 1.376038e-01 -6.819189e-01 -2.285031e-01 1.554241e+00
<VARIANCE> 25
 5.316207e+01 9.708413e+01 5.868124e+01 3.906299e+01 4.773314e+01 6.830674e+01 4.665213e+01 4.211625e+01 4.059917e+01 2.607736e+01 2.702944e+01 2.020140e+01 2.346593e+00 1.280409e+01 7.742145e+00 5.350995e+00 6.389704e+00 1.061091e+01 5.184646e+00 8.802346e+00 7.047897e+00 3.312171e+00 4.302935e+00 3.841304e+00 3.250159e+00
<GCONST> 1.134716e+02
<TRANSP> 5
 0.000000e+00 1.000000e+00 0.000000e+00 0.000000e+00 0.000000e+00
 0.000000e+00 7.421952e-01 2.578048e-01 0.000000e+00 0.000000e+00
 0.000000e+00 0.000000e+00 6.782810e-01 3.217190e-01 0.000000e+00
 0.000000e+00 0.000000e+00 0.000000e+00 6.191961e-01 3.808039e-01
 0.000000e+00 0.000000e+00 0.000000e+00 0.000000e+00 0.000000e+00
<ENDHMM>
~h "d"
<BEGINHMM>
<NUMSTATES> 5
<STATE> 2
<MEAN> 25
 2.977462e+00 4.654675e+00 8.968171e-01 5.374089e+00 4.801763e+00 7.558708e-01 -2.167009e+00 -2.400859e+00 -2.738312e+00 -3.028605e+00 -1.065833e+00 3.215671e-01 -5.012437e-01 1.102190e+00 5.417669e-01 1.181914e+00 5.991054e-01 6.075792e-01 3.507051e-01 1.371422e-01 1.671567e-01 -8.108750e-01 -1.680549e-01 -1.470161e-01 -8.833038e-01
<VARIANCE> 25
 5.207141e+01 4.891202e+01 4.975835e+01 3.917797e+01 7.295357e+01 8.196569e+01 4.359764e+01 4.057222e+01 4.771471e+01 3.768503e+01 3.519767e+01 2.386808e+01 5.113284e+00 6.458321e+00 3.383377e+00 4.051710e+00 4.331975e+00 1.021508e+01 4.651483e+00 4.575840e+00 4.403007e+00 3.956800e+00 3.309490e+00 2.567462e+00 6.730987e+00
<GCONST> 1.116343e+02
<STATE> 3
<MEAN> 25
 3.601201e+00 2.904966e+00 1.979929e+00 7.073756e+00 2.471551e+00 -2.366409e+00 -2.347561e+00 -1.933206e+00 -2.427531e+00 -5.496710e+00 -1.741645e+00 1.043278e+00 1.360931e+00 -2.304641e+00 9.536070e-02 -9.362742e-01 -1.549314e+00 -2.481522e+00 -7.903757e-01 -8.504172e-02 -8.692759e-01 3.549418e-01 7.714510e-01 6.172447e-01 2.686349e+00
<VARIANCE> 25
 3.843190e+01 4.985765e+01 3.976565e+01 4.723708e+01 5.858513e+01 4.794585e+01 3.406187e+01 3.255206e+01 4.830553e+01 3.621891e+01 3.050209e+01 2.221449e+01 3.071448e+00 4.703066e+00 3.319643e+00 5.617623e+00 4.027797e+00 7.138450e+00 4.191564e+00 5.317178e+00 4.559371e+00 4.232749e+00 3.365940e+00 2.538626e+00 3.957782e+00
<GCONST> 1.085203e+02
<STATE> 4
<MEAN> 25
 7.477869e+00 -1.922386e+00 3.649874e+00 3.120020e+00 -2.640234e+00 -7.326532e+00 -5.427228e+00 -2.342585e+00 -2.054999e+00 -2.340621e+00 9.415051e-01 1.912814e+00 3.332588e-01 -1.008020e+00 5.668733e-01 -9.446566e-01 -1.343625e+00 -6.594990e-01 -5.607591e-01 2.277106e-01 2.972175e-01 7.062118e-01 3.432491e-01 -1.543870e-01 1.233208e+00
<VARIANCE> 25
 4.144515e+01 4.762392e+01 5.149018e+01 5.051136e+01 7.253493e+01 7.807787e+01 4.576852e+01 6.805119e+01 7.737219e+01 3.861182e+01 3.762405e+01 2.963334e+01 1.410505e+00 2.871433e+00 3.505273e+00 3.435785e+00 4.103735e+00 4.891594e+00 3.866246e+00 5.360600e+00 4.840220e+00 3.053246e+00 3.007077e+00 2.506736e+00 2.287056e+00
<GCONST> 1.085610e+02
<TRANSP> 5
 0.000000e+00 1.000000e+00 0.000000e+00 0.000000e+00 0.000000e+00
 0.000000e+00 5.916151e-01 4.083849e-01 0.000000e+00 0.000000e+00
 0.000000e+00 0.000000e+00 4.656194e-01 5.343806e-01 0.000000e+00
 0.000000e+00 0.000000e+00 0.000000e+00 4.090550e-01 5.909450e-01
 0.000000e+00 0.000000e+00 0.000000e+00 0.000000e+00 0.000000e+00
<ENDHMM>
~h "e"
<BEGINHMM>
<NUMSTATES> 5
<STATE> 2
<MEAN> 25
 5.512974e+00 -3.008998e+00 1.094640e+00 1.031080e+00 -3.133158e+00 -5.108053e+00 -2.717319e-01 -1.867633e-01 -3.597367e+00 5.015261e-01 1.652631e+00 3.135772e-01 1.780982e+00 -1.338019e+00 3.881125e-01 -4.804683e-01 -1.376225e+00 -1.841741e+00 2.918465e-01 3.998478e-01 -1.822313e+00 5.289152e-01 6.245912e-01 7.675576e-02 2.176286e+00
<VARIANCE> 25
 5.391621e+01 4.268103e+01 4.890896e+01 3.783406e+01 5.574917e+01 7.359154e+01 4.985868e+01 8.481671e+01 5.657727e+01 4.269513e+01 4.232841e+01 2.536827e+01 3.946732e+00 5.304839e+00 5.323074e+00 4.123147e+00 5.227595e+00 7.376658e+00 5.305348e+00 8.812639e+00 5.708738e+00 4.592895e+00 4.057788e+00 2.548156e+00 3.479799e+00
<GCONST> 1.131258e+02
<STATE> 3
<MEAN> 25
 8.976151e+00 -7.314035e+00 7.167659e-01 2.843074e-01 -3.918720e+00 -6.147141e+00 -1.130543e+00 -3.673937e+00 -6.113334e+00 2.932360e+00 4.125576e+00 1.004936e+00 1.327065e-01 -5.306180e-01 3.273780e-01 -8.404101e-02 -4.560753e-01 -1.537034e-01 2.552998e-01 -1.977758e-02 -3.980578e-01 2.620863e-01 3.360144e-01 9.608009e-02 3.984259e-01
<VARIANCE> 25
 2.743108e+01 3.076516e+01 4.796093e+01 4.137473e+01 6.664739e+01 6.094550e+01 6.077464e+01 1.590361e+02 5.636474e+01 4.774759e+01 4.430304e+01 2.810047e+01 6.402718e-01 1.697784e+00 1.910419e+00 2.000975e+00 2.517440e+00 3.027519e+00 3.245056e+00 3.393344e+00 3.122941e+00 2.494656e+00 1.944851e+00 1.753177e+00 8.753512e-01
<GCONST> 1.017891e+02
<STATE> 4
<MEAN> 25
 5.945160e+00 -4.587650e+00 7.275902e+00 -1.736339e-01 -8.705859e+00 -8.377613e+00 1.831077e+00 3.428096e+00 -5.949057e+00 1.393735e+00 2.383314e+00 7.229831e-01 -2.522838e-01 6.486363e-01 9.385034e-02 3.206598e-01 3.685479e-01 3.955998e-01 1.260382e-01 -5.236241e-02 1.213257e-01 -1.315001e-01 -1.256350e-02 -8.342130e-02 -5.976794e-01
<VARIANCE> 25
 2.158558e+01 3.450121e+01 4.407899e+01 3.429853e+01 4.821431e+01 4.556977e+01 4.283901e+01 6.448529e+01 4.533274e+01 3.303418e+01 2.852780e+01 1.649964e+01 3.926002e-01 1.031099e+00 1.092966e+00 1.210128e+00 1.373557e+00 1.511377e+00 1.688277e+00 1.355828e+00 1.626771e+00 1.338316e+00 1.265581e+00 9.627215e-01 5.403788e-01
<GCONST> 9.025948e+01
<TRANSP> 5
 0.000000e+00 1.000000e+00 0.000000e+00 0.000000e+00 0.000000e+00
 0.000000e+00 4.779216e-01 5.220783e-01 0.000000e+00 0.000000e+00
 0.000000e+00 0.000000e+00 4.922681e-01 5.077319e-01 0.000000e+00
 0.000000e+00 0.000000e+00 0.000000e+00 8.036691e-01 1.963309e-01
 0.000000e+00 0.000000e+00 0.000000e+00 0.000000e+00 0.000000e+00
<ENDHMM>
~h "f"
<BEGINHMM>
<NUMSTATES> 5
<STATE> 2
<MEAN> 25
 -5.393981e+00 5.238265e+00 -1.946371e-01 1.491137e+00 6.296204e+00 4.421234e+00 -5.529600e-01 -1.245483e+00 6.168043e-01 2.385898e+00 2.161409e+00 1.098007e+00 -8.117856e-01 -1.019157e+00 2.069860e-01 6.635985e-01 1.993588e-01 8.154804e-01 1.216094e+00 8.980592e-01 1.109782e+00 -8.014383e-01 3.577850e-01 1.000054e+00 -2.700684e-02
<VARIANCE> 25
 2.554081e+02 1.195456e+02 2.498372e+01 5.543204e+01 7.436819e+01 4.374041e+01 3.991878e+01 4.331580e+01 3.115734e+01 2.441007e+01 2.228379e+01 1.523523e+01 7.935190e+00 5.401316e+00 3.716868e+00 2.705403e+00 4.503129e+00 3.200624e+00 2.993857e+00 5.350288e+00 4.099943e+00 2.917843e+00 4.303246e+00 1.588163e+00 5.519598e+00
<GCONST> 1.091310e+02
<STATE> 3
<MEAN> 25
 -2.924427e+00 -3.479663e+00 -2.407171e+00 2.250198e+00 2.967384e+00 2.163005e+00 2.632358e+00 1.510494e-01 3.788948e+00 -1.016770e-01 2.710894e+00 2.800974e+00 -1.305877e+00 -1.414375e+00 -3.111153e-01 -2.281798e-01 -3.674954e-01 -4.321501e-01 7.643152e-02 -2.996583e-01 3.934819e-01 -4.570773e-01 -2.180990e-01 3.537456e-01 5.492926e-03
<VARIANCE> 25
 1.788474e+01 2.517181e+01 1.676626e+01 1.482540e+01 2.468275e+01 4.535998e+01 3.695124e+01 3.287972e+01 3.473411e+01 2.154808e+01 2.205324e+01 1.836817e+01 1.709753e+00 4.393010e+00 1.944395e+00 2.283526e+00 2.406919e+00 2.855074e+00 3.603967e+00 3.637571e+00 2.590309e+00 2.475840e+00 1.648321e+00 1.193151e+00 2.035623e+00
<GCONST> 9.557092e+01
<STATE> 4
<MEAN> 25
 -4.283764e+00 -3.620203e+00 -3.068866e+00 2.594258e+00 1.596971e+00 2.548308e+00 2.425789e+00 -1.020544e+00 2.330857e+00 -1.964506e+00 7.066916e-01 1.033830e+00 5.518358e-01 5.087125e-01 -2.117061e-01 -2.917921e-01 -2.154770e-01 -7.530122e-02 -3.525352e-02 -1.798328e-01 -3.739567e-01 -4.159418e-02 -2.493952e-01 -1.772676e-01 -6.989121e-03
<VARIANCE> 25
 1.088901e+01 5.184042e+01 2.519252e+01 2.875376e+01 2.997198e+01 7.150243e+01 2.841988e+01 1.879877e+01 2.162280e+01 1.679738e+01 1.772153e+01 2.014102e+01 1.792212e+00 3.116832e+00 1.383441e+00 2.080096e+00 1.876158e+00 3.403542e+00 2.177524e+00 2.025242e+00 2.582931e+00 1.906852e+00 1.477078e+00 1.388768e+00 1.156058e+00
<GCONST> 9.316461e+01
<TRANSP> 5
 0.000000e+00 1.000000e+00 0.000000e+00 0.000000e+00 0.000000e+00
 0.000000e+00 4.974467e-01 5.025533e-01 0.000000e+00 0.000000e+00
 0.000000e+00 0.000000e+00 5.752643e-01 4.247357e-01 0.000000e+00
 0.000000e+00 0.000000e+00 0.000000e+00 7.939610e-01 2.060390e-01
 0.000000e+00 0.000000e+00 0.000000e+00 0.000000e+00 0.000000e+00
<ENDHMM>
~h "g"
<BEGINHMM>
<NUMSTATES> 5
<STATE> 2
<MEAN> 25
 9.618447e-01 5.244295e+00 3.731062e+00 4.301494e+00 1.053917e+00 -3.260073e-01 -8.829765e-01 -1.009335e+00 -2.800402e+00 -2.215710e+00 7.389072e-02 -2.303985e+00 -3.396363e-01 5.149069e-01 3.528092e-01 5.671383e-01 4.894749e-01 1.144025e-01 -1.849396e-01 3.144934e-01 4.244757e-01 -1.538832e-01 -4.366085e-02 -2.373773e-01 -3.426583e-01
<VARIANCE> 25
 5.322441e+01 4.613210e+01 3.613890e+01 4.879384e+01 6.160956e+01 6.244613e+01 5.934934e+01 5.910615e+01 5.787326e+01 4.899273e+01 3.319717e+01 2.602527e+01 4.299205e+00 5.499339e+00 3.699776e+00 4.502095e+00 5.673988e+00 5.580150e+00 5.951435e+00 5.609174e+00 5.413329e+00 4.723626e+00 3.017635e+00 3.078764e+00 4.715023e+00
<GCONST> 1.123175e+02
<STATE> 3
<MEAN> 25
 3.292069e+00 3.799073e+00 4.245729e+00 3.369244e+00 -1.138763e+00 -3.991463e+00 -3.803322e+00 1.855526e+00 7.112190e-01 -2.561774e+00 -5.354000e-01 -1.707115e+00 1.450867e+00 -1.985696e+00 8.634397e-02 -6.786654e-01 -1.586101e+00 -1.910357e+00 -6.656690e-01 8.474135e-01 -7.357263e-02 -6.622874e-01 1.771218e-02 6.152228e-01 2.310544e+00
<VARIANCE> 25
 3.327794e+01 7.479562e+01 5.064497e+01 6.101396e+01 9.294804e+01 8.307981e+01 7.788678e+01 7.354259e+01 5.917335e+01 5.396738e+01 3.765151e+01 2.995039e+01 3.092365e+00 5.569196e+00 4.792943e+00 7.028114e+00 9.466052e+00 8.706149e+00 8.632012e+00 6.864419e+00 5.576158e+00 6.170191e+00 3.684961e+00 3.903123e+00 3.082310e+00
<GCONST> 1.166910e+02
<STATE> 4
<MEAN> 25
 6.766401e+00 -7.323418e-01 5.007304e+00 4.052212e-01 -7.010114e+00 -8.389239e+00 -5.175695e+00 2.884491e+00 9.069005e-01 -4.130336e+00 -1.000277e+00 -1.527825e-02 6.118017e-01 -1.156393e+00 -2.936603e-01 -7.568427e-01 -4.621050e-01 -1.836620e-01 -1.956435e-01 -1.874886e-01 -1.220443e-01 5.117502e-01 -2.294430e-02 3.560415e-02 1.185639e+00
<VARIANCE> 25
 3.469762e+01 5.816083e+01 4.246043e+01 6.169293e+01 8.219454e+01 1.033732e+02 6.864220e+01 9.120163e+01 7.082186e+01 6.568606e+01 4.729141e+01 3.587426e+01 1.668491e+00 3.269081e+00 3.809329e+00 3.873199e+00 4.702172e+00 5.056818e+00 4.947045e+00 4.830192e+00 3.716767e+00 2.945524e+00 3.079080e+00 2.554897e+00 2.101289e+00
<GCONST> 1.110271e+02
<TRANSP> 5
 0.000000e+00 1.000000e+00 0.000000e+00 0.000000e+00 0.000000e+00
 0.000000e+00 5.852348e-01 4.147652e-01 0.000000e+00 0.000000e+00
 0.000000e+00 0.000000e+00 4.532739e-01 5.467262e-01 0.000000e+00
 0.000000e+00 0.000000e+00 0.000000e+00 4.222882e-01 5.777118e-01
 0.000000e+00 0.000000e+00 0.000000e+00 0.000000e+00 0.000000e+00
<ENDHMM>
~h "h"
<BEGINHMM>
<NUMSTATES> 5
<STATE> 2
<MEAN> 25
 2.557243e+00 -7.963645e-01 1.730954e+00 1.541826e+00 -7.581231e-01 2.614674e+00 3.541095e+00 1.380328e+00 2.158253e+00 1.157636e+00 6.656429e-01 5.074359e-01 -1.265683e+00 4.092848e-01 -2.047941e-01 2.478783e-01 7.589501e-01 5.395238e-01 4.649490e-01 4.669732e-01 3.162745e-02 -1.073822e-01 4.475588e-01 3.789325e-01 -1.222920e+00
<VARIANCE> 25
 4.666147e+01 5.380341e+01 4.370192e+01 4.497702e+01 6.605970e+01 6.522205e+01 6.920123e+01 5.385958e+01 4.820335e+01 5.031145e+01 4.379714e+01 2.398121e+01 1.702668e+00 2.997099e+00 2.867743e+00 3.361608e+00 3.226013e+00 3.709863e+00 3.698495e+00 3.305164e+00 3.357948e+00 2.986429e+00 2.789272e+00 2.004783e+00 1.472383e+00
<GCONST> 1.059960e+02
<STATE> 3
<MEAN> 25
 -2.524189e+00 -2.281673e-01 -1.543664e+00 1.369906e+00 2.513875e+00 4.725865e+00 5.284791e+00 2.708727e+00 1.273596e+00 -1.935358e+00 -2.738065e-01 1.540046e+00 -7.892944e-01 7.020870e-02 -6.174001e-02 2.088652e-02 1.403433e-01 -2.513373e-02 -3.077537e-01 -2.231302e-01 6.491464e-02 9.345113e-02 2.057427e-01 1.320176e-01 -6.900703e-01
<VARIANCE> 25
 3.514319e+01 4.713100e+01 3.349181e+01 4.433687e+01 5.169649e+01 4.515995e+01 4.874654e+01 4.447417e+01 4.504399e+01 3.910099e+01 3.093681e+01 2.163822e+01 5.957595e-01 1.133381e+00 1.532756e+00 1.746355e+00 1.897413e+00 1.824998e+00 2.252643e+00 2.135457e+00 2.033238e+00 2.052854e+00 1.707905e+00 1.485917e+00 2.815369e-01
<GCONST> 9.457716e+01
<STATE> 4
<MEAN> 25
 -6.372016e+00 5.648545e-01 2.042251e-01 1.841874e+00 2.755748e+00 2.197680e+00 3.491107e-01 -6.587358e-01 1.298304e-01 -4.908646e-01 8.922179e-01 1.548211e+00 -6.418736e-02 3.716389e-02 8.427484e-03 2.693590e-02 4.315492e-02 1.243143e-02 -4.130774e-02 -1.766923e-02 -3.436650e-03 3.220445e-03 -1.185425e-02 -1.029493e-02 -8.228131e-02
<VARIANCE> 25
 3.452522e+01 2.362567e+01 1.451992e+01 2.099696e+01 2.093835e+01 2.047449e+01 2.465154e+01 1.857679e+01 2.085654e+01 1.506376e+01 1.541042e+01 1.400162e+01 1.407544e-01 3.001624e-01 5.468262e-01 6.824340e-01 9.295647e-01 1.091989e+00 1.177815e+00 1.292377e+00 1.314744e+00 1.344924e+00 1.272038e+00 1.167937e+00 6.596571e-02
<GCONST> 7.621500e+01
<TRANSP> 5
 0.000000e+00 1.000000e+00 0.000000e+00 0.000000e+00 0.000000e+00
 0.000000e+00 6.382619e-01 3.617381e-01 0.000000e+00 0.000000e+00
 0.000000e+00 0.000000e+00 7.585908e-01 2.414092e-01 0.000000e+00
 0.000000e+00 0.000000e+00 0.000000e+00 9.017265e-01 9.827352e-02
 0.000000e+00 0.000000e+00 0.000000e+00 0.000000e+00 0.000000e+00
<ENDHMM>
~h "i"
<BEGINHMM>
<NUMSTATES> 5
<STATE> 2
<MEAN> 25
 2.938161e+00 -1.671771e-01 6.874411e+00 4.009448e+00 -1.990402e+00 -4.144192e+00 -3.169876e+00 -2.943097e+00 -4.082458e+00 -1.384319e+00 8.361992e-01 -2.442619e-01 1.306209e+00 -5.707678e-01 1.748235e+00 1.035229e-01 -1.521568e+00 -1.365861e+00 -1.160501e+00 -4.226710e-01 -1.755179e+00 1.193509e-01 1.648361e-01 -4.759749e-01 1.563965e+00
<VARIANCE> 25
 4.155264e+01 4.383494e+01 5.160468e+01 7.721932e+01 9.120966e+01 6.497891e+01 5.506369e+01 6.104845e+01 5.271329e+01 2.912169e+01 2.694847e+01 2.115449e+01 3.675867e+00 4.200031e+00 6.562184e+00 5.858657e+00 7.337895e+00 6.124190e+00 5.824453e+00 5.930297e+00 6.843693e+00 3.319320e+00 3.986449e+00 2.680133e+00 2.917039e+00
<GCONST> 1.125301e+02
<STATE> 3
<MEAN> 25
 5.059528e+00 -5.076481e+00 9.689852e+00 1.078241e+01 1.594411e+00 -6.078394e+00 -1.065252e+01 -6.262070e+00 -2.255049e+00 -1.628630e+00 -1.337276e+00 -3.666753e+00 -7.488843e-02 1.487621e-01 2.957153e-01 -2.481560e-01 -4.548349e-01 1.304183e-01 3.596780e-02 -5.294241e-02 -3.008242e-01 2.366330e-01 1.686089e-01 -4.418109e-02 -6.650236e-02
<VARIANCE> 25
 2.525154e+01 3.986930e+01 4.659850e+01 1.088982e+02 1.120524e+02 5.342316e+01 8.174699e+01 8.632430e+01 7.332283e+01 4.301595e+01 4.344201e+01 3.360463e+01 1.059975e+00 1.866907e+00 3.027212e+00 2.939965e+00 3.379764e+00 3.688870e+00 3.427145e+00 3.662186e+00 3.564928e+00 2.502841e+00 2.259143e+00 1.885316e+00 1.323729e+00
<GCONST> 1.061345e+02
<STATE> 4
<MEAN> 25
 2.290802e+00 1.312774e+00 1.382544e+01 3.298341e-01 -9.044891e+00 -4.569905e+00 -2.834622e+00 -2.350737e+00 -8.836418e+00 -6.976843e-01 2.997901e+00 -9.573863e-01 -1.870307e-01 2.277275e-01 -4.361891e-01 1.832023e-01 4.192973e-01 2.524001e-01 2.951806e-01 1.618222e-02 3.300140e-01 3.645778e-02 -1.821607e-03 1.394838e-01 -4.817709e-01
<VARIANCE> 25
 1.835117e+01 2.564050e+01 5.438283e+01 4.653436e+01 5.472491e+01 4.576202e+01 3.928059e+01 4.148795e+01 4.745553e+01 3.095454e+01 3.132240e+01 2.077765e+01 7.351927e-01 1.474903e+00 2.140452e+00 1.771812e+00 2.481206e+00 2.055218e+00 2.090518e+00 1.965348e+00 2.169448e+00 1.565468e+00 1.429919e+00 1.217369e+00 1.058179e+00
<GCONST> 9.521918e+01
<TRANSP> 5
 0.000000e+00 1.000000e+00 0.000000e+00 0.000000e+00 0.000000e+00
 0.000000e+00 4.687512e-01 5.312489e-01 0.000000e+00 0.000000e+00
 0.000000e+00 0.000000e+00 5.809321e-01 4.190679e-01 0.000000e+00
 0.000000e+00 0.000000e+00 0.000000e+00 7.955283e-01 2.044717e-01
 0.000000e+00 0.000000e+00 0.000000e+00 0.000000e+00 0.000000e+00
<ENDHMM>
~h "j"
<BEGINHMM>
<NUMSTATES> 5
<STATE> 2
<MEAN> 25
 2.133780e+00 2.362274e+00 6.252798e+00 6.167148e+00 8.201718e-01 -1.035082e+00 -2.759469e+00 -3.176322e+00 -3.391557e+00 -2.873478e+00 3.238426e-01 7.416053e-01 -1.426152e+00 1.150339e+00 7.052720e-01 7.986317e-01 6.001701e-01 1.057212e+00 2.169116e-01 3.977439e-01 7.304146e-01 -7.983826e-01 -3.676236e-02 -4.781567e-02 -1.510061e+00
<VARIANCE> 25
 3.903922e+01 5.952286e+01 3.771661e+01 4.617785e+01 6.507061e+01 8.904065e+01 4.585067e+01 6.091394e+01 4.727641e+01 3.917184e+01 3.770105e+01 2.537595e+01 2.001947e+00 7.071288e+00 4.023255e+00 4.439801e+00 4.887949e+00 5.950203e+00 4.122901e+00 5.736680e+00 4.559637e+00 4.323975e+00 2.979216e+00 2.749359e+00 5.057934e+00
<GCONST> 1.109192e+02
<STATE> 3
<MEAN> 25
 -1.404805e+00 -1.093858e+00 7.916492e+00 4.552422e+00 9.210761e-01 -8.341056e-02 -3.053629e+00 -2.181032e+00 9.906511e-01 -4.721865e+00 -1.651893e-01 1.555481e+00 1.331091e+00 -1.144588e+00 3.451220e-01 -6.081470e-01 -6.881986e-01 -1.610265e+00 -9.254768e-01 -7.021691e-01 -8.321410e-01 -7.210853e-02 1.497043e-01 3.754573e-01 2.227777e+00
<VARIANCE> 25
 4.910881e+01 7.505425e+01 4.297595e+01 7.673049e+01 6.212259e+01 5.366999e+01 6.560799e+01 4.927930e+01 4.084423e+01 2.798775e+01 1.905093e+01 2.048287e+01 4.699504e+00 6.200916e+00 5.907681e+00 7.641350e+00 6.721712e+00 5.526519e+00 5.716140e+00 5.248764e+00 6.167474e+00 3.669836e+00 2.609318e+00 2.291913e+00 3.739531e+00
<GCONST> 1.118866e+02
<STATE> 4
<MEAN> 25
 4.695986e+00 7.534705e-01 9.741477e+00 9.201657e-01 -6.306842e+00 -8.177382e+00 -5.073327e+00 -1.464999e-01 -3.178765e+00 -2.887579e+00 1.302984e+00 2.782371e+00 8.328631e-01 -9.232871e-01 -7.865248e-01 -6.034896e-01 -8.140474e-01 -6.213766e-01 -2.939676e-01 6.082551e-01 1.157443e-01 5.380914e-01 2.084863e-02 -5.953772e-02 6.912791e-01
<VARIANCE> 25
 2.232306e+01 5.807822e+01 3.145999e+01 4.010044e+01 4.764547e+01 3.847807e+01 4.023295e+01 4.352634e+01 3.499483e+01 3.005279e+01 2.069540e+01 2.190862e+01 1.618237e+00 2.987976e+00 2.911256e+00 2.681406e+00 5.037429e+00 3.634967e+00 4.967432e+00 3.391524e+00 2.908460e+00 2.121636e+00 2.477764e+00 2.561103e+00 1.178536e+00
<GCONST> 1.015058e+02
<TRANSP> 5
 0.000000e+00 1.000000e+00 0.000000e+00 0.000000e+00 0.000000e+00
 0.000000e+00 6.801666e-01 3.198334e-01 0.000000e+00 0.000000e+00
 0.000000e+00 0.000000e+00 6.921104e-01 3.078896e-01 0.000000e+00
 0.000000e+00 0.000000e+00 0.000000e+00 6.387190e-01 3.612809e-01
 0.000000e+00 0.000000e+00 0.000000e+00 0.000000e+00 0.000000e+00
<ENDHMM>
~h "k"
<BEGINHMM>
<NUMSTATES> 5
<STATE> 2
<MEAN> 25
 -3.767392e+00 1.702212e+00 -1.624789e+00 9.795342e-01 1.688235e+00 3.209162e+00 1.611024e+00 -2.786705e-01 2.074985e+00 4.747820e-01 2.044863e+00 8.133020e-01 -1.250741e+00 2.025298e-02 -2.594381e-01 3.661999e-01 7.065308e-02 4.526158e-01 3.628885e-01 5.375834e-01 5.585622e-01 -3.100984e-01 3.186559e-01 3.925433e-01 -1.156270e+00
<VARIANCE> 25
 5.502814e+01 3.239586e+01 3.967434e+01 4.480896e+01 6.086901e+01 5.707331e+01 4.143817e+01 4.790344e+01 4.838153e+01 3.443185e+01 3.382723e+01 2.620555e+01 3.989252e+00 3.416482e+00 3.904119e+00 4.343151e+00 3.805816e+00 5.133263e+00 4.030529e+00 3.882999e+00 4.361361e+00 3.112460e+00 3.467614e+00 2.414494e+00 4.544972e+00
<GCONST> 1.082805e+02
<STATE> 3
<MEAN> 25
 -4.559453e+00 -2.921077e+00 -1.778450e-01 -1.903715e+00 -4.942657e+00 3.808586e+00 4.704776e+00 4.103505e+00 4.155401e+00 -2.577309e+00 1.072758e-02 2.154558e+00 1.599812e+00 -1.316802e+00 -2.074231e-01 -8.845215e-01 -9.547923e-01 -5.909585e-01 -2.367036e-01 6.351177e-02 1.834418e-01 -2.416573e-01 -4.907787e-01 2.418488e-03 2.135984e+00
<VARIANCE> 25
 4.452010e+01 7.119995e+01 4.978769e+01 5.916480e+01 1.435313e+02 6.452694e+01 6.460307e+01 5.797156e+01 5.936296e+01 4.755755e+01 4.022675e+01 2.762232e+01 8.009892e+00 9.298826e+00 6.871146e+00 7.342102e+00 1.199232e+01 8.577817e+00 7.583759e+00 5.946097e+00 6.399801e+00 7.150863e+00 3.796242e+00 4.152823e+00 7.741904e+00
<GCONST> 1.196187e+02
<STATE> 4
<MEAN> 25
 7.282448e-01 -3.568212e+00 -3.905460e+00 -2.953389e+00 8.915138e-01 -7.620178e-01 -9.771003e-01 9.635921e-01 2.955025e+00 1.617584e+00 -7.248133e-01 -7.479013e-01 2.156698e+00 3.082495e-01 -2.217432e-02 -3.281696e-01 -1.444742e-02 -1.125576e+00 -3.951068e-01 -5.622224e-01 -1.004856e+00 7.093678e-01 -4.936531e-01 -8.149739e-01 1.688937e+00
<VARIANCE> 25
 3.854534e+01 4.964021e+01 7.346726e+01 5.416242e+01 8.926556e+01 6.203341e+01 5.402382e+01 5.003321e+01 5.677174e+01 4.486671e+01 3.181853e+01 3.212131e+01 4.854555e+00 5.323737e+00 6.010872e+00 6.215468e+00 6.253180e+00 7.581373e+00 5.735318e+00 5.976697e+00 5.689666e+00 4.670734e+00 3.436446e+00 2.769769e+00 4.227021e+00
<GCONST> 1.143268e+02
<TRANSP> 5
 0.000000e+00 1.000000e+00 0.000000e+00 0.000000e+00 0.000000e+00
 0.000000e+00 7.036424e-01 2.963575e-01 0.000000e+00 0.000000e+00
 0.000000e+00 0.000000e+00 5.157270e-01 4.842730e-01 0.000000e+00
 0.000000e+00 0.000000e+00 0.000000e+00 4.495299e-01 5.504701e-01
 0.000000e+00 0.000000e+00 0.000000e+00 0.000000e+00 0.000000e+00
<ENDHMM>
~h "l"
<BEGINHMM>
<NUMSTATES> 5
<STATE> 2
<MEAN> 25
 8.337181e+00 -1.085120e+00 -3.089587e+00 -3.007548e+00 -1.655021e+00 -2.751229e+00 -2.813467e+00 -2.126767e+00 8.155140e-01 2.137614e+00 -1.816619e+00 -1.698055e+00 -1.409468e-02 -3.144250e-01 2.426532e-01 3.785217e-01 -1.971461e-01 -4.305186e-01 -4.981105e-01 2.576681e-01 4.799502e-01 -7.849764e-02 -5.225478e-01 -2.054852e-01 1.019197e-01
<VARIANCE> 25
 3.391402e+01 2.891041e+01 3.661364e+01 5.118196e+01 5.625041e+01 8.058494e+01 5.099938e+01 5.522478e+01 4.897729e+01 6.732049e+01 4.725230e+01 3.434262e+01 6.550580e-01 2.219332e+00 1.989124e+00 3.265314e+00 3.114450e+00 4.308804e+00 3.278830e+00 3.111304e+00 3.872378e+00 3.359585e+00 3.313498e+00 2.532945e+00 8.265373e-01
<GCONST> 1.038928e+02
<STATE> 3
<MEAN> 25
 9.261130e+00 -1.266998e+00 -7.271477e-01 -7.144276e-01 -4.499251e+00 -8.358639e+00 -3.095410e+00 2.343462e+00 2.113429e+00 -1.379871e+00 -4.606837e+00 -8.050700e-01 -1.390391e-01 1.975021e-02 5.559135e-01 1.451503e-01 -4.616327e-01 -2.129354e-01 -2.055727e-02 1.664386e-01 1.961914e-03 -3.050616e-01 -1.227272e-01 1.910419e-01 -5.017512e-02
<VARIANCE> 25
 3.095104e+01 2.796719e+01 3.880845e+01 4.361051e+01 6.294096e+01 1.048779e+02 5.434938e+01 6.978387e+01 5.726120e+01 8.107262e+01 4.094692e+01 2.691346e+01 3.179559e-01 1.193321e+00 1.547250e+00 1.880646e+00 3.092053e+00 3.191802e+00 2.823103e+00 2.436815e+00 2.787049e+00 3.029245e+00 2.397349e+00 1.552717e+00 4.407469e-01
<GCONST> 9.957333e+01
<STATE> 4
<MEAN> 25
 8.792420e+00 -2.059206e+00 1.043604e-01 -3.312156e+00 -4.116112e+00 -4.337617e+00 -5.201824e+00 -2.885304e+00 1.919022e+00 1.439340e+00 -3.371733e+00 -8.152083e-01 -1.215461e-01 8.347020e-02 2.304969e-01 -4.398131e-02 -4.087235e-02 7.808050e-02 1.174490e-01 9.780496e-02 -1.273222e-01 -9.894074e-02 1.263347e-01 1.094981e-02 -9.205332e-02
<VARIANCE> 25
 2.346183e+01 2.834161e+01 3.463826e+01 4.944211e+01 6.921837e+01 5.863700e+01 5.559386e+01 5.023407e+01 4.278159e+01 7.658485e+01 4.370346e+01 2.967236e+01 2.903711e-01 9.246069e-01 1.163064e+00 1.442058e+00 1.627304e+00 2.119150e+00 1.833523e+00 2.138223e+00 1.661571e+00 2.130957e+00 1.614902e+00 1.203586e+00 3.897451e-01
<GCONST> 9.419090e+01
<TRANSP> 5
 0.000000e+00 1.000000e+00 0.000000e+00 0.000000e+00 0.000000e+00
 0.000000e+00 2.480480e-01 7.519520e-01 0.000000e+00 0.000000e+00
 0.000000e+00 0.000000e+00 4.124450e-01 5.875549e-01 0.000000e+00
 0.000000e+00 0.000000e+00 0.000000e+00 5.849442e-01 4.150558e-01
 0.000000e+00 0.000000e+00 0.000000e+00 0.000000e+00 0.000000e+00
<ENDHMM>
~h "m"
<BEGINHMM>
<NUMSTATES> 5
<STATE> 2
<MEAN> 25
 5.661758e+00 3.526903e+00 -1.180721e+00 -2.765463e-01 4.939783e-01 -2.152371e-01 -1.301285e+00 -3.566006e-01 -6.335472e-01 8.219261e-01 -2.234651e-01 -3.207149e+00 -7.139982e-01 1.553951e+00 8.956517e-01 1.294479e+00 1.269910e+00 1.251415e+00 -3.859884e-01 -8.742591e-01 2.149375e-01 4.546470e-01 -4.422336e-01 -1.013527e+00 -1.258737e+00
<VARIANCE> 25
 5.133854e+01 3.643162e+01 3.526844e+01 4.415568e+01 4.914249e+01 6.038419e+01 3.939559e+01 4.300715e+01 6.878300e+01 3.069777e+01 3.071737e+01 2.818009e+01 3.868723e+00 3.382473e+00 3.636274e+00 4.795547e+00 5.159082e+00 5.458058e+00 3.496829e+00 3.566352e+00 7.194103e+00 3.327510e+00 3.173302e+00 3.537857e+00 3.520545e+00
<GCONST> 1.088244e+02
<STATE> 3
<MEAN> 25
 3.391119e+00 6.228423e+00 1.804130e+00 3.578167e+00 4.755116e+00 2.825070e+00 -3.166404e+00 -2.360736e+00 1.792130e+00 2.299616e+00 -2.127190e+00 -5.700279e+00 2.552501e-01 1.403612e-01 2.617261e-01 2.115001e-01 1.074153e-01 1.965195e-02 -1.252740e-01 -3.783952e-01 -2.299368e-01 1.364234e-02 -9.022194e-02 4.855102e-02 2.172764e-01
<VARIANCE> 25
 2.423700e+01 3.241194e+01 3.173842e+01 4.279512e+01 4.793925e+01 4.195511e+01 5.537977e+01 4.741156e+01 1.182326e+02 3.925542e+01 3.908733e+01 4.769991e+01 4.123203e+00 2.302131e+00 3.412375e+00 4.031727e+00 4.045416e+00 4.204834e+00 3.254745e+00 2.724956e+00 4.271410e+00 2.632727e+00 2.166939e+00 2.684030e+00 2.422186e+00
<GCONST> 1.062341e+02
<STATE> 4
<MEAN> 25
 4.373353e+00 4.391333e+00 2.082524e+00 2.837013e+00 1.261267e+00 1.336984e+00 -1.142631e+00 -5.393351e+00 -6.798428e+00 1.156164e+00 1.083330e-01 -3.509259e+00 4.710360e-01 -3.883394e-01 -6.413651e-01 -9.106712e-01 -4.819838e-01 -2.463673e-01 1.784641e-01 4.893401e-01 1.974361e-01 -1.650772e-01 1.159305e-02 2.553223e-01 5.445569e-01
<VARIANCE> 25
 1.611138e+01 2.534421e+01 2.361600e+01 3.846216e+01 2.936654e+01 2.824389e+01 3.172721e+01 4.077508e+01 1.064357e+02 2.132917e+01 2.793176e+01 2.579117e+01 1.732370e+00 1.595220e+00 2.635161e+00 3.730297e+00 3.035590e+00 3.165367e+00 1.959475e+00 2.561456e+00 3.595099e+00 2.011362e+00 1.623248e+00 1.892098e+00 1.323432e+00
<GCONST> 9.752258e+01
<TRANSP> 5
 0.000000e+00 1.000000e+00 0.000000e+00 0.000000e+00 0.000000e+00
 0.000000e+00 4.346070e-01 5.653930e-01 0.000000e+00 0.000000e+00
 0.000000e+00 0.000000e+00 2.992112e-01 7.007889e-01 0.000000e+00
 0.000000e+00 0.000000e+00 0.000000e+00 6.077549e-01 3.922451e-01
 0.000000e+00 0.000000e+00 0.000000e+00 0.000000e+00 0.000000e+00
<ENDHMM>
~h "n"
<BEGINHMM>
<NUMSTATES> 5
<STATE> 2
<MEAN> 25
 6.924045e+00 -5.886664e-01 -1.642314e+00 1.508392e+00 9.935477e-01 -2.477418e+00 -1.101563e+00 -2.483934e+00 -4.754577e+00 3.973555e-01 -4.715996e-01 -1.226383e+00 -1.149369e+00 2.429610e+00 6.075544e-01 1.128907e+00 1.391115e+00 1.867717e+00 -1.029244e+00 -1.357174e+00 6.526508e-01 -2.055252e-01 -5.442243e-01 -1.128615e+00 -2.198112e+00
<VARIANCE> 25
 2.548289e+01 3.366404e+01 4.019263e+01 3.584407e+01 5.410689e+01 5.612045e+01 4.183934e+01 6.166032e+01 5.157862e+01 3.207988e+01 4.990936e+01 3.063358e+01 1.178198e+00 1.946219e+00 2.377434e+00 3.108497e+00 5.480132e+00 4.822893e+00 4.422003e+00 4.874887e+00 4.999108e+00 3.083873e+00 5.340198e+00 3.075531e+00 1.528044e+00
<GCONST> 1.057252e+02
<STATE> 3
<MEAN> 25
 3.773854e+00 4.470713e+00 5.613409e-01 3.427444e+00 5.472036e+00 3.417087e+00 -6.030348e+00 -6.890138e+00 -4.597513e-01 4.275613e-01 -4.108983e+00 -4.558185e+00 -6.661199e-01 9.573381e-01 7.577846e-01 5.557182e-01 3.628839e-01 6.095064e-01 -1.439313e-01 -2.854114e-01 4.050354e-01 -7.473985e-02 -1.252389e-01 -4.593385e-02 -9.203447e-01
<VARIANCE> 25
 2.073134e+01 2.919060e+01 2.843106e+01 2.729088e+01 7.279375e+01 5.102513e+01 6.208359e+01 6.284822e+01 4.386308e+01 3.097606e+01 3.666866e+01 2.845398e+01 9.511325e-01 1.240099e+00 1.479727e+00 1.628943e+00 2.366088e+00 2.384104e+00 3.520113e+00 3.507717e+00 3.168720e+00 2.017947e+00 2.523319e+00 1.705685e+00 6.121047e-01
<GCONST> 9.777260e+01
<STATE> 4
<MEAN> 25
 -1.434230e+00 4.391990e+00 2.138881e+00 5.685071e+00 2.217112e+00 2.493505e+00 6.965681e-01 -3.080718e+00 -3.796314e-01 -5.971909e-01 -5.714478e-01 3.396638e-01 -2.388191e-01 9.018449e-02 -1.870521e-02 3.368856e-02 4.249164e-02 7.271037e-02 1.267006e-01 1.057208e-01 5.333488e-02 -1.462730e-01 4.815379e-02 1.448391e-01 -2.385833e-01
<VARIANCE> 25
 3.756631e+01 2.300058e+01 2.293163e+01 3.095353e+01 3.918728e+01 3.527261e+01 3.225593e+01 3.600788e+01 3.471085e+01 2.296202e+01 2.427200e+01 2.358581e+01 4.990951e-01 7.802166e-01 9.014811e-01 1.066700e+00 1.249845e+00 1.389523e+00 1.508025e+00 1.874300e+00 1.674950e+00 1.532148e+00 1.380031e+00 1.264596e+00 3.445911e-01
<GCONST> 8.763596e+01
<TRANSP> 5
 0.000000e+00 1.000000e+00 0.000000e+00 0.000000e+00 0.000000e+00
 0.000000e+00 5.027341e-01 4.972659e-01 0.000000e+00 0.000000e+00
 0.000000e+00 0.000000e+00 4.568122e-01 5.431878e-01 0.000000e+00
 0.000000e+00 0.000000e+00 0.000000e+00 8.124096e-01 1.875904e-01
 0.000000e+00 0.000000e+00 0.000000e+00 0.000000e+00 0.000000e+00
<ENDHMM>
~h "o"
<BEGINHMM>
<NUMSTATES> 5
<STATE> 2
<MEAN> 25
 3.021988e+00 2.102613e+00 -1.463107e+00 -2.477383e+00 -2.376660e+00 -9.406143e-01 -6.242588e-01 8.730177e-01 1.630077e+00 -9.898738e-01 -8.625109e-01 2.385143e-01 2.109941e+00 5.624147e-01 -6.942801e-01 -1.431611e+00 -8.744388e-01 -4.962277e-01 1.274885e-01 2.299909e-01 -1.110934e-01 3.959365e-01 -1.875953e-01 -6.694497e-01 1.382091e+00
<VARIANCE> 25
 7.641862e+01 3.736678e+01 3.879784e+01 5.333614e+01 6.213529e+01 1.053955e+02 5.212548e+01 5.850191e+01 4.534994e+01 3.986826e+01 3.050417e+01 2.586073e+01 5.739578e+00 4.108830e+00 3.938862e+00 6.202145e+00 4.721768e+00 9.168715e+00 3.913764e+00 4.521803e+00 4.541914e+00 4.025615e+00 2.760895e+00 2.723100e+00 3.237065e+00
<GCONST> 1.116150e+02
<STATE> 3
<MEAN> 25
 9.017632e+00 1.960926e+00 -1.769134e+00 -5.414795e+00 -6.481764e+00 -5.705022e+00 -1.920908e+00 2.636714e+00 3.316932e+00 4.710019e-02 -2.104730e+00 -1.362121e+00 7.500685e-01 -3.724060e-01 -6.816400e-01 -1.011841e+00 7.687720e-02 4.858999e-01 -1.625907e-02 -5.452259e-01 -2.970741e-01 5.033198e-01 3.027674e-01 -1.978304e-01 7.532640e-01
<VARIANCE> 25
 2.775102e+01 4.746032e+01 4.815841e+01 5.807384e+01 7.116658e+01 1.504674e+02 5.591078e+01 7.139611e+01 6.070557e+01 4.886573e+01 3.497833e+01 3.349342e+01 4.142620e+00 3.118891e+00 3.266603e+00 4.465391e+00 4.681994e+00 6.967916e+00 3.886928e+00 3.931877e+00 4.115500e+00 4.156606e+00 2.591418e+00 2.666295e+00 3.887805e+00
<GCONST> 1.112791e+02
<STATE> 4
<MEAN> 25
 7.650428e+00 1.082056e+00 -5.797457e+00 -1.113289e+01 -1.207134e+00 6.438910e+00 6.063866e-01 -3.027585e+00 -1.328657e+00 3.992716e-01 1.122641e+00 3.184175e-02 -1.810149e-01 4.872666e-02 1.292179e-01 3.838108e-01 2.091274e-01 -9.625219e-06 3.866104e-02 -6.354821e-03 1.721815e-02 -1.278214e-03 6.580488e-02 3.757808e-02 -2.287920e-01
<VARIANCE> 25
 2.142128e+01 2.425330e+01 2.715158e+01 5.710415e+01 4.242503e+01 5.804870e+01 4.254198e+01 3.148456e+01 3.130521e+01 3.888188e+01 2.409058e+01 2.493509e+01 4.655852e-01 1.088700e+00 1.021432e+00 1.791436e+00 1.479048e+00 1.955733e+00 1.801595e+00 1.447538e+00 1.768847e+00 1.696524e+00 1.367977e+00 1.362046e+00 6.655090e-01
<GCONST> 9.131706e+01
<TRANSP> 5
 0.000000e+00 1.000000e+00 0.000000e+00 0.000000e+00 0.000000e+00
 0.000000e+00 2.930398e-01 7.069603e-01 0.000000e+00 0.000000e+00
 0.000000e+00 0.000000e+00 5.339500e-01 4.660499e-01 0.000000e+00
 0.000000e+00 0.000000e+00 0.000000e+00 8.178427e-01 1.821572e-01
 0.000000e+00 0.000000e+00 0.000000e+00 0.000000e+00 0.000000e+00
<ENDHMM>
~h "p"
<BEGINHMM>
<NUMSTATES> 5
<STATE> 2
<MEAN> 25
 -1.288820e+00 5.180239e+00 -2.006842e+00 -3.724104e-01 1.183382e+00 -8.533051e-02 -3.975975e-01 8.730568e-01 1.640846e+00 1.230779e+00 6.137794e-01 -6.302420e-01 -2.374365e+00 6.490914e-01 2.225349e-01 3.269717e-01 4.870618e-01 9.221730e-01 3.346751e-01 1.690587e-01 5.004959e-01 6.260628e-03 4.510158e-01 4.117173e-01 -2.151716e+00
<VARIANCE> 25
 7.947498e+01 3.329343e+01 2.853812e+01 3.880265e+01 3.791339e+01 4.896494e+01 3.072628e+01 3.412144e+01 3.431784e+01 2.941543e+01 2.420167e+01 2.037819e+01 3.596602e+00 4.089098e+00 2.629387e+00 3.665835e+00 2.958499e+00 4.241752e+00 2.705375e+00 3.066120e+00 3.544164e+00 2.917714e+00 2.460923e+00 2.037436e+00 3.921881e+00
<GCONST> 1.033513e+02
<STATE> 3
<MEAN> 25
 -8.051364e+00 4.395180e+00 -1.692647e+00 2.086993e+00 4.013347e+00 3.964630e+00 1.793813e+00 1.688421e+00 3.151232e+00 2.055286e+00 2.542417e+00 1.232045e+00 1.374306e+00 -1.435193e+00 -2.294841e-01 2.857558e-01 -4.171970e-01 4.811384e-01 1.479739e-01 -2.924236e-01 3.679442e-01 -3.907324e-01 -7.081493e-02 3.368389e-01 1.580130e+00
<VARIANCE> 25
 5.179852e+01 2.960593e+01 2.410805e+01 3.459642e+01 3.342733e+01 3.417331e+01 2.775385e+01 2.932719e+01 3.722808e+01 2.706398e+01 2.309486e+01 1.891553e+01 7.154951e+00 5.079981e+00 3.056301e+00 4.060072e+00 3.106031e+00 4.196350e+00 2.905480e+00 3.033858e+00 3.439350e+00 2.665902e+00 2.044791e+00 2.225469e+00 5.335407e+00
<GCONST> 1.030071e+02
<STATE> 4
<MEAN> 25
 -1.575323e+00 9.182574e-01 -2.222773e+00 2.012802e+00 6.246327e-01 3.414334e+00 9.668524e-01 1.499934e-01 3.842758e+00 -3.574343e-01 1.405911e+00 1.442741e+00 2.999709e+00 -8.643927e-01 -5.673476e-01 -9.899944e-01 -7.761777e-01 -1.545292e+00 -7.298270e-01 -1.595021e-01 -6.099856e-01 6.750239e-02 -6.238711e-01 -7.787249e-01 2.866631e+00
<VARIANCE> 25
 4.090434e+01 3.381720e+01 2.358992e+01 3.436626e+01 2.389770e+01 4.310897e+01 2.822427e+01 2.384028e+01 2.807693e+01 2.326726e+01 2.407829e+01 1.939959e+01 6.530913e+00 4.853398e+00 3.219638e+00 5.452408e+00 4.278664e+00 6.735541e+00 3.593218e+00 3.847252e+00 4.519647e+00 3.588128e+00 2.988224e+00 2.757940e+00 5.376700e+00
<GCONST> 1.048410e+02
<TRANSP> 5
 0.000000e+00 1.000000e+00 0.000000e+00 0.000000e+00 0.000000e+00
 0.000000e+00 7.006481e-01 2.993520e-01 0.000000e+00 0.000000e+00
 0.000000e+00 0.000000e+00 4.595993e-01 5.404008e-01 0.000000e+00
 0.000000e+00 0.000000e+00 0.000000e+00 5.443760e-01 4.556240e-01
 0.000000e+00 0.000000e+00 0.000000e+00 0.000000e+00 0.000000e+00
<ENDHMM>
~h "r"
<BEGINHMM>
<NUMSTATES> 5
<STATE> 2
<MEAN> 25
 8.203587e+00 -4.727577e+00 -2.031768e+00 1.824681e+00 -3.306012e+00 -3.944444e+00 -7.637830e-01 -2.598055e-01 -1.341906e+00 3.427252e-01 -5.850062e-03 1.763497e-01 -3.410667e-01 7.308120e-01 1.718609e-01 1.375840e+00 5.558898e-02 4.246306e-02 2.677360e-01 -8.520350e-01 -5.038114e-01 -6.939404e-01 7.351835e-01 5.732744e-01 -9.411619e-01
<VARIANCE> 25
 3.209402e+01 3.744077e+01 3.515339e+01 3.547193e+01 4.430453e+01 6.131491e+01 4.992740e+01 5.039710e+01 6.415178e+01 4.819387e+01 3.829612e+01 2.948178e+01 2.405032e+00 3.836977e+00 2.889231e+00 4.259605e+00 3.759206e+00 4.735232e+00 3.628193e+00 4.294394e+00 5.537499e+00 3.893203e+00 3.335308e+00 2.410495e+00 3.079727e+00
<GCONST> 1.076077e+02
<STATE> 3
<MEAN> 25
 8.638398e+00 -1.955566e+00 -2.183360e+00 2.879553e+00 -1.916418e+00 -3.032428e+00 2.700548e+00 -2.056679e+00 -7.334307e+00 -2.014226e+00 3.840156e+00 1.953183e+00 -5.826018e-01 3.841126e-01 6.896848e-01 3.187654e-01 3.014216e-01 6.656974e-01 -1.730012e-01 -7.313884e-01 -1.735451e-02 -4.999470e-02 2.155368e-01 -8.336297e-02 -5.162790e-01
<VARIANCE> 25
 3.514846e+01 2.453128e+01 3.187623e+01 3.590987e+01 4.905662e+01 7.065669e+01 6.102119e+01 6.303666e+01 1.137132e+02 5.507730e+01 4.215984e+01 3.253443e+01 1.838301e+00 2.611183e+00 3.131670e+00 2.761039e+00 3.411370e+00 6.650861e+00 4.183028e+00 4.740340e+00 5.400543e+00 4.926394e+00 3.063221e+00 3.251970e+00 1.459944e+00
<GCONST> 1.079143e+02
<STATE> 4
<MEAN> 25
 5.428267e+00 -2.279188e+00 5.759864e-01 3.397354e+00 -1.741251e+00 -1.873455e+00 -9.035802e-01 -2.681125e+00 -1.447564e+00 -1.102585e+00 1.342967e+00 9.124596e-01 -2.246764e-01 1.796430e-01 3.570651e-01 -4.240484e-01 2.052640e-01 1.913179e-03 -2.387900e-01 2.092040e-01 2.174811e-01 1.059302e-01 -1.361170e-01 -1.842145e-01 -8.697592e-03
<VARIANCE> 25
 2.533994e+01 2.861060e+01 4.280655e+01 3.599013e+01 4.242659e+01 7.615105e+01 4.413320e+01 6.659621e+01 6.877358e+01 3.966088e+01 3.496972e+01 2.656972e+01 1.439553e+00 2.132754e+00 2.312155e+00 2.623396e+00 2.759000e+00 3.757077e+00 2.404101e+00 3.200361e+00 3.703331e+00 3.003398e+00 2.551502e+00 2.262689e+00 1.317887e+00
<GCONST> 1.024264e+02
<TRANSP> 5
 0.000000e+00 1.000000e+00 0.000000e+00 0.000000e+00 0.000000e+00
 0.000000e+00 1.914665e-01 8.085335e-01 0.000000e+00 0.000000e+00
 0.000000e+00 0.000000e+00 4.050528e-01 5.949472e-01 0.000000e+00
 0.000000e+00 0.000000e+00 0.000000e+00 4.379876e-01 5.620124e-01
 0.000000e+00 0.000000e+00 0.000000e+00 0.000000e+00 0.000000e+00
<ENDHMM>
~h "s"
<BEGINHMM>
<NUMSTATES> 5
<STATE> 2
<MEAN> 25
 1.474359e+00 -4.163729e+00 8.691655e+00 2.029271e+00 -4.050380e-01 5.499156e+00 2.184046e+00 -1.253107e+00 2.019041e+00 -8.904179e-01 1.695703e+00 3.406772e+00 -2.115830e+00 -1.474102e+00 2.818978e+00 1.922660e-01 7.080922e-02 1.260593e+00 9.328665e-01 3.543085e-01 1.019153e+00 -7.597384e-01 9.055898e-01 8.824136e-01 6.796550e-01
<VARIANCE> 25
 5.169218e+01 6.401336e+01 1.088552e+02 3.818745e+01 4.996497e+01 9.150891e+01 4.668085e+01 5.105610e+01 2.998546e+01 3.710306e+01 3.273170e+01 2.292613e+01 3.971103e+00 9.361694e+00 9.873893e+00 4.274073e+00 5.485664e+00 6.159580e+00 5.103059e+00 4.831135e+00 4.083549e+00 4.055725e+00 3.362122e+00 2.399001e+00 2.439303e+00
<GCONST> 1.120925e+02
<STATE> 3
<MEAN> 25
 -4.581830e+00 -1.254522e+01 1.731883e+01 1.924777e+00 -1.494097e+00 1.040326e+01 3.617318e+00 -9.776649e-01 4.381299e+00 -3.264844e+00 4.153484e+00 6.051970e+00 -9.676547e-02 1.129115e+00 -1.381330e+00 -8.056255e-02 4.447655e-01 -5.368727e-01 -6.769228e-02 -1.547467e-01 -1.368997e-01 7.756583e-02 -7.508785e-02 -2.209086e-01 -4.275953e-01
<VARIANCE> 25
 3.134011e+01 1.091025e+02 1.183678e+02 3.466359e+01 3.762617e+01 8.613327e+01 3.871085e+01 3.817082e+01 2.805632e+01 2.825473e+01 2.427547e+01 1.865990e+01 5.900190e+00 7.071825e+00 5.954800e+00 2.772359e+00 3.147091e+00 3.268454e+00 3.567765e+00 2.647866e+00 2.604228e+00 2.516407e+00 2.325063e+00 1.720508e+00 1.950335e+00
<GCONST> 1.056225e+02
<STATE> 4
<MEAN> 25
 -8.161786e+00 4.493412e+00 -2.077682e-01 -4.017534e-01 3.811019e+00 -4.686097e+00 3.630312e+00 -1.877762e+00 2.368206e+00 -2.115479e+00 5.917236e-01 1.885502e+00 3.540788e-01 2.779725e-02 -3.945546e-01 -1.333750e-01 -1.453365e-01 -3.459985e-01 -2.875957e-01 -1.813763e-01 -1.793883e-01 4.687877e-02 -3.039316e-01 -2.449197e-01 -6.787436e-02
<VARIANCE> 25
 4.602373e+01 3.994418e+01 4.052710e+01 3.048479e+01 3.446523e+01 5.616939e+01 3.314761e+01 3.402049e+01 2.882228e+01 2.678973e+01 2.374415e+01 1.840272e+01 5.866712e+00 3.528189e+00 3.829056e+00 2.403104e+00 2.975755e+00 3.346013e+00 3.176368e+00 2.733390e+00 2.583818e+00 2.473354e+00 2.416881e+00 1.923015e+00 1.595985e+00
<GCONST> 1.014757e+02
<TRANSP> 5
 0.000000e+00 1.000000e+00 0.000000e+00 0.000000e+00 0.000000e+00
 0.000000e+00 5.783747e-01 4.216253e-01 0.000000e+00 0.000000e+00
 0.000000e+00 0.000000e+00 6.720479e-01 3.279521e-01 0.000000e+00
 0.000000e+00 0.000000e+00 0.000000e+00 7.864494e-01 2.135506e-01
 0.000000e+00 0.000000e+00 0.000000e+00 0.000000e+00 0.000000e+00
<ENDHMM>
~h "t"
<BEGINHMM>
<NUMSTATES> 5
<STATE> 2
<MEAN> 25
 -1.246533e+00 4.054558e+00 1.915705e+00 2.321613e+00 1.925596e+00 4.647946e-01 -2.935842e-03 -2.102062e+00 -1.227763e+00 4.194315e-01 3.149897e-01 7.352951e-01 -2.519765e+00 1.137528e+00 -8.258615e-01 3.130201e-01 7.879598e-01 1.012094e+00 6.544350e-01 8.510906e-01 1.025618e+00 -2.621172e-01 7.465066e-01 3.951846e-01 -2.710868e+00
<VARIANCE> 25
 6.375504e+01 3.471986e+01 3.586666e+01 4.798519e+01 5.608801e+01 6.306181e+01 4.185051e+01 5.429329e+01 5.108642e+01 3.136643e+01 3.183677e+01 2.195449e+01 3.497002e+00 4.608323e+00 2.985510e+00 4.284506e+00 4.178014e+00 5.739412e+00 4.478648e+00 4.446624e+00 4.745137e+00 3.266622e+00 3.717679e+00 2.012072e+00 5.506144e+00
<GCONST> 1.088846e+02
<STATE> 3
<MEAN> 25
 -5.889218e+00 1.147840e+00 4.738407e-01 1.180414e+00 1.177827e+00 3.951561e+00 1.135129e+00 -8.887062e-01 2.370492e+00 4.803553e-01 1.820028e+00 1.724319e+00 1.276410e+00 -2.033989e+00 2.732071e-01 -5.258567e-01 -1.708255e+00 6.383759e-01 -4.269402e-03 -4.209597e-01 8.660014e-01 -6.051321e-01 2.446951e-01 6.785222e-01 2.120431e+00
<VARIANCE> 25
 4.945539e+01 6.467037e+01 4.321456e+01 4.362329e+01 5.126498e+01 6.946734e+01 4.039899e+01 4.555610e+01 3.982654e+01 3.170031e+01 2.687317e+01 2.395629e+01 9.085004e+00 7.477721e+00 6.008212e+00 5.709551e+00 6.644423e+00 7.784806e+00 4.504293e+00 5.608247e+00 4.383914e+00 3.689055e+00 3.427445e+00 2.927891e+00 9.155928e+00
<GCONST> 1.130958e+02
<STATE> 4
<MEAN> 25
 -5.487120e+00 9.065762e-01 -1.065099e+00 2.525306e+00 -4.779108e-01 2.223512e+00 2.297423e+00 1.257856e+00 5.280937e+00 -1.471394e+00 3.341023e+00 3.716221e+00 9.882436e-01 -6.122342e-01 1.263290e-02 -8.031520e-01 -2.364821e-01 -8.497777e-01 -4.870316e-01 -1.806236e-01 -3.242514e-01 2.550306e-02 -4.543839e-01 -2.139652e-01 1.509658e+00
<VARIANCE> 25
 3.060242e+01 3.578427e+01 2.756522e+01 4.053976e+01 2.255818e+01 5.145969e+01 2.600300e+01 3.013382e+01 2.699877e+01 1.867194e+01 2.139326e+01 1.596826e+01 4.063570e+00 2.867302e+00 2.011863e+00 3.971630e+00 2.556157e+00 4.702362e+00 3.318393e+00 3.092499e+00 2.806838e+00 2.593868e+00 2.681720e+00 1.774767e+00 6.112842e+00
<GCONST> 1.004460e+02
<TRANSP> 5
 0.000000e+00 1.000000e+00 0.000000e+00 0.000000e+00 0.000000e+00
 0.000000e+00 6.042579e-01 3.957421e-01 0.000000e+00 0.000000e+00
 0.000000e+00 0.000000e+00 4.098735e-01 5.901265e-01 0.000000e+00
 0.000000e+00 0.000000e+00 0.000000e+00 7.017676e-01 2.982323e-01
 0.000000e+00 0.000000e+00 0.000000e+00 0.000000e+00 0.000000e+00
<ENDHMM>
~h "u"
<BEGINHMM>
<NUMSTATES> 5
<STATE> 2
<MEAN> 25
 7.145758e+00 4.452724e+00 4.511163e+00 6.516801e-01 -5.500355e+00 -8.512056e+00 -7.049887e+00 2.566854e+00 3.346784e+00 -5.760649e+00 -3.863012e+00 -1.101723e+00 5.513924e-01 6.927272e-01 -1.873756e-01 -4.330458e-01 -1.686608e-01 -2.758936e-01 -4.984941e-01 -1.661427e-01 -1.162963e-01 3.778035e-01 -4.207832e-02 -3.537212e-01 7.240762e-02
<VARIANCE> 25
 2.936517e+01 5.404909e+01 6.415003e+01 4.970285e+01 7.143174e+01 1.108232e+02 6.003018e+01 8.251200e+01 5.956206e+01 6.369128e+01 5.336179e+01 3.248985e+01 3.533917e+00 3.783839e+00 4.067505e+00 3.740400e+00 5.389431e+00 9.693233e+00 5.728523e+00 6.055945e+00 5.298029e+00 4.534045e+00 3.531472e+00 2.924709e+00 2.339394e+00
<GCONST> 1.137490e+02
<STATE> 3
<MEAN> 25
 6.510950e+00 3.144686e+00 -8.093191e-01 -3.685153e+00 -2.706544e+00 -1.153105e+00 -6.400243e+00 -4.609292e+00 -1.830961e+00 1.144318e-01 9.377006e-02 -1.290482e+00 2.362722e-01 3.743725e-01 -4.916562e-01 -8.532761e-01 2.128766e-01 1.155362e+00 5.504513e-02 -9.529482e-01 -1.181993e+00 5.324748e-01 7.675513e-01 1.615498e-01 -1.054619e-01
<VARIANCE> 25
 3.473805e+01 4.031628e+01 3.548709e+01 5.396463e+01 5.169206e+01 5.678042e+01 5.808975e+01 6.216500e+01 5.989896e+01 5.640798e+01 4.366978e+01 2.668015e+01 2.657561e+00 2.937964e+00 3.026153e+00 3.591903e+00 3.990600e+00 5.230759e+00 4.641536e+00 4.806274e+00 5.345636e+00 4.043558e+00 2.733226e+00 2.550053e+00 1.907102e+00
<GCONST> 1.083563e+02
<STATE> 4
<MEAN> 25
 6.093120e+00 5.421199e+00 -1.976346e+00 -5.828290e+00 -3.364621e+00 3.275842e+00 -3.503657e+00 -6.143229e+00 -4.910492e+00 -1.620308e+00 2.318607e+00 1.033651e+00 -3.884040e-01 -5.047505e-02 1.657906e-02 3.850974e-01 3.409096e-01 1.562579e-01 3.076940e-01 1.718467e-01 2.479941e-01 1.693776e-02 -1.001714e-02 3.839245e-02 -3.610393e-01
<VARIANCE> 25
 2.225913e+01 3.165491e+01 2.705684e+01 5.530838e+01 3.857395e+01 4.141607e+01 4.306557e+01 3.981624e+01 5.406303e+01 4.974248e+01 3.117663e+01 2.384427e+01 8.078001e-01 1.489976e+00 1.378586e+00 2.025529e+00 1.899814e+00 2.415290e+00 2.467969e+00 2.294052e+00 2.618795e+00 2.681985e+00 1.815081e+00 1.697966e+00 6.966290e-01
<GCONST> 9.632974e+01
<TRANSP> 5
 0.000000e+00 1.000000e+00 0.000000e+00 0.000000e+00 0.000000e+00
 0.000000e+00 5.829826e-01 4.170174e-01 0.000000e+00 0.000000e+00
 0.000000e+00 0.000000e+00 3.387956e-01 6.612044e-01 0.000000e+00
 0.000000e+00 0.000000e+00 0.000000e+00 7.577701e-01 2.422299e-01
 0.000000e+00 0.000000e+00 0.000000e+00 0.000000e+00 0.000000e+00
<ENDHMM>
~h "v"
<BEGINHMM>
<NUMSTATES> 5
<STATE> 2
<MEAN> 25
 7.246780e-02 -3.118490e+00 1.521560e+00 4.156062e+00 1.850860e+00 4.340497e+00 1.294202e+00 -2.574574e+00 -5.375021e-01 3.747105e-01 3.557572e+00 2.493848e+00 -1.668121e+00 -1.574085e+00 -3.215628e-01 -6.958264e-01 -1.235783e+00 6.305135e-01 6.796764e-01 4.336554e-01 1.367025e+00 -1.864125e-01 -1.014344e-01 -9.312116e-03 -5.310445e-01
<VARIANCE> 25
 3.936855e+01 4.208957e+01 1.883843e+01 3.561222e+01 3.448872e+01 9.066682e+01 3.105869e+01 2.616587e+01 2.764033e+01 1.622649e+01 1.695236e+01 1.423408e+01 8.254138e-01 3.151409e+00 1.290745e+00 4.994219e+00 4.799216e+00 5.971931e+00 4.325006e+00 5.442012e+00 2.785448e+00 2.571866e+00 2.195017e+00 1.814325e+00 6.841840e-01
<GCONST> 9.851337e+01
<STATE> 3
<MEAN> 25
 -7.474457e+00 -3.734618e+00 -7.588354e-01 1.493438e+00 2.400731e+00 3.086893e+00 -1.779014e-01 -9.155872e-01 -8.451023e-01 -5.489759e-01 1.640838e+00 1.188863e+00 -3.877997e-02 -2.894411e-02 -1.189189e-01 -1.228809e-02 1.688265e-02 5.495570e-02 -4.692692e-02 1.093448e-01 7.574612e-02 1.387653e-02 -1.643847e-01 -1.714384e-02 -9.725239e-03
<VARIANCE> 25
 2.026662e+01 4.699272e+01 9.917724e+00 1.545974e+01 2.832238e+01 5.425361e+01 1.537191e+01 1.814148e+01 2.229873e+01 1.777406e+01 1.298227e+01 1.165302e+01 4.352816e-01 8.576801e-01 6.568120e-01 8.296319e-01 1.168216e+00 1.740097e+00 1.481258e+00 1.408140e+00 1.435228e+00 1.325224e+00 1.623071e+00 1.117287e+00 1.904899e-01
<GCONST> 8.124006e+01
<STATE> 4
<MEAN> 25
 1.568889e+00 -8.589209e-01 2.150911e+00 1.599246e-01 -4.849391e+00 1.447567e+00 8.935232e-01 -2.624450e+00 -9.128658e-01 1.917207e+00 2.584806e+00 1.177382e+00 1.886681e+00 1.774178e+00 -3.530782e-01 1.551204e-01 1.204127e-01 -1.276453e+00 -2.157066e-01 -1.245722e-02 -6.511498e-01 9.477075e-02 -4.348061e-01 -4.869616e-01 5.742875e-01
<VARIANCE> 25
 5.147801e+01 6.060540e+01 3.456181e+01 3.312468e+01 8.293243e+01 7.459538e+01 3.865479e+01 2.258386e+01 3.389126e+01 2.518669e+01 1.569597e+01 1.343264e+01 5.421565e+00 5.737114e+00 3.734861e+00 4.108711e+00 1.051697e+01 5.404329e+00 3.719598e+00 2.559336e+00 4.599658e+00 2.270348e+00 2.646837e+00 1.322306e+00 3.319334e+00
<GCONST> 1.058982e+02
<TRANSP> 5
 0.000000e+00 1.000000e+00 0.000000e+00 0.000000e+00 0.000000e+00
 0.000000e+00 6.652700e-01 3.347300e-01 0.000000e+00 0.000000e+00
 0.000000e+00 0.000000e+00 8.755232e-01 1.244768e-01 0.000000e+00
 0.000000e+00 0.000000e+00 0.000000e+00 7.086418e-01 2.913581e-01
 0.000000e+00 0.000000e+00 0.000000e+00 0.000000e+00 0.000000e+00
<ENDHMM>
~h "w"
<BEGINHMM>
<NUMSTATES> 5
<STATE> 2
<MEAN> 25
 -1.721065e+01 5.887688e+00 -4.876690e+00 -4.716411e+00 4.316074e+00 -4.863008e-01 2.620037e-01 1.615804e+00 -2.179072e+00 4.067824e+00 1.044963e+00 -2.723556e+00 1.407642e-01 2.759392e-01 4.544005e-03 -2.997427e-02 2.120330e-02 8.022395e-02 1.717511e-01 8.351260e-02 -7.182035e-02 9.744372e-04 -8.235846e-02 -1.603820e-01 -2.665566e-02
<VARIANCE> 25
 1.698841e+02 2.886255e+01 1.465334e+01 2.656846e+01 4.632973e+01 2.602659e+01 2.459395e+01 2.393933e+01 2.037395e+01 1.806111e+01 1.567554e+01 1.641564e+01 2.970500e+00 1.750100e+00 9.511566e-01 1.667250e+00 2.441004e+00 1.738341e+00 1.651348e+00 1.475669e+00 1.625787e+00 1.475089e+00 1.343037e+00 1.471382e+00 1.950688e+00
<GCONST> 9.200983e+01
<STATE> 3
<MEAN> 25
 7.999806e-01 6.040438e+00 -2.950543e+00 -4.370544e+00 1.351095e-01 2.436126e+00 -1.432455e+00 -1.559980e+00 -1.887379e+00 5.046366e-02 -1.450310e-01 -1.480188e+00 3.735561e+00 4.275799e-01 -5.227064e-01 -7.148898e-01 -7.232745e-01 1.747342e-01 -4.084635e-01 -7.388623e-01 2.443627e-01 -3.168283e-01 -7.029065e-01 -6.536635e-01 2.624858e+00
<VARIANCE> 25
 1.314792e+02 2.992884e+01 4.552788e+01 5.472326e+01 6.447449e+01 7.158514e+01 3.527189e+01 4.055914e+01 3.209529e+01 3.394958e+01 2.569519e+01 2.588048e+01 7.084719e+00 3.770582e+00 6.954439e+00 7.243401e+00 8.477259e+00 6.576022e+00 3.584653e+00 4.019511e+00 5.576677e+00 4.250447e+00 2.335328e+00 3.760765e+00 4.282484e+00
<GCONST> 1.119278e+02
<STATE> 4
<MEAN> 25
 9.624289e+00 5.602521e+00 -4.948202e-01 -2.206364e+00 -5.460788e+00 -9.571989e+00 -4.037649e+00 3.917454e+00 3.125856e+00 -1.112698e+00 -2.056295e+00 -2.260240e+00 7.072898e-01 -1.113075e+00 -4.904533e-01 3.421974e-01 3.102894e-01 -5.778759e-01 3.594225e-02 6.276541e-01 3.522688e-01 -3.198244e-01 -5.111058e-01 -3.598571e-01 1.042370e+00
<VARIANCE> 25
 3.338423e+01 4.239268e+01 7.837608e+01 6.659497e+01 1.073274e+02 2.540941e+02 5.320628e+01 1.050839e+02 5.578645e+01 4.741935e+01 3.668427e+01 3.640154e+01 2.163758e+00 3.434143e+00 3.493594e+00 4.197398e+00 5.853598e+00 8.816820e+00 3.989336e+00 4.867232e+00 4.951605e+00 4.146934e+00 2.861781e+00 3.244472e+00 1.979326e+00
<GCONST> 1.132163e+02
<TRANSP> 5
 0.000000e+00 1.000000e+00 0.000000e+00 0.000000e+00 0.000000e+00
 0.000000e+00 7.692003e-01 2.307997e-01 0.000000e+00 0.000000e+00
 0.000000e+00 0.000000e+00 5.766277e-01 4.233723e-01 0.000000e+00
 0.000000e+00 0.000000e+00 0.000000e+00 6.122357e-01 3.877642e-01
 0.000000e+00 0.000000e+00 0.000000e+00 0.000000e+00 0.000000e+00
<ENDHMM>
~h "y"
<BEGINHMM>
<NUMSTATES> 5
<STATE> 2
<MEAN> 25
 3.335356e+00 -1.709746e+00 7.129057e+00 1.802262e+00 -4.263392e+00 -5.926031e+00 -2.905481e+00 -9.681341e-01 -4.697755e+00 1.387891e+00 1.895059e+00 7.138599e-01 1.018924e+00 -8.382636e-01 2.820162e-01 -7.873266e-02 -7.967883e-01 -1.128824e+00 7.225736e-02 5.050536e-01 -2.725412e-01 -5.539608e-02 9.331037e-02 4.798818e-01 1.331457e+00
<VARIANCE> 25
 5.776649e+01 4.777862e+01 6.267812e+01 7.502089e+01 7.162938e+01 4.959466e+01 5.663970e+01 7.653702e+01 5.679929e+01 2.739467e+01 2.646383e+01 2.524159e+01 3.675286e+00 3.740716e+00 4.511042e+00 4.923213e+00 4.059326e+00 4.021831e+00 3.808783e+00 4.345538e+00 3.963729e+00 2.609709e+00 2.105840e+00 2.126673e+00 2.380413e+00
<GCONST> 1.087533e+02
<STATE> 3
<MEAN> 25
 4.736927e+00 -7.686453e+00 5.676782e+00 -2.433945e+00 -6.936306e+00 -9.896651e+00 -1.335280e-01 7.537496e+00 -3.517957e+00 1.722704e-01 -3.872303e-01 1.236251e+00 1.712512e-01 -4.382882e-01 -9.364241e-01 -8.535826e-02 8.296143e-01 3.872693e-01 2.581533e-01 3.909084e-01 6.203203e-01 -2.727659e-02 -8.877254e-01 -4.000492e-01 4.058583e-02
<VARIANCE> 25
 2.336185e+01 2.357479e+01 3.731758e+01 2.746450e+01 3.421932e+01 2.504623e+01 3.690104e+01 5.776712e+01 3.390926e+01 2.576544e+01 4.189289e+01 2.055237e+01 2.379551e-01 8.470522e-01 1.567781e+00 8.733539e-01 1.752006e+00 1.353890e+00 1.224187e+00 2.235327e+00 1.676864e+00 1.098857e+00 1.771881e+00 1.132537e+00 3.595307e-01
<GCONST> 8.800728e+01
<STATE> 4
<MEAN> 25
 -9.202108e-01 -1.942143e-01 -1.590699e+00 4.164139e+00 2.816957e+00 8.215021e-01 3.149841e+00 7.083452e-01 6.752531e-01 -1.823239e+00 -2.528975e+00 1.832538e+00 -5.288003e-02 1.069755e-01 -8.759893e-02 2.206661e-02 1.836853e-01 2.243305e-01 3.762621e-02 -1.082660e-01 4.435989e-02 1.006171e-02 -7.891581e-02 -7.380825e-05 -1.470675e-01
<VARIANCE> 25
 5.058280e+01 3.913596e+01 1.745028e+01 3.733852e+01 2.919262e+01 3.413196e+01 3.532461e+01 4.634761e+01 2.678185e+01 2.660170e+01 3.455001e+01 2.831487e+01 1.757266e-01 4.250674e-01 6.595474e-01 8.358462e-01 1.246699e+00 1.277200e+00 1.443027e+00 1.588557e+00 1.570119e+00 1.511853e+00 1.460960e+00 1.155837e+00 1.515633e-01
<GCONST> 8.538291e+01
<TRANSP> 5
 0.000000e+00 1.000000e+00 0.000000e+00 0.000000e+00 0.000000e+00
 0.000000e+00 6.716265e-01 3.283735e-01 0.000000e+00 0.000000e+00
 0.000000e+00 0.000000e+00 7.949462e-01 2.050538e-01 0.000000e+00
 0.000000e+00 0.000000e+00 0.000000e+00 8.561954e-01 1.438046e-01
 0.000000e+00 0.000000e+00 0.000000e+00 0.000000e+00 0.000000e+00
<ENDHMM>
~h "z"
<BEGINHMM>
<NUMSTATES> 5
<STATE> 2
<MEAN> 25
 0.000000e+00 0.000000e+00 0.000000e+00 0.000000e+00 0.000000e+00 0.000000e+00 0.000000e+00 0.000000e+00 0.000000e+00 0.000000e+00 0.000000e+00 0.000000e+00 0.000000e+00 0.000000e+00 0.000000e+00 0.000000e+00 0.000000e+00 0.000000e+00 0.000000e+00 0.000000e+00 0.000000e+00 0.000000e+00 0.000000e+00 0.000000e+00 0.000000e+00
<VARIANCE> 25
 1.000000e+00 1.000000e+00 1.000000e+00 1.000000e+00 1.000000e+00 1.000000e+00 1.000000e+00 1.000000e+00 1.000000e+00 1.000000e+00 1.000000e+00 1.000000e+00 1.000000e+00 1.000000e+00 1.000000e+00 1.000000e+00 1.000000e+00 1.000000e+00 1.000000e+00 1.000000e+00 1.000000e+00 1.000000e+00 1.000000e+00 1.000000e+00 1.000000e+00
<GCONST> 4.594693e+01
<STATE> 3
<MEAN> 25
 0.000000e+00 0.000000e+00 0.000000e+00 0.000000e+00 0.000000e+00 0.000000e+00 0.000000e+00 0.000000e+00 0.000000e+00 0.000000e+00 0.000000e+00 0.000000e+00 0.000000e+00 0.000000e+00 0.000000e+00 0.000000e+00 0.000000e+00 0.000000e+00 0.000000e+00 0.000000e+00 0.000000e+00 0.000000e+00 0.000000e+00 0.000000e+00 0.000000e+00
<VARIANCE> 25
 1.000000e+00 1.000000e+00 1.000000e+00 1.000000e+00 1.000000e+00 1.000000e+00 1.000000e+00 1.000000e+00 1.000000e+00 1.000000e+00 1.000000e+00 1.000000e+00 1.000000e+00 1.000000e+00 1.000000e+00 1.000000e+00 1.000000e+00 1.000000e+00 1.000000e+00 1.000000e+00 1.000000e+00 1.000000e+00 1.000000e+00 1.000000e+00 1.000000e+00
<GCONST> 4.594693e+01
<STATE> 4
<MEAN> 25
 0.000000e+00 0.000000e+00 0.000000e+00 0.000000e+00 0.000000e+00 0.000000e+00 0.000000e+00 0.000000e+00 0.000000e+00 0.000000e+00 0.000000e+00 0.000000e+00 0.000000e+00 0.000000e+00 0.000000e+00 0.000000e+00 0.000000e+00 0.000000e+00 0.000000e+00 0.000000e+00 0.000000e+00 0.000000e+00 0.000000e+00 0.000000e+00 0.000000e+00
<VARIANCE> 25
 1.000000e+00 1.000000e+00 1.000000e+00 1.000000e+00 1.000000e+00 1.000000e+00 1.000000e+00 1.000000e+00 1.000000e+00 1.000000e+00 1.000000e+00 1.000000e+00 1.000000e+00 1.000000e+00 1.000000e+00 1.000000e+00 1.000000e+00 1.000000e+00 1.000000e+00 1.000000e+00 1.000000e+00 1.000000e+00 1.000000e+00 1.000000e+00 1.000000e+00
<GCONST> 4.594693e+01
<TRANSP> 5
 0.000000e+00 1.000000e+00 0.000000e+00 0.000000e+00 0.000000e+00
 0.000000e+00 6.000000e-01 4.000000e-01 0.000000e+00 0.000000e+00
 0.000000e+00 0.000000e+00 6.000000e-01 4.000000e-01 0.000000e+00
 0.000000e+00 0.000000e+00 0.000000e+00 7.000000e-01 3.000000e-01
 0.000000e+00 0.000000e+00 0.000000e+00 0.000000e+00 0.000000e+00
<ENDHMM>
~h "ai"
<BEGINHMM>
<NUMSTATES> 5
<STATE> 2
<MEAN> 25
 0.000000e+00 0.000000e+00 0.000000e+00 0.000000e+00 0.000000e+00 0.000000e+00 0.000000e+00 0.000000e+00 0.000000e+00 0.000000e+00 0.000000e+00 0.000000e+00 0.000000e+00 0.000000e+00 0.000000e+00 0.000000e+00 0.000000e+00 0.000000e+00 0.000000e+00 0.000000e+00 0.000000e+00 0.000000e+00 0.000000e+00 0.000000e+00 0.000000e+00
<VARIANCE> 25
 1.000000e+00 1.000000e+00 1.000000e+00 1.000000e+00 1.000000e+00 1.000000e+00 1.000000e+00 1.000000e+00 1.000000e+00 1.000000e+00 1.000000e+00 1.000000e+00 1.000000e+00 1.000000e+00 1.000000e+00 1.000000e+00 1.000000e+00 1.000000e+00 1.000000e+00 1.000000e+00 1.000000e+00 1.000000e+00 1.000000e+00 1.000000e+00 1.000000e+00
<GCONST> 4.594693e+01
<STATE> 3
<MEAN> 25
 0.000000e+00 0.000000e+00 0.000000e+00 0.000000e+00 0.000000e+00 0.000000e+00 0.000000e+00 0.000000e+00 0.000000e+00 0.000000e+00 0.000000e+00 0.000000e+00 0.000000e+00 0.000000e+00 0.000000e+00 0.000000e+00 0.000000e+00 0.000000e+00 0.000000e+00 0.000000e+00 0.000000e+00 0.000000e+00 0.000000e+00 0.000000e+00 0.000000e+00
<VARIANCE> 25
 1.000000e+00 1.000000e+00 1.000000e+00 1.000000e+00 1.000000e+00 1.000000e+00 1.000000e+00 1.000000e+00 1.000000e+00 1.000000e+00 1.000000e+00 1.000000e+00 1.000000e+00 1.000000e+00 1.000000e+00 1.000000e+00 1.000000e+00 1.000000e+00 1.000000e+00 1.000000e+00 1.000000e+00 1.000000e+00 1.000000e+00 1.000000e+00 1.000000e+00
<GCONST> 4.594693e+01
<STATE> 4
<MEAN> 25
 0.000000e+00 0.000000e+00 0.000000e+00 0.000000e+00 0.000000e+00 0.000000e+00 0.000000e+00 0.000000e+00 0.000000e+00 0.000000e+00 0.000000e+00 0.000000e+00 0.000000e+00 0.000000e+00 0.000000e+00 0.000000e+00 0.000000e+00 0.000000e+00 0.000000e+00 0.000000e+00 0.000000e+00 0.000000e+00 0.000000e+00 0.000000e+00 0.000000e+00
<VARIANCE> 25
 1.000000e+00 1.000000e+00 1.000000e+00 1.000000e+00 1.000000e+00 1.000000e+00 1.000000e+00 1.000000e+00 1.000000e+00 1.000000e+00 1.000000e+00 1.000000e+00 1.000000e+00 1.000000e+00 1.000000e+00 1.000000e+00 1.000000e+00 1.000000e+00 1.000000e+00 1.000000e+00 1.000000e+00 1.000000e+00 1.000000e+00 1.000000e+00 1.000000e+00
<GCONST> 4.594693e+01
<TRANSP> 5
 0.000000e+00 1.000000e+00 0.000000e+00 0.000000e+00 0.000000e+00
 0.000000e+00 6.000000e-01 4.000000e-01 0.000000e+00 0.000000e+00
 0.000000e+00 0.000000e+00 6.000000e-01 4.000000e-01 0.000000e+00
 0.000000e+00 0.000000e+00 0.000000e+00 7.000000e-01 3.000000e-01
 0.000000e+00 0.000000e+00 0.000000e+00 0.000000e+00 0.000000e+00
<ENDHMM>
~h "au"
<BEGINHMM>
<NUMSTATES> 5
<STATE> 2
<MEAN> 25
 -2.539588e+01 1.744905e+01 -4.731426e+00 -8.418178e+00 1.429210e+01 -1.411922e+00 -4.488897e+00 8.455955e+00 -8.255856e-01 9.146326e-01 1.895294e+00 -3.020581e+00 -2.408560e+00 1.026727e+00 -9.313643e-01 -1.553699e+00 6.103784e-01 -8.906713e-01 -7.793989e-01 -3.106127e-01 -4.759393e-01 -1.313679e-01 -9.430680e-01 -8.532722e-01 -2.338927e+00
<VARIANCE> 25
 1.709484e+02 6.656438e+01 1.326737e+01 2.776788e+01 5.560705e+01 1.186154e+01 3.180526e+01 1.220787e+01 7.775646e+00 3.373391e+00 5.696267e+00 2.651098e+01 1.931387e+01 6.022352e+00 1.610381e+00 9.961624e+00 2.915982e+00 2.005271e+00 7.878990e+00 3.471560e-01 6.118207e-01 5.908841e-01 4.735735e-01 9.244775e-01 1.489963e+01
<GCONST> 9.309487e+01
<STATE> 3
<MEAN> 25
 -1.317396e+01 1.006419e+01 -4.458377e+00 -2.058954e+00 9.015350e+00 1.277851e+00 2.702203e+00 6.341724e+00 -6.241339e+00 -1.880178e+00 8.739303e-01 -3.672412e+00 4.225052e+00 -5.469269e+00 -9.644420e-01 2.345608e+00 -1.738588e+00 2.067755e+00 2.545091e+00 -2.164344e+00 -1.876191e+00 -1.091357e+00 1.150115e-01 1.976497e+00 4.385167e+00
<VARIANCE> 25
 6.125663e+01 8.384148e+01 1.725742e+00 3.697113e+01 9.312477e+01 1.416040e+01 5.941545e+01 1.626146e+01 5.847346e+00 6.546062e+00 2.386385e+01 2.298396e+01 1.559793e+01 3.204213e+00 2.028212e+00 3.424210e+00 9.538403e-01 3.315239e+00 1.007048e+01 9.832123e-01 3.730087e+00 2.538860e+00 1.431140e+00 4.947471e+00 1.304542e+01
<GCONST> 9.872399e+01
<STATE> 4
<MEAN> 25
 -4.777393e+00 1.831240e+00 -6.204698e+00 1.143756e+00 3.802885e+00 -2.825930e-01 6.703403e+00 4.741737e+00 -5.442822e+00 -1.314734e+00 1.508651e+00 3.299015e+00 5.831345e-01 -4.812082e-01 2.801520e-01 -1.881381e-02 -6.447896e-01 -3.290212e-01 -1.145087e-01 -9.525692e-02 2.594706e-01 8.699971e-02 -4.441783e-02 1.622388e-01 6.445915e-01
<VARIANCE> 25
 1.020898e+02 6.539404e+01 7.278930e+01 5.948205e+01 6.989982e+01 7.937753e+01 4.037149e+01 3.110740e+01 4.553122e+01 5.676976e+01 1.581048e+01 2.440114e+01 7.863645e+00 9.195941e+00 4.768930e+00 3.620926e+00 5.532504e+00 9.254416e+00 5.519106e+00 2.535670e+00 3.248251e+00 4.167777e+00 1.863086e+00 2.819394e+00 8.815178e+00
<GCONST> 1.128410e+02
<TRANSP> 5
 0.000000e+00 1.000000e+00 0.000000e+00 0.000000e+00 0.000000e+00
 0.000000e+00 6.666691e-01 3.333308e-01 0.000000e+00 0.000000e+00
 0.000000e+00 0.000000e+00 4.000075e-01 5.999925e-01 0.000000e+00
 0.000000e+00 0.000000e+00 0.000000e+00 9.245306e-01 7.546937e-02
 0.000000e+00 0.000000e+00 0.000000e+00 0.000000e+00 0.000000e+00
<ENDHMM>
~h "aw"
<BEGINHMM>
<NUMSTATES> 5
<STATE> 2
<MEAN> 25
 -4.866765e+00 -9.972312e-01 -2.620641e-01 -8.720065e-01 1.783864e+00 1.953859e+00 -1.210899e+00 -3.561020e-01 2.625313e-01 4.435477e-01 9.012467e-01 1.221409e-01 -1.532833e-02 1.317066e-02 -1.407600e-02 -1.219764e-02 4.285360e-02 1.548256e-01 3.247360e-02 -1.537127e-02 -4.690676e-02 1.692153e-03 3.436199e-02 9.350117e-03 -5.930949e-02
<VARIANCE> 25
 6.807908e+01 1.919746e+01 1.388525e+01 2.507481e+01 1.810332e+01 1.871986e+01 1.343306e+01 1.682458e+01 2.088616e+01 1.520631e+01 1.833123e+01 3.523299e+01 1.360416e-01 2.955491e-01 4.764767e-01 6.641636e-01 6.966424e-01 1.027028e+00 1.200443e+00 1.224985e+00 1.367826e+00 1.241901e+00 1.155502e+00 1.017782e+00 7.976297e-02
<GCONST> 7.630255e+01
<STATE> 3
<MEAN> 25
 7.054734e+00 1.826925e+00 -4.962875e+00 -1.098276e+01 -5.741799e-01 7.836795e+00 1.421678e+00 -2.263761e+00 -6.102861e-01 1.042062e-01 2.168329e+00 -7.100715e-01 -1.800416e-02 4.169367e-01 2.731262e-01 2.124628e-01 -1.596631e-01 4.499869e-02 2.885178e-02 -1.822824e-02 -1.776020e-01 -1.697487e-01 8.867294e-02 4.179946e-01 -3.701932e-01
<VARIANCE> 25
 2.376756e+01 2.773607e+01 2.170962e+01 3.360956e+01 3.751762e+01 3.120675e+01 3.843678e+01 2.436877e+01 2.965247e+01 3.455344e+01 1.921379e+01 3.053684e+01 1.925237e-01 5.875044e-01 8.590195e-01 1.360094e+00 1.168841e+00 1.535951e+00 1.337178e+00 1.297569e+00 1.311670e+00 1.659632e+00 1.105731e+00 1.110337e+00 2.574029e-01
<GCONST> 8.498329e+01
<STATE> 4
<MEAN> 25
 -1.901616e+00 6.427883e+00 -1.729227e+00 4.882421e+00 2.926707e+00 2.057634e+00 2.078545e+00 -8.000803e-01 1.450670e+00 -3.209613e-02 -4.957664e-01 1.878358e+00 -3.048656e-01 5.411363e-02 2.992342e-01 4.925365e-01 1.551009e-01 -2.135011e-01 1.299590e-02 -2.604320e-02 2.541848e-03 4.777458e-02 -9.017231e-02 9.346315e-02 -2.285430e-01
<VARIANCE> 25
 4.460749e+01 2.098318e+01 2.260997e+01 6.544319e+01 3.726997e+01 3.505460e+01 3.087317e+01 3.468409e+01 2.772846e+01 2.641282e+01 2.215514e+01 2.170798e+01 6.151931e-01 6.234745e-01 1.236910e+00 1.465729e+00 1.580630e+00 1.624959e+00 1.574743e+00 1.702806e+00 1.525121e+00 1.435406e+00 1.185889e+00 1.824488e+00 3.048140e-01
<GCONST> 8.894508e+01
<TRANSP> 5
 0.000000e+00 1.000000e+00 0.000000e+00 0.000000e+00 0.000000e+00
 0.000000e+00 9.093642e-01 9.063583e-02 0.000000e+00 0.000000e+00
 0.000000e+00 0.000000e+00 8.507715e-01 1.492285e-01 0.000000e+00
 0.000000e+00 0.000000e+00 0.000000e+00 8.205538e-01 1.794462e-01
 0.000000e+00 0.000000e+00 0.000000e+00 0.000000e+00 0.000000e+00
<ENDHMM>
~h "ay"
<BEGINHMM>
<NUMSTATES> 5
<STATE> 2
<MEAN> 25
 9.470134e+00 -9.507228e+00 5.313827e-01 -8.425732e-01 -2.556131e+00 -2.969384e+00 -4.418363e+00 -4.712120e+00 4.348049e-01 1.677659e+00 -5.661110e-01 1.616254e+00 -2.148096e-01 -1.197654e-01 3.347197e-01 6.585041e-01 2.096983e-01 -4.007278e-01 -2.985006e-01 -1.342876e-01 -4.806567e-01 4.472095e-01 1.369605e-01 -2.122733e-01 -8.846901e-02
<VARIANCE> 25
 1.716170e+01 1.855545e+01 3.391398e+01 5.365993e+01 4.848020e+01 3.294128e+01 7.361320e+01 1.559617e+02 3.148762e+01 3.002410e+01 4.023581e+01 3.952956e+01 5.939237e-01 1.760522e+00 1.336014e+00 2.092949e+00 3.510161e+00 3.005410e+00 2.780152e+00 4.526567e+00 2.412345e+00 2.116412e+00 2.675101e+00 2.059349e+00 9.881293e-01
<GCONST> 9.945074e+01
<STATE> 3
<MEAN> 25
 7.381321e-01 -4.401373e+00 -4.503011e-01 3.201715e+00 1.950889e+00 -2.882737e-01 -2.928849e+00 -5.596931e+00 -1.656209e+00 7.926499e+00 3.731063e+00 -1.976267e+00 -8.737763e-01 8.210181e-02 -1.864948e-01 -4.641243e-01 -2.616826e-01 1.495836e-01 9.288760e-01 5.666922e-01 -6.298869e-01 -2.068170e-01 4.377275e-01 2.569371e-01 -7.863946e-01
<VARIANCE> 25
 8.670999e+01 5.609122e+01 5.615059e+01 5.524854e+01 6.848726e+01 6.245797e+01 8.652522e+01 1.649075e+02 6.909933e+01 7.999261e+01 3.094855e+01 2.713932e+01 2.584671e+00 4.050132e+00 3.177672e+00 3.139579e+00 2.589651e+00 3.233842e+00 5.487873e+00 8.200264e+00 4.594279e+00 4.386331e+00 1.899415e+00 1.457071e+00 2.882264e+00
<GCONST> 1.114144e+02
<STATE> 4
<MEAN> 25
 -3.240521e+00 -7.658210e+00 -9.648488e+00 -4.586851e+00 -2.891851e+00 5.351145e-01 8.451639e+00 1.298645e+00 -9.463643e+00 1.330009e-01 3.532241e+00 2.800914e-01 -1.466998e-01 6.651462e-01 2.455105e-02 -9.724215e-02 -4.280323e-02 2.213559e-02 2.282513e-01 1.581374e-01 -6.761976e-02 -8.509971e-02 -1.941830e-01 1.903372e-02 -4.302638e-01
<VARIANCE> 25
 6.691750e+01 2.963389e+01 1.428792e+02 4.223650e+01 3.918446e+01 6.749461e+01 5.176906e+01 5.326943e+01 3.069613e+01 2.217416e+01 2.441555e+01 1.996050e+01 2.534484e-01 1.179247e+00 8.425058e-01 1.010957e+00 1.616192e+00 1.913679e+00 2.099176e+00 2.239558e+00 1.316057e+00 1.546205e+00 1.432573e+00 1.449350e+00 3.853985e-01
<GCONST> 9.255542e+01
<TRANSP> 5
 0.000000e+00 1.000000e+00 0.000000e+00 0.000000e+00 0.000000e+00
 0.000000e+00 8.150966e-01 1.849034e-01 0.000000e+00 0.000000e+00
 0.000000e+00 0.000000e+00 6.048328e-01 3.951672e-01 0.000000e+00
 0.000000e+00 0.000000e+00 0.000000e+00 7.913023e-01 2.086977e-01
 0.000000e+00 0.000000e+00 0.000000e+00 0.000000e+00 0.000000e+00
<ENDHMM>
~h "eu"
<BEGINHMM>
<NUMSTATES> 5
<STATE> 2
<MEAN> 25
 3.997624e+00 6.944238e-01 -6.112000e-01 -6.146612e-01 4.634797e-01 -1.672529e+00 -2.332246e+00 -8.453521e-01 8.221624e-01 1.090121e+00 -1.255550e+00 -1.199559e+00 1.865793e+00 -8.228799e-01 -6.488506e-01 -7.602479e-01 -2.700326e-01 -1.061929e+00 -7.299995e-01 3.215128e-01 -2.562890e-01 4.507381e-01 -6.776841e-01 -4.287840e-01 1.683585e+00
<VARIANCE> 25
 4.862249e+01 4.194196e+01 4.046718e+01 4.110213e+01 4.815844e+01 5.447717e+01 4.337406e+01 4.439770e+01 4.766541e+01 4.265286e+01 3.559401e+01 2.959999e+01 5.304064e+00 5.694647e+00 4.907791e+00 5.514444e+00 5.694951e+00 6.315722e+00 5.117608e+00 4.912405e+00 6.139978e+00 5.495985e+00 4.094228e+00 3.909054e+00 4.615082e+00
<GCONST> 1.123307e+02
<STATE> 3
<MEAN> 25
 6.645333e+00 -1.985650e+00 -1.399095e+00 -1.998499e+00 -1.882358e-01 -3.415935e+00 -3.019569e+00 1.108610e-01 2.799276e-02 1.769225e+00 -2.272659e+00 -1.456655e+00 8.750381e-01 -8.798137e-01 -3.329811e-01 -4.196961e-01 -1.652106e-01 -5.510204e-01 -2.822112e-01 1.672628e-01 -3.167483e-01 4.157151e-01 -3.098301e-01 -1.451680e-01 9.603865e-01
<VARIANCE> 25
 4.047807e+01 4.509788e+01 4.072743e+01 4.920373e+01 5.569636e+01 6.172356e+01 4.530637e+01 4.568491e+01 4.599509e+01 5.428989e+01 3.689008e+01 2.984205e+01 1.958934e+00 3.476047e+00 3.505617e+00 3.531118e+00 3.950459e+00 4.678438e+00 3.773893e+00 3.687925e+00 4.728744e+00 3.792762e+00 3.112348e+00 2.763083e+00 1.993500e+00
<GCONST> 1.073765e+02
<STATE> 4
<MEAN> 25
 6.098345e+00 -2.453043e+00 -2.363336e+00 -2.223568e+00 1.130004e+00 -2.361303e+00 -3.167443e+00 6.331306e-01 1.138868e+00 2.948568e+00 -2.226668e+00 -2.448733e+00 -5.335429e-02 1.205254e-01 1.784335e-01 3.631155e-01 -5.561270e-03 1.409439e-01 1.882126e-01 -1.049644e-01 -1.864073e-01 -8.990087e-02 1.142222e-01 2.475083e-02 -2.549736e-01
<VARIANCE> 25
 3.790935e+01 4.051297e+01 3.873055e+01 4.652504e+01 3.907203e+01 5.414136e+01 3.511357e+01 3.635345e+01 4.348279e+01 4.567380e+01 3.639200e+01 3.028327e+01 5.436726e-01 1.470968e+00 1.453182e+00 1.457902e+00 1.736462e+00 1.795382e+00 1.610772e+00 1.733082e+00 2.042389e+00 1.758202e+00 1.720001e+00 1.462818e+00 7.954484e-01
<GCONST> 9.485129e+01
<TRANSP> 5
 0.000000e+00 1.000000e+00 0.000000e+00 0.000000e+00 0.000000e+00
 0.000000e+00 2.752943e-01 7.247057e-01 0.000000e+00 0.000000e+00
 0.000000e+00 0.000000e+00 1.209179e-01 8.790821e-01 0.000000e+00
 0.000000e+00 0.000000e+00 0.000000e+00 6.290330e-01 3.709671e-01
 0.000000e+00 0.000000e+00 0.000000e+00 0.000000e+00 0.000000e+00
<ENDHMM>
~h "kh"
<BEGINHMM>
<NUMSTATES> 5
<STATE> 2
<MEAN> 25
 1.926844e+00 -2.616803e+00 1.482784e+00 -6.289737e-01 -7.118307e+00 -3.415902e-01 -1.194160e+01 -1.105924e+01 2.142999e+00 7.569544e+00 -1.039808e+01 -1.089665e+01 -4.092300e-01 6.030313e-01 -7.476223e-02 8.571386e-02 6.911571e-02 1.622543e-01 1.317803e-01 8.082759e-01 -3.398881e-01 3.872623e-02 -1.673148e-01 1.822688e-01 -5.200224e-01
<VARIANCE> 25
 1.342334e+01 4.372960e+01 1.412885e+01 3.099347e+01 5.094852e+01 3.456805e+01 9.205737e+01 3.064100e+02 4.382021e+01 1.844683e+01 6.951961e+01 1.081067e+02 3.652821e-01 1.825818e+00 2.136328e+00 2.730572e+00 4.582849e+00 5.399258e+00 3.717913e+00 4.785055e+00 4.900961e+00 3.371927e+00 3.119721e+00 2.378277e+00 1.811161e+00
<GCONST> 1.045935e+02
<STATE> 3
<MEAN> 25
 2.415894e+00 -5.778600e+00 1.801717e+00 3.442751e+00 2.301383e-01 -6.215587e-02 -3.058505e+00 5.331105e+00 -3.339123e-01 2.986354e+00 -2.799359e+00 1.139986e+00 -8.917233e-01 1.119150e+00 4.713533e-01 1.683041e+00 1.223838e+00 1.385709e-01 5.609199e-01 1.426351e-01 1.160358e-02 -1.512427e+00 2.007076e+00 7.476638e-01 -2.140654e+00
<VARIANCE> 25
 2.106290e+01 3.027597e+01 1.023305e+01 2.726867e+01 4.519875e+01 8.044446e+01 5.822590e+01 1.241770e+02 4.669355e+01 2.475153e+01 3.576409e+01 3.668277e+01 2.065400e+00 2.821717e+00 1.613448e+00 3.772514e+00 3.728714e+00 2.748710e+00 1.782079e+00 5.171979e+00 2.760536e+00 1.306629e+00 4.855336e+00 1.275542e+00 2.471418e+00
<GCONST> 1.014807e+02
<STATE> 4
<MEAN> 25
 -1.730766e+01 4.945327e+00 -2.131222e+00 -3.274515e+00 4.743199e+00 1.559103e+00 1.679896e+00 4.266034e+00 1.012903e+00 1.110005e+00 2.037136e+00 4.601871e-01 -1.567625e-01 3.430037e-01 2.255873e-01 -4.181628e-01 -2.982498e-02 -1.772619e-02 -1.151261e-02 -2.469063e-01 -1.736504e-01 -2.241334e-01 1.365269e-01 7.190912e-03 1.349886e-01
<VARIANCE> 25
 1.521104e+02 6.401911e+01 5.260631e+01 8.071331e+01 2.644493e+01 4.831791e+01 3.455528e+01 3.409315e+01 2.191603e+01 1.095272e+01 1.431274e+01 1.281030e+01 4.682325e+00 4.541229e+00 3.706335e+00 3.687736e+00 3.307434e+00 5.058621e+00 3.799527e+00 3.172919e+00 1.775928e+00 1.361948e+00 1.444028e+00 1.090824e+00 6.607989e+00
<GCONST> 1.026059e+02
<TRANSP> 5
 0.000000e+00 1.000000e+00 0.000000e+00 0.000000e+00 0.000000e+00
 0.000000e+00 6.736591e-01 3.263408e-01 0.000000e+00 0.000000e+00
 0.000000e+00 0.000000e+00 5.768592e-01 4.231408e-01 0.000000e+00
 0.000000e+00 0.000000e+00 0.000000e+00 8.721578e-01 1.278422e-01
 0.000000e+00 0.000000e+00 0.000000e+00 0.000000e+00 0.000000e+00
<ENDHMM>
~h "ng"
<BEGINHMM>
<NUMSTATES> 5
<STATE> 2
<MEAN> 25
 6.659288e+00 5.479662e-01 -1.531374e+00 -1.796062e+00 -2.179008e+00 -9.055194e-01 -7.472172e-01 1.512041e-01 -5.561221e-01 1.918444e+00 1.001588e-01 -3.500983e+00 -7.267975e-01 1.710497e+00 4.790985e-01 1.124034e+00 4.296908e-01 7.498494e-01 -4.798267e-01 -1.127305e+00 2.093414e-01 4.469931e-01 8.818713e-02 -4.715663e-01 -1.625772e+00
<VARIANCE> 25
 1.887043e+01 3.305573e+01 3.746943e+01 3.714422e+01 6.379004e+01 6.019749e+01 6.488317e+01 5.774138e+01 6.494812e+01 3.885060e+01 3.105063e+01 3.356575e+01 7.758931e-01 1.801767e+00 2.352324e+00 2.580170e+00 4.157662e+00 3.374172e+00 6.509504e+00 3.844017e+00 5.630600e+00 2.994505e+00 3.328292e+00 2.660660e+00 1.139135e+00
<GCONST> 1.040207e+02
<STATE> 3
<MEAN> 25
 4.671060e+00 3.971338e+00 1.226578e+00 1.062148e+00 -9.772248e-01 1.736665e+00 8.301935e-02 -3.802360e+00 -2.294383e+00 1.855820e+00 -5.453319e-01 -2.853811e+00 -2.951177e-01 5.334582e-01 4.538761e-01 4.378051e-01 4.385695e-02 -4.259250e-02 4.882175e-03 -4.332224e-02 1.976987e-02 -1.845187e-01 -1.476218e-01 5.798629e-02 -4.570942e-01
<VARIANCE> 25
 1.152807e+01 2.420987e+01 2.626828e+01 2.515637e+01 3.807738e+01 4.278065e+01 4.964159e+01 4.077410e+01 6.893246e+01 3.068113e+01 2.500676e+01 2.721873e+01 3.904328e-01 7.695142e-01 1.153756e+00 1.040937e+00 1.405916e+00 1.331107e+00 1.661635e+00 1.594069e+00 1.746050e+00 1.544436e+00 1.432188e+00 1.123257e+00 3.803771e-01
<GCONST> 8.834267e+01
<STATE> 4
<MEAN> 25
 8.680435e-01 6.183861e+00 2.478494e+00 3.206843e+00 1.668516e+00 9.527406e-01 -1.963323e+00 -2.213692e+00 9.896477e-01 5.454639e-01 -1.092459e+00 -1.959539e+00 -8.846819e-01 -1.961130e-01 3.377238e-03 2.732046e-01 5.176223e-01 1.508875e-01 3.505534e-01 4.217916e-01 9.541585e-02 -3.000303e-01 2.154537e-01 3.084611e-01 -4.475513e-01
<VARIANCE> 25
 2.962079e+01 4.006969e+01 3.093243e+01 3.617014e+01 4.682026e+01 5.255096e+01 8.039056e+01 5.080557e+01 7.119695e+01 4.234121e+01 3.209706e+01 2.705640e+01 1.439646e+00 1.869977e+00 1.983659e+00 1.933805e+00 2.443835e+00 3.126303e+00 3.348421e+00 2.922359e+00 3.635278e+00 2.467973e+00 2.127554e+00 1.905129e+00 1.158597e+00
<GCONST> 1.013368e+02
<TRANSP> 5
 0.000000e+00 1.000000e+00 0.000000e+00 0.000000e+00 0.000000e+00
 0.000000e+00 5.310675e-01 4.689325e-01 0.000000e+00 0.000000e+00
 0.000000e+00 0.000000e+00 7.003871e-01 2.996130e-01 0.000000e+00
 0.000000e+00 0.000000e+00 0.000000e+00 4.832124e-01 5.167876e-01
 0.000000e+00 0.000000e+00 0.000000e+00 0.000000e+00 0.000000e+00
<ENDHMM>
~h "ny"
<BEGINHMM>
<NUMSTATES> 5
<STATE> 2
<MEAN> 25
 4.328468e+00 1.440345e+00 4.290796e+00 5.088991e+00 1.074038e+00 -5.716950e-01 -4.088274e+00 -4.693923e+00 -3.350686e+00 -1.003244e+00 1.959318e+00 2.792485e-03 -1.832515e-02 -2.609583e-01 5.021359e-01 1.832996e-01 -4.549351e-01 -5.592165e-01 -4.723289e-01 -2.509149e-03 -3.534972e-01 -3.303614e-01 4.177246e-01 2.817001e-01 2.453639e-01
<VARIANCE> 25
 2.198619e+01 5.134323e+01 4.407971e+01 4.801350e+01 5.538622e+01 6.120377e+01 6.673859e+01 6.389407e+01 5.380168e+01 3.149088e+01 3.647627e+01 2.695217e+01 2.993948e+00 7.981523e+00 4.213782e+00 4.521568e+00 5.104694e+00 6.666351e+00 4.678702e+00 5.227192e+00 6.025808e+00 3.638876e+00 3.890604e+00 3.064193e+00 4.638234e+00
<GCONST> 1.113911e+02
<STATE> 3
<MEAN> 25
 4.545134e+00 -2.572300e+00 7.016194e+00 2.221464e+00 -2.967190e+00 -4.446096e+00 -3.979673e+00 -2.655629e+00 -5.935798e+00 -2.405280e-01 2.215807e+00 1.312004e+00 4.725225e-01 -1.813591e+00 1.694826e-01 -1.222054e+00 -1.185707e+00 -8.927045e-01 2.484774e-01 2.020294e-01 -5.740472e-01 6.877440e-01 -2.113453e-01 5.539686e-01 1.666384e+00
<VARIANCE> 25
 2.239541e+01 3.171152e+01 5.277837e+01 8.188271e+01 4.698475e+01 5.417471e+01 5.558723e+01 7.557979e+01 4.479716e+01 3.456594e+01 3.254729e+01 2.152019e+01 1.441274e+00 2.231426e+00 5.024183e+00 4.444154e+00 3.388730e+00 4.181867e+00 4.601310e+00 6.109909e+00 4.382699e+00 3.248671e+00 2.889394e+00 1.954034e+00 1.311311e+00
<GCONST> 1.058851e+02
<STATE> 4
<MEAN> 25
 7.008943e+00 -8.135395e+00 4.133225e+00 -1.646288e+00 -5.733555e+00 -2.874874e+00 -3.292390e+00 -3.923139e+00 -3.935005e+00 -1.270582e-01 1.776605e+00 3.124792e+00 2.024364e-01 -5.653932e-01 -7.895960e-01 -6.693059e-01 -2.667413e-01 8.292605e-02 5.063866e-01 4.742859e-01 4.126975e-01 -1.530743e-01 -6.156092e-01 8.791486e-02 4.107084e-01
<VARIANCE> 25
 2.331124e+01 2.440539e+01 3.366031e+01 4.796143e+01 4.065112e+01 6.164022e+01 5.791915e+01 1.280020e+02 3.582614e+01 3.043201e+01 3.961102e+01 1.966814e+01 4.216574e-01 1.014729e+00 1.544137e+00 2.175189e+00 2.313477e+00 2.648537e+00 2.477382e+00 2.461283e+00 1.945726e+00 1.885162e+00 1.463288e+00 1.270568e+00 4.959510e-01
<GCONST> 9.526888e+01
<TRANSP> 5
 0.000000e+00 1.000000e+00 0.000000e+00 0.000000e+00 0.000000e+00
 0.000000e+00 5.734817e-01 4.265182e-01 0.000000e+00 0.000000e+00
 0.000000e+00 0.000000e+00 5.096713e-01 4.903288e-01 0.000000e+00
 0.000000e+00 0.000000e+00 0.000000e+00 6.880015e-01 3.119985e-01
 0.000000e+00 0.000000e+00 0.000000e+00 0.000000e+00 0.000000e+00
<ENDHMM>
~h "sp"
<BEGINHMM>
<NUMSTATES> 3
<STATE> 2
~s "silst"
<TRANSP> 3
 0.000000e+00 1.858345e-01 8.141655e-01
 0.000000e+00 9.328665e-01 6.713346e-02
 0.000000e+00 0.000000e+00 0.000000e+00
<ENDHMM>
~h "sy"
<BEGINHMM>
<NUMSTATES> 5
<STATE> 2
<MEAN> 25
 -3.420606e+00 4.281062e+00 9.647130e-01 5.878563e+00 8.894161e-01 -4.163864e+00 5.878328e-01 1.843428e+00 -4.817236e+00 -3.590996e+00 2.982516e+00 4.012437e+00 -3.835016e-01 4.921847e-01 -4.261580e-01 3.603410e-01 1.602659e-01 1.939037e-01 3.312918e-01 -3.708885e-01 4.352137e-01 9.085304e-02 -1.226503e-01 -1.186836e-01 -5.306863e-01
<VARIANCE> 25
 1.961551e+01 1.918171e+01 1.238143e+01 2.848261e+01 1.102041e+01 1.626436e+01 2.349917e+01 2.710435e+01 2.192131e+01 1.295344e+01 1.835166e+01 1.744848e+01 4.350883e-01 7.462426e-01 5.511179e-01 1.100061e+00 1.142869e+00 1.300117e+00 1.463649e+00 1.934212e+00 1.071599e+00 7.866550e-01 9.979929e-01 3.282964e+00 3.179886e-01
<GCONST> 8.048734e+01
<STATE> 3
<MEAN> 25
 -4.448489e+00 2.100981e+00 -8.383197e+00 8.761912e+00 4.655640e+00 6.317329e+00 5.895304e+00 -7.590218e-01 5.830998e+00 2.405342e-01 -3.807475e+00 5.280249e-01 -3.065880e-01 2.621215e-01 -2.030054e-01 4.819389e-01 7.411211e-02 3.060747e-01 6.760649e-02 -4.549286e-01 2.664012e-02 -7.207381e-02 -9.586371e-02 9.538255e-02 -5.037356e-01
<VARIANCE> 25
 1.177408e+01 3.213382e+01 2.559813e+01 3.393551e+01 8.881671e+00 1.649967e+01 1.670169e+01 4.386568e+01 3.606891e+01 1.686439e+01 9.174091e+00 1.574518e+01 1.591580e-01 3.620790e-01 5.479698e-01 1.155130e+00 1.066058e+00 2.005357e+00 1.692136e+00 1.549528e+00 2.773381e+00 1.300403e+00 6.582326e-01 7.219595e-01 2.542892e-01
<GCONST> 7.919938e+01
<STATE> 4
<MEAN> 25
 -4.253688e+00 5.695711e+00 3.187883e+00 2.065329e+00 -9.728504e-01 -3.152077e+00 3.688830e+00 -5.631481e+00 -9.463193e-01 2.252416e-01 -2.608315e+00 3.128666e+00 2.182878e+00 -9.599485e-01 1.078074e+00 -1.354941e+00 -2.057543e+00 -1.511212e+00 -5.012890e-01 9.718776e-01 -8.837730e-01 3.389455e-01 8.487503e-01 4.889343e-01 7.482269e-01
<VARIANCE> 25
 3.516895e+01 2.085569e+01 4.462629e+01 6.823871e+01 3.455569e+01 8.748840e+01 4.296859e+00 1.875251e+01 7.468886e+01 1.019625e+01 1.643849e+01 1.421319e+01 1.049484e+00 2.147274e+00 2.351654e+00 4.955721e+00 1.726392e+00 3.475008e+00 1.808144e+00 2.117184e+00 2.020401e+00 2.960198e+00 1.976581e+00 1.373104e+00 3.654419e+00
<GCONST> 9.554359e+01
<TRANSP> 5
 0.000000e+00 1.000000e+00 0.000000e+00 0.000000e+00 0.000000e+00
 0.000000e+00 8.577862e-01 1.422138e-01 0.000000e+00 0.000000e+00
 0.000000e+00 0.000000e+00 9.158751e-01 8.412485e-02 0.000000e+00
 0.000000e+00 0.000000e+00 0.000000e+00 7.510119e-01 2.489881e-01
 0.000000e+00 0.000000e+00 0.000000e+00 0.000000e+00 0.000000e+00
<ENDHMM>
~h "sil"
<BEGINHMM>
<NUMSTATES> 5
<STATE> 2
<MEAN> 25
 -9.058405e+00 1.961949e+00 -1.927156e+00 3.550248e+00 2.275078e+00 4.509313e+00 1.563998e+00 1.311534e+00 3.506792e+00 -5.648921e-01 2.892044e+00 2.476715e+00 -4.176965e-02 1.010579e-02 3.963688e-03 6.951041e-04 -1.006027e-02 -3.877661e-03 -1.193611e-02 -1.279870e-02 -1.423610e-02 7.649074e-03 4.828347e-03 8.056276e-03 -4.820497e-02
<VARIANCE> 25
 1.192072e+01 1.698836e+01 1.796988e+01 1.971185e+01 1.978297e+01 1.871786e+01 2.502319e+01 2.271713e+01 3.363034e+01 2.035962e+01 1.810657e+01 1.338824e+01 1.879717e-01 3.243832e-01 5.309048e-01 6.827849e-01 8.590693e-01 1.048009e+00 1.200753e+00 1.266694e+00 1.367859e+00 1.335934e+00 1.258448e+00 1.173648e+00 1.225395e-01
<GCONST> 7.680035e+01
<STATE> 3
~s "silst"
<STATE> 4
<MEAN> 25
 -1.562028e+01 4.483876e+00 -6.794008e+00 -5.070755e+00 2.449051e+00 1.022920e+00 2.561268e+00 3.116916e+00 -9.976659e-01 1.417876e+00 -3.047652e-01 -1.178679e+00 -1.317838e-02 2.551137e-02 7.507371e-02 3.700395e-02 2.594915e-02 -2.850700e-02 -2.400453e-02 1.108507e-02 -1.548868e-02 3.533251e-02 -1.471156e-02 -5.868705e-02 -7.181804e-03
<VARIANCE> 25
 6.057518e+01 2.258987e+01 2.849390e+01 4.273359e+01 3.164881e+01 2.261007e+01 2.862876e+01 2.348655e+01 2.919351e+01 2.403424e+01 1.478694e+01 1.724558e+01 1.016865e+00 7.530022e-01 7.475262e-01 1.022444e+00 1.204267e+00 1.208976e+00 1.316772e+00 1.220330e+00 1.343069e+00 1.263369e+00 1.096005e+00 1.024495e+00 7.920396e-01
<GCONST> 8.617731e+01
<TRANSP> 5
 0.000000e+00 1.000000e+00 0.000000e+00 0.000000e+00 0.000000e+00
 0.000000e+00 9.104775e-01 3.096276e-02 5.855979e-02 0.000000e+00
 0.000000e+00 0.000000e+00 8.721899e-01 1.278101e-01 0.000000e+00
 0.000000e+00 3.705195e-02 0.000000e+00 7.750207e-01 1.879273e-01
 0.000000e+00 0.000000e+00 0.000000e+00 0.000000e+00 0.000000e+00
<ENDHMM>
