~o
<STREAMINFO> 1 25
<VECSIZE> 25<NULLD><MFCC_D_N_Z_0><DIAGC>
~h "a"
<BEGINHMM>
<NUMSTATES> 5
<STATE> 2
<MEAN> 25
 5.907557e+00 -4.290807e+00 -2.776721e+00 -2.881858e+00 -1.513628e+00 -3.298338e+00 9.291180e-01 2.136394e+00 5.314263e-01 1.310559e+00 -2.241635e+00 -9.840152e-01 5.754638e-01 -8.988737e-01 -4.886694e-01 -4.948588e-01 8.461721e-03 -2.051057e-01 5.236158e-01 4.870127e-01 -5.734279e-02 1.250335e-01 -5.519068e-01 -1.477706e-01 8.589772e-01
<VARIANCE> 25
 5.978904e+01 4.538306e+01 4.223790e+01 4.749530e+01 6.813362e+01 7.067188e+01 5.563394e+01 5.864363e+01 4.471123e+01 3.912188e+01 4.496855e+01 3.438739e+01 2.616814e+00 3.194709e+00 2.710907e+00 3.494767e+00 4.332986e+00 4.607630e+00 3.850276e+00 4.022326e+00 3.427025e+00 3.047997e+00 3.501430e+00 2.624566e+00 2.726866e+00
<GCONST> 1.085106e+02
<STATE> 3
<MEAN> 25
 7.059423e+00 -6.069483e+00 -3.361454e+00 -3.664830e+00 -1.528147e+00 -3.319336e+00 1.770863e+00 2.487510e+00 2.074264e-01 1.363551e+00 -2.944499e+00 -1.170284e+00 -1.337996e-01 -2.214620e-02 2.585104e-02 9.088844e-02 2.496487e-01 2.693484e-01 1.594449e-01 -4.760250e-02 -5.210487e-02 1.562648e-02 -7.088473e-02 -1.763655e-02 -1.203300e-01
<VARIANCE> 25
 4.247440e+01 3.847747e+01 3.610394e+01 4.775495e+01 6.556510e+01 6.155854e+01 5.897696e+01 5.968118e+01 4.214873e+01 3.830762e+01 4.936796e+01 3.474479e+01 1.053836e+00 2.023512e+00 1.804271e+00 2.137294e+00 2.882749e+00 3.274126e+00 2.823048e+00 2.997200e+00 2.703583e+00 2.359367e+00 2.462827e+00 2.046026e+00 1.255602e+00
<GCONST> 1.022868e+02
<STATE> 4
<MEAN> 25
 4.981723e+00 -5.292645e+00 -3.440986e+00 -3.024005e+00 1.247525e+00 -1.352624e+00 8.989471e-01 2.340979e+00 1.253002e+00 1.590983e+00 -3.740223e+00 -1.585249e+00 -4.046632e-01 6.691579e-01 2.713610e-01 4.744991e-01 1.297544e-01 2.758369e-01 -1.150852e-01 -2.940499e-01 -2.768725e-02 -9.965126e-02 4.027091e-01 1.772929e-01 -7.438597e-01
<VARIANCE> 25
 4.663779e+01 4.059271e+01 3.048955e+01 4.672222e+01 5.415657e+01 5.693295e+01 4.573789e+01 4.514932e+01 3.866822e+01 3.316139e+01 4.763573e+01 3.195110e+01 1.113186e+00 1.620450e+00 1.495781e+00 1.930879e+00 2.205876e+00 2.501934e+00 2.118768e+00 2.221033e+00 2.105885e+00 1.816582e+00 2.128401e+00 1.634702e+00 1.135469e+00
<GCONST> 9.852850e+01
<TRANSP> 5
 0.000000e+00 1.000000e+00 0.000000e+00 0.000000e+00 0.000000e+00
 0.000000e+00 4.280755e-01 5.719244e-01 0.000000e+00 0.000000e+00
 0.000000e+00 0.000000e+00 3.515303e-01 6.484696e-01 0.000000e+00
 0.000000e+00 0.000000e+00 0.000000e+00 7.440141e-01 2.559859e-01
 0.000000e+00 0.000000e+00 0.000000e+00 0.000000e+00 0.000000e+00
<ENDHMM>
~h "b"
<BEGINHMM>
<NUMSTATES> 5
<STATE> 2
<MEAN> 25
 3.880140e+00 5.286089e+00 3.694406e-01 2.181655e+00 5.088856e-01 -3.281664e-01 -1.993939e+00 -2.118954e+00 -1.163572e+00 -1.095558e+00 9.751558e-02 -1.265723e+00 -1.523054e-01 1.238024e+00 7.338982e-02 2.452179e-01 4.599359e-01 6.677971e-01 2.903712e-02 -2.950186e-01 1.217400e-01 -2.903549e-01 8.062618e-02 -1.376001e-01 -6.682640e-01
<VARIANCE> 25
 4.449222e+01 4.893233e+01 3.022630e+01 4.362072e+01 3.923866e+01 5.526579e+01 3.772208e+01 5.456841e+01 3.929289e+01 4.131565e+01 2.663935e+01 2.520788e+01 3.888260e+00 5.761820e+00 3.901442e+00 4.514612e+00 3.606978e+00 6.075246e+00 3.850165e+00 4.256443e+00 4.033957e+00 5.425380e+00 2.593073e+00 2.354751e+00 5.194539e+00
<GCONST> 1.084345e+02
<STATE> 3
<MEAN> 25
 3.871530e+00 6.868485e+00 6.825848e-01 2.100196e+00 1.174885e+00 7.778295e-01 -2.051415e+00 -2.708632e+00 -9.177614e-01 -1.080543e+00 2.089218e-01 -1.652560e+00 2.312618e-01 -7.772235e-02 -1.498739e-01 -2.373134e-01 3.913214e-02 -6.674498e-02 -2.531341e-01 5.360573e-02 3.203491e-01 2.213665e-01 -6.620115e-03 -1.870314e-01 3.420485e-01
<VARIANCE> 25
 3.362335e+01 4.662444e+01 3.237440e+01 4.626876e+01 3.679575e+01 4.692579e+01 3.436586e+01 5.203715e+01 3.918128e+01 4.087232e+01 2.964474e+01 2.515852e+01 3.376724e+00 6.056952e+00 3.897933e+00 4.644531e+00 3.278692e+00 5.931961e+00 3.544796e+00 3.954535e+00 4.543872e+00 5.725582e+00 2.786302e+00 3.098865e+00 4.275641e+00
<GCONST> 1.079420e+02
<STATE> 4
<MEAN> 25
 4.095267e+00 6.267506e+00 1.793144e-01 1.984924e+00 7.771899e-01 1.054289e+00 -2.399933e+00 -3.579002e+00 -1.002709e+00 -9.923673e-01 5.496583e-01 -1.733571e+00 3.767837e-01 -9.741277e-01 -2.901554e-01 -4.719459e-01 -2.995766e-01 -6.178534e-01 -3.218684e-01 4.479727e-01 3.323851e-01 3.267916e-01 -4.782915e-02 -2.182892e-02 8.569192e-01
<VARIANCE> 25
 3.211244e+01 5.153098e+01 3.075812e+01 5.817010e+01 3.468131e+01 4.553341e+01 3.597879e+01 4.860875e+01 4.041523e+01 5.331116e+01 3.033441e+01 2.555694e+01 2.064150e+00 4.463294e+00 2.739945e+00 4.164534e+00 2.673353e+00 4.282698e+00 2.736246e+00 3.780444e+00 3.574772e+00 4.363414e+00 2.942524e+00 2.876258e+00 2.980363e+00
<GCONST> 1.054122e+02
<TRANSP> 5
 0.000000e+00 1.000000e+00 0.000000e+00 0.000000e+00 0.000000e+00
 0.000000e+00 3.899464e-01 6.100537e-01 0.000000e+00 0.000000e+00
 0.000000e+00 0.000000e+00 3.233359e-01 6.766642e-01 0.000000e+00
 0.000000e+00 0.000000e+00 0.000000e+00 5.452215e-01 4.547785e-01
 0.000000e+00 0.000000e+00 0.000000e+00 0.000000e+00 0.000000e+00
<ENDHMM>
~h "c"
<BEGINHMM>
<NUMSTATES> 5
<STATE> 2
<MEAN> 25
 -1.116327e+01 5.089304e+00 -1.802935e+00 -4.413557e-01 5.720236e+00 1.316784e+00 -1.350171e+00 -1.390148e+00 -1.182960e+00 1.207905e+00 1.603616e+00 -5.883492e-01 -1.013569e+00 3.126846e-01 -1.194033e-01 3.171951e-03 1.412903e-01 -8.557274e-02 3.025154e-01 4.052267e-01 2.879951e-01 4.453111e-02 6.824024e-02 -2.004497e-02 -5.901477e-01
<VARIANCE> 25
 1.771962e+02 5.175271e+01 3.518996e+01 6.179783e+01 3.829237e+01 4.173561e+01 5.265459e+01 7.732613e+01 4.867559e+01 2.996723e+01 2.966084e+01 2.815601e+01 6.273342e+00 5.004212e+00 2.622111e+00 3.951684e+00 3.963741e+00 3.559651e+00 3.789139e+00 4.463256e+00 3.271510e+00 2.510509e+00 2.250098e+00 1.835289e+00 5.884901e+00
<GCONST> 1.090124e+02
<STATE> 3
<MEAN> 25
 -9.885648e+00 8.797507e-01 1.811519e+00 1.963167e-01 1.388807e+00 2.823804e+00 1.349468e+00 5.461872e-01 2.918353e+00 -1.664750e-01 1.946504e+00 1.668928e+00 9.067804e-01 -2.070285e+00 1.092246e+00 2.115390e-01 -1.476646e+00 -2.102938e-01 3.163356e-02 5.684562e-01 8.106052e-01 -7.873970e-01 -4.529569e-01 2.483443e-01 2.110078e+00
<VARIANCE> 25
 4.801926e+01 6.012332e+01 3.950091e+01 6.013261e+01 5.927290e+01 5.265385e+01 5.176776e+01 5.835629e+01 4.079376e+01 3.026681e+01 2.855926e+01 2.353455e+01 9.351887e+00 1.186109e+01 6.338009e+00 8.053789e+00 7.507890e+00 6.227734e+00 6.377606e+00 6.777853e+00 5.676275e+00 4.111014e+00 3.311798e+00 2.401164e+00 7.845885e+00
<GCONST> 1.149124e+02
<STATE> 4
<MEAN> 25
 2.840388e-01 -4.880654e+00 4.678144e+00 4.626184e+00 5.101304e-01 3.317962e+00 -2.629838e+00 -2.660236e+00 2.249164e+00 -1.572774e+00 5.542215e-01 1.521883e+00 1.670529e+00 2.161749e-01 -4.596238e-01 -1.420276e-01 -2.314408e-02 -7.097918e-01 -4.229639e-01 -4.328417e-01 -4.324434e-01 -2.272896e-03 -2.253434e-01 -6.690231e-02 1.031652e+00
<VARIANCE> 25
 8.754481e+01 1.149259e+02 7.206085e+01 5.018686e+01 7.181255e+01 8.380026e+01 5.803572e+01 7.836727e+01 7.622855e+01 4.182321e+01 4.381816e+01 3.853806e+01 8.709032e+00 1.376419e+01 9.078301e+00 5.379687e+00 7.858284e+00 1.034579e+01 5.528571e+00 8.246946e+00 8.781508e+00 3.995379e+00 4.075605e+00 3.627382e+00 7.831706e+00
<GCONST> 1.211828e+02
<TRANSP> 5
 0.000000e+00 1.000000e+00 0.000000e+00 0.000000e+00 0.000000e+00
 0.000000e+00 8.073738e-01 1.926263e-01 0.000000e+00 0.000000e+00
 0.000000e+00 0.000000e+00 6.068085e-01 3.931915e-01 0.000000e+00
 0.000000e+00 0.000000e+00 0.000000e+00 8.262161e-01 1.737838e-01
 0.000000e+00 0.000000e+00 0.000000e+00 0.000000e+00 0.000000e+00
<ENDHMM>
~h "d"
<BEGINHMM>
<NUMSTATES> 5
<STATE> 2
<MEAN> 25
 3.165055e+00 2.972054e+00 1.211363e+00 5.531207e+00 4.125299e+00 -5.666962e-01 -2.828571e+00 -1.761940e+00 -1.472736e+00 -2.960807e+00 -1.481094e+00 1.532765e-01 5.995387e-01 -2.669184e-01 3.989495e-01 7.339659e-01 -3.858161e-01 -7.412668e-01 -2.695237e-01 -7.654727e-04 -3.448091e-01 -6.699466e-01 1.449380e-01 1.433091e-01 6.345546e-01
<VARIANCE> 25
 6.281847e+01 5.891508e+01 5.405382e+01 5.171844e+01 8.611513e+01 8.347201e+01 5.319410e+01 5.149654e+01 5.634239e+01 4.267710e+01 3.658519e+01 2.784250e+01 6.771785e+00 9.222934e+00 4.619252e+00 5.434865e+00 6.335091e+00 1.248034e+01 5.993058e+00 5.474168e+00 5.304935e+00 4.419001e+00 3.940310e+00 3.119638e+00 8.876842e+00
<GCONST> 1.166715e+02
<STATE> 3
<MEAN> 25
 5.514509e+00 3.751286e-01 3.497293e+00 5.936623e+00 -7.820922e-01 -5.499201e+00 -4.505837e+00 -1.832836e+00 -2.099941e+00 -4.219271e+00 -9.993855e-01 5.256789e-01 4.673594e-01 -8.826709e-01 4.246334e-01 -6.091036e-01 -9.970474e-01 -1.059775e+00 -3.951297e-01 2.480651e-01 -1.873835e-01 3.351322e-01 4.490713e-01 1.318772e-01 1.167644e+00
<VARIANCE> 25
 4.194246e+01 6.018776e+01 4.815833e+01 5.938498e+01 7.253469e+01 6.441779e+01 4.563155e+01 6.041355e+01 5.713569e+01 4.515418e+01 3.967911e+01 2.777988e+01 2.611530e+00 5.814574e+00 3.314261e+00 4.495792e+00 5.065218e+00 7.120049e+00 4.392956e+00 5.736190e+00 4.544941e+00 4.554322e+00 3.334787e+00 2.877486e+00 4.847241e+00
<GCONST> 1.120748e+02
<STATE> 4
<MEAN> 25
 6.449164e+00 -1.488338e+00 5.485791e+00 3.444841e+00 -4.217805e+00 -8.030810e+00 -5.389451e+00 1.036740e-01 -5.290581e-01 -2.573937e+00 4.109058e-01 6.763504e-01 8.558099e-02 -4.199267e-01 -5.064315e-02 -6.556798e-01 -3.259226e-01 8.546256e-02 1.015239e-01 1.697719e-01 2.279823e-01 6.126802e-01 2.015356e-01 -1.235566e-01 4.751527e-01
<VARIANCE> 25
 3.847075e+01 6.885461e+01 4.948602e+01 6.164817e+01 7.783939e+01 8.581783e+01 4.732281e+01 9.150005e+01 6.664465e+01 4.887898e+01 4.361399e+01 3.338679e+01 1.264419e+00 3.458507e+00 2.585527e+00 3.272191e+00 3.705012e+00 4.659131e+00 3.233090e+00 3.773017e+00 3.262521e+00 2.958652e+00 2.443333e+00 2.095364e+00 3.209928e+00
<GCONST> 1.084317e+02
<TRANSP> 5
 0.000000e+00 1.000000e+00 0.000000e+00 0.000000e+00 0.000000e+00
 0.000000e+00 6.420820e-01 3.579179e-01 0.000000e+00 0.000000e+00
 0.000000e+00 0.000000e+00 4.185654e-01 5.814346e-01 0.000000e+00
 0.000000e+00 0.000000e+00 0.000000e+00 6.157122e-01 3.842878e-01
 0.000000e+00 0.000000e+00 0.000000e+00 0.000000e+00 0.000000e+00
<ENDHMM>
~h "e"
<BEGINHMM>
<NUMSTATES> 5
<STATE> 2
<MEAN> 25
 3.792195e+00 -2.587709e+00 -1.071788e-01 7.217192e-01 -2.036270e+00 -4.295389e+00 2.570299e-01 2.475076e-01 -1.975345e+00 1.572100e+00 1.438756e+00 3.575922e-01 8.123127e-01 -6.671614e-01 2.949961e-01 -1.633327e-02 -7.269310e-01 -8.129882e-01 4.868774e-01 2.256013e-01 -1.025730e+00 2.868389e-01 3.879190e-01 7.410420e-02 9.796617e-01
<VARIANCE> 25
 7.494961e+01 4.757103e+01 4.315332e+01 3.797216e+01 6.348888e+01 7.474246e+01 4.662214e+01 7.274815e+01 5.952243e+01 4.036074e+01 4.133115e+01 2.655638e+01 4.141003e+00 5.064072e+00 3.684359e+00 3.340834e+00 4.489733e+00 5.933730e+00 4.506430e+00 4.748494e+00 5.068741e+00 3.740358e+00 3.304933e+00 2.288941e+00 4.320613e+00
<GCONST> 1.112351e+02
<STATE> 3
<MEAN> 25
 5.677244e+00 -3.978331e+00 8.644437e-01 4.892296e-01 -3.734043e+00 -5.457308e+00 1.184988e+00 5.541229e-01 -3.290343e+00 1.653202e+00 2.030152e+00 6.373475e-01 8.169236e-03 -1.017348e-01 3.271233e-01 1.333633e-01 -1.894530e-01 1.305404e-01 2.898277e-01 -4.261251e-02 -3.589677e-01 2.989401e-02 1.967394e-01 9.715638e-02 5.861257e-02
<VARIANCE> 25
 5.538128e+01 4.485313e+01 4.683138e+01 3.907493e+01 6.660950e+01 7.833192e+01 5.005310e+01 8.291597e+01 6.181358e+01 4.235109e+01 4.205523e+01 2.509499e+01 2.177534e+00 3.185874e+00 2.351319e+00 2.323655e+00 3.078573e+00 3.777852e+00 3.293371e+00 3.290482e+00 3.626586e+00 2.654440e+00 2.167994e+00 1.813561e+00 2.399897e+00
<GCONST> 1.059797e+02
<STATE> 4
<MEAN> 25
 3.170114e+00 -2.624475e+00 3.764583e+00 9.121460e-01 -5.057059e+00 -5.258979e+00 2.129358e+00 1.611132e+00 -3.889132e+00 1.159089e+00 2.858283e+00 9.779681e-01 -3.096700e-01 3.626412e-01 -4.555935e-02 1.141092e-01 3.426404e-01 3.364725e-01 -1.351504e-02 -8.003303e-02 1.245601e-01 -1.139137e-01 -6.432186e-02 -5.203204e-02 -4.764912e-01
<VARIANCE> 25
 6.061122e+01 3.781617e+01 5.713465e+01 3.620195e+01 6.619943e+01 6.006056e+01 4.109565e+01 5.743044e+01 6.425690e+01 3.695509e+01 3.148718e+01 2.103901e+01 1.072807e+00 1.461013e+00 1.383032e+00 1.466780e+00 1.882572e+00 1.991185e+00 1.764426e+00 1.780636e+00 1.988300e+00 1.734998e+00 1.394713e+00 1.182695e+00 1.042869e+00
<GCONST> 9.704538e+01
<TRANSP> 5
 0.000000e+00 1.000000e+00 0.000000e+00 0.000000e+00 0.000000e+00
 0.000000e+00 3.915738e-01 6.084262e-01 0.000000e+00 0.000000e+00
 0.000000e+00 0.000000e+00 2.940047e-01 7.059953e-01 0.000000e+00
 0.000000e+00 0.000000e+00 0.000000e+00 7.939307e-01 2.060693e-01
 0.000000e+00 0.000000e+00 0.000000e+00 0.000000e+00 0.000000e+00
<ENDHMM>
~h "f"
<BEGINHMM>
<NUMSTATES> 5
<STATE> 2
<MEAN> 25
 -3.982249e+00 3.937844e+00 -1.089775e+00 1.648723e+00 5.176394e+00 2.483162e+00 -8.914317e-01 -1.753147e+00 4.434352e-01 2.079284e+00 2.298194e+00 1.066758e+00 -1.065189e+00 -7.640478e-01 3.257782e-02 5.935739e-01 5.100124e-01 9.465778e-01 6.399457e-01 3.422187e-01 8.282614e-01 -6.313421e-01 2.254506e-01 9.675508e-01 -4.220949e-01
<VARIANCE> 25
 2.330521e+02 1.165223e+02 2.325853e+01 4.426148e+01 7.144816e+01 3.641873e+01 3.439498e+01 4.663857e+01 3.893172e+01 2.622839e+01 1.792895e+01 1.621509e+01 7.427101e+00 5.569917e+00 2.879811e+00 2.823560e+00 4.076405e+00 3.131427e+00 3.414762e+00 5.996806e+00 3.929637e+00 3.655699e+00 3.066412e+00 1.801519e+00 5.731043e+00
<GCONST> 1.084426e+02
<STATE> 3
<MEAN> 25
 -2.489383e+00 -2.723027e+00 -1.873406e+00 2.887974e+00 2.191891e+00 1.732910e+00 1.066663e+00 -5.968066e-01 2.953730e+00 -3.749024e-01 2.600984e+00 2.930689e+00 -1.055847e+00 -9.269801e-01 -2.039491e-01 -3.423654e-01 -2.280269e-01 2.882717e-03 2.130787e-02 -8.620206e-02 4.546255e-01 -3.016486e-01 -8.835286e-02 3.280942e-01 -1.830873e-01
<VARIANCE> 25
 2.702811e+01 4.146085e+01 2.033699e+01 2.119864e+01 2.843960e+01 4.380587e+01 3.673037e+01 3.368274e+01 3.581356e+01 2.925148e+01 1.715748e+01 1.590050e+01 2.571969e+00 4.248581e+00 1.578300e+00 2.324586e+00 2.278834e+00 2.891736e+00 3.201592e+00 4.612677e+00 3.351956e+00 3.823649e+00 1.442619e+00 1.656131e+00 2.862204e+00
<GCONST> 9.858852e+01
<STATE> 4
<MEAN> 25
 -4.711221e+00 -7.198579e-01 -1.770132e+00 3.782842e+00 2.261099e+00 3.279865e+00 1.738236e+00 6.982434e-02 2.918922e+00 -1.234333e+00 1.837508e+00 1.354023e+00 4.419086e-01 2.845619e-01 -1.056406e-01 -3.927058e-01 -1.664310e-01 -4.378391e-01 -1.881875e-01 -1.330045e-01 -4.291770e-01 -3.028220e-02 -2.195243e-01 -1.286683e-01 2.160393e-01
<VARIANCE> 25
 2.110417e+01 5.093307e+01 1.672187e+01 3.093077e+01 2.693272e+01 6.073919e+01 2.587171e+01 2.408624e+01 2.799817e+01 2.038444e+01 1.605316e+01 2.145977e+01 2.317117e+00 4.447482e+00 1.534168e+00 2.224475e+00 1.895850e+00 4.676433e+00 2.123294e+00 2.708218e+00 2.995204e+00 2.385103e+00 1.444397e+00 1.193374e+00 1.561838e+00
<GCONST> 9.564731e+01
<TRANSP> 5
 0.000000e+00 1.000000e+00 0.000000e+00 0.000000e+00 0.000000e+00
 0.000000e+00 4.518473e-01 5.481527e-01 0.000000e+00 0.000000e+00
 0.000000e+00 0.000000e+00 5.021970e-01 4.978031e-01 0.000000e+00
 0.000000e+00 0.000000e+00 0.000000e+00 7.892442e-01 2.107558e-01
 0.000000e+00 0.000000e+00 0.000000e+00 0.000000e+00 0.000000e+00
<ENDHMM>
~h "g"
<BEGINHMM>
<NUMSTATES> 5
<STATE> 2
<MEAN> 25
 3.118316e+00 3.530070e+00 4.289107e+00 3.777855e+00 -8.045417e-01 -3.332164e+00 -3.830148e+00 4.732972e-01 3.806886e-01 -2.090645e+00 -7.554632e-01 -2.210944e+00 3.700292e-01 -2.040262e-01 4.119279e-01 3.471703e-01 -1.574311e-01 -8.899065e-01 -6.983981e-01 6.045969e-01 4.870960e-01 -3.610557e-01 -1.952357e-01 -1.332430e-01 5.645883e-01
<VARIANCE> 25
 5.030961e+01 6.680405e+01 5.263729e+01 5.632357e+01 9.860337e+01 1.055922e+02 8.444843e+01 9.527110e+01 7.367801e+01 6.134626e+01 3.838218e+01 2.867588e+01 4.582871e+00 6.600910e+00 4.173506e+00 5.309794e+00 9.144670e+00 9.048567e+00 7.403509e+00 6.444996e+00 5.453958e+00 5.679326e+00 3.528379e+00 3.358671e+00 5.444320e+00
<GCONST> 1.181139e+02
<STATE> 3
<MEAN> 25
 4.631736e+00 1.799496e+00 4.505728e+00 3.547314e+00 -2.308373e+00 -6.287320e+00 -5.552666e+00 1.764224e+00 1.339968e+00 -2.831423e+00 -1.593180e+00 -2.348381e+00 3.909988e-01 -8.812889e-01 3.935485e-02 -3.233192e-01 -4.957102e-01 -3.855792e-01 -6.166287e-02 3.127316e-01 3.846866e-02 -1.560127e-01 -9.891504e-02 2.216160e-01 8.825026e-01
<VARIANCE> 25
 3.676034e+01 6.456181e+01 4.541318e+01 6.079859e+01 8.945889e+01 1.030467e+02 9.659978e+01 8.970895e+01 6.965773e+01 6.749059e+01 4.154258e+01 3.565154e+01 3.172431e+00 5.790214e+00 3.833515e+00 4.948438e+00 8.200388e+00 7.245326e+00 7.687547e+00 6.107039e+00 5.154461e+00 5.194093e+00 3.560057e+00 3.310069e+00 4.289743e+00
<GCONST> 1.165920e+02
<STATE> 4
<MEAN> 25
 6.029374e+00 -2.151271e+00 4.563094e+00 1.137611e+00 -4.338390e+00 -5.268194e+00 -6.038815e+00 6.952670e-02 1.768577e+00 -3.467992e+00 -2.049997e+00 -7.091566e-01 1.493814e-01 -4.667847e-01 -2.845940e-01 -5.239056e-01 -1.390952e-01 2.276736e-01 3.496813e-01 -6.422561e-02 -1.757878e-01 4.242292e-01 1.959792e-01 1.646126e-01 4.308031e-01
<VARIANCE> 25
 4.484317e+01 6.039099e+01 4.340421e+01 9.059000e+01 9.087430e+01 8.700933e+01 8.068998e+01 9.586789e+01 6.670565e+01 7.143536e+01 4.574085e+01 4.240371e+01 2.149448e+00 3.859942e+00 3.038004e+00 4.244277e+00 5.086135e+00 4.689122e+00 4.854009e+00 4.814530e+00 4.139844e+00 3.333897e+00 2.804779e+00 2.761437e+00 2.890740e+00
<GCONST> 1.128255e+02
<TRANSP> 5
 0.000000e+00 1.000000e+00 0.000000e+00 0.000000e+00 0.000000e+00
 0.000000e+00 6.341186e-01 3.658814e-01 0.000000e+00 0.000000e+00
 0.000000e+00 0.000000e+00 4.811874e-01 5.188126e-01 0.000000e+00
 0.000000e+00 0.000000e+00 0.000000e+00 5.593864e-01 4.406137e-01
 0.000000e+00 0.000000e+00 0.000000e+00 0.000000e+00 0.000000e+00
<ENDHMM>
~h "h"
<BEGINHMM>
<NUMSTATES> 5
<STATE> 2
<MEAN> 25
 2.583619e+00 -1.255316e+00 3.341508e-02 -7.056693e-01 -1.453272e+00 1.275786e+00 3.946014e+00 2.114504e+00 1.502290e-01 7.670477e-03 -6.513965e-01 1.672125e-01 -5.346221e-01 1.246256e-01 -2.051002e-01 -1.772187e-01 2.561946e-01 1.995632e-01 1.315534e-01 8.507771e-02 -1.171927e-02 -1.523752e-01 1.004146e-01 1.414711e-01 -4.536085e-01
<VARIANCE> 25
 5.680645e+01 4.988805e+01 5.688041e+01 4.694037e+01 7.339693e+01 6.254192e+01 6.225850e+01 4.654387e+01 3.785960e+01 4.301379e+01 3.665351e+01 2.496898e+01 2.109757e+00 2.015305e+00 2.046553e+00 2.216519e+00 2.501187e+00 2.358599e+00 2.483216e+00 2.017489e+00 2.310264e+00 1.996334e+00 1.869497e+00 1.558228e+00 1.236673e+00
<GCONST> 1.015601e+02
<STATE> 3
<MEAN> 25
 8.307950e-01 -1.933959e+00 -3.009804e+00 -2.530093e+00 6.431647e-02 2.393254e+00 3.874341e+00 2.073373e+00 -2.584953e-01 -1.029041e+00 -1.052142e+00 5.216082e-02 -5.727122e-01 1.669151e-01 -8.785272e-02 1.752973e-04 1.769144e-01 4.183114e-03 -1.716825e-01 -1.386114e-01 -3.085518e-02 -4.168357e-02 1.218352e-01 1.530365e-01 -5.787642e-01
<VARIANCE> 25
 6.446941e+01 4.677317e+01 4.827524e+01 5.002219e+01 6.062532e+01 5.018116e+01 5.255666e+01 4.156822e+01 3.605462e+01 3.782936e+01 3.536920e+01 2.937946e+01 8.847373e-01 1.089431e+00 1.449167e+00 1.795242e+00 2.006890e+00 1.872230e+00 2.066626e+00 1.835206e+00 1.913646e+00 1.989901e+00 1.590178e+00 1.402426e+00 5.598324e-01
<GCONST> 9.675677e+01
<STATE> 4
<MEAN> 25
 -4.480143e+00 1.270644e+00 -9.921161e-01 1.487000e+00 2.706592e+00 2.694071e+00 1.244292e+00 -1.873896e-01 6.596349e-01 -7.005729e-01 1.756594e-01 1.078120e+00 -1.431329e-01 7.101753e-02 4.576660e-02 9.362346e-02 5.786005e-02 2.957139e-03 -3.554806e-02 -4.891604e-02 2.006132e-02 3.255394e-02 3.658696e-02 1.499987e-02 -1.700390e-01
<VARIANCE> 25
 5.485865e+01 2.806419e+01 2.341597e+01 3.735391e+01 2.536576e+01 2.555793e+01 2.654652e+01 2.249296e+01 2.581275e+01 2.006240e+01 2.089126e+01 1.869977e+01 3.202907e-01 4.943333e-01 7.003632e-01 8.298081e-01 1.043361e+00 1.145550e+00 1.244097e+00 1.341566e+00 1.370122e+00 1.361139e+00 1.246513e+00 1.181842e+00 2.076848e-01
<GCONST> 8.288776e+01
<TRANSP> 5
 0.000000e+00 1.000000e+00 0.000000e+00 0.000000e+00 0.000000e+00
 0.000000e+00 6.354201e-01 3.645798e-01 0.000000e+00 0.000000e+00
 0.000000e+00 0.000000e+00 6.318152e-01 3.681849e-01 0.000000e+00
 0.000000e+00 0.000000e+00 0.000000e+00 9.337102e-01 6.628985e-02
 0.000000e+00 0.000000e+00 0.000000e+00 0.000000e+00 0.000000e+00
<ENDHMM>
~h "i"
<BEGINHMM>
<NUMSTATES> 5
<STATE> 2
<MEAN> 25
 3.709855e+00 -2.581092e+00 8.364486e+00 7.633224e+00 1.094260e-01 -5.155345e+00 -6.740968e+00 -4.566161e+00 -2.977932e+00 -1.877423e+00 -1.938748e-01 -1.808272e+00 4.960774e-01 -2.742460e-01 1.258235e+00 -1.243627e-02 -9.463979e-01 -7.062423e-01 -7.103062e-01 -2.054529e-01 -1.040130e+00 1.671910e-01 1.253605e-01 -3.360705e-01 7.400753e-01
<VARIANCE> 25
 3.603387e+01 5.022346e+01 4.789687e+01 1.050951e+02 1.028503e+02 5.907209e+01 8.747694e+01 7.714838e+01 5.985007e+01 3.238340e+01 3.567443e+01 3.046864e+01 2.530478e+00 3.091079e+00 5.340704e+00 4.480371e+00 5.562046e+00 5.152915e+00 4.470055e+00 4.614028e+00 6.188510e+00 2.799248e+00 3.055717e+00 2.199537e+00 2.906890e+00
<GCONST> 1.114999e+02
<STATE> 3
<MEAN> 25
 3.705701e+00 -1.618893e+00 9.612261e+00 5.732211e+00 -3.563089e+00 -5.549078e+00 -5.600307e+00 -3.639703e+00 -4.866480e+00 -6.555367e-02 1.458299e+00 -1.754347e+00 -1.608136e-01 2.802261e-01 1.565782e-01 -4.930822e-01 -2.702876e-01 4.439205e-01 2.788382e-01 -5.034273e-02 -4.233387e-01 2.800066e-01 2.617866e-01 1.179510e-01 -1.860569e-01
<VARIANCE> 25
 3.147936e+01 3.926104e+01 5.456377e+01 9.562074e+01 1.165243e+02 5.855216e+01 7.105352e+01 6.609319e+01 7.355626e+01 3.996045e+01 3.844416e+01 2.920368e+01 1.518040e+00 2.243889e+00 3.398716e+00 2.942198e+00 3.768809e+00 3.172381e+00 3.802859e+00 3.478009e+00 3.578024e+00 2.468564e+00 2.294428e+00 1.731792e+00 1.880382e+00
<GCONST> 1.066994e+02
<STATE> 4
<MEAN> 25
 1.678723e+00 1.455725e+00 1.252425e+01 8.035787e-01 -7.450319e+00 -4.052915e+00 -2.586083e+00 -2.268660e+00 -7.947977e+00 -6.831305e-01 2.795357e+00 -4.968350e-01 -2.638710e-01 1.329921e-01 -7.547787e-01 1.460912e-01 5.380183e-01 2.513615e-01 3.642204e-01 1.134216e-01 5.327920e-01 9.331308e-03 -4.507040e-02 1.820086e-01 -4.974392e-01
<VARIANCE> 25
 2.321738e+01 2.857357e+01 6.339536e+01 4.897248e+01 5.746641e+01 4.697142e+01 3.803053e+01 3.890377e+01 5.190686e+01 3.176683e+01 3.059618e+01 2.006997e+01 1.014768e+00 1.774065e+00 2.550655e+00 2.147762e+00 2.667712e+00 2.378699e+00 2.284055e+00 2.198772e+00 2.704170e+00 1.709855e+00 1.670891e+00 1.338818e+00 1.524120e+00
<GCONST> 9.802125e+01
<TRANSP> 5
 0.000000e+00 1.000000e+00 0.000000e+00 0.000000e+00 0.000000e+00
 0.000000e+00 6.268415e-01 3.731585e-01 0.000000e+00 0.000000e+00
 0.000000e+00 0.000000e+00 4.459535e-01 5.540466e-01 0.000000e+00
 0.000000e+00 0.000000e+00 0.000000e+00 8.124263e-01 1.875737e-01
 0.000000e+00 0.000000e+00 0.000000e+00 0.000000e+00 0.000000e+00
<ENDHMM>
~h "j"
<BEGINHMM>
<NUMSTATES> 5
<STATE> 2
<MEAN> 25
 2.364469e+00 -8.631510e-01 7.078223e+00 5.098217e+00 -7.417334e-01 -1.691026e+00 -3.882728e+00 -2.410719e+00 -1.908763e+00 -3.314551e+00 -2.493523e-01 1.232033e+00 -4.791189e-01 4.705920e-01 9.206918e-01 7.602564e-01 2.676053e-02 2.349888e-01 -4.375894e-01 -1.678603e-02 1.802398e-01 -9.245620e-01 -3.602725e-02 2.157203e-02 -4.403234e-01
<VARIANCE> 25
 4.247916e+01 7.515698e+01 4.101932e+01 5.259549e+01 6.633963e+01 9.059332e+01 5.052242e+01 6.955848e+01 5.321358e+01 4.058177e+01 3.238060e+01 2.479064e+01 4.384895e+00 9.385389e+00 4.192860e+00 4.994931e+00 6.251224e+00 7.171896e+00 5.395778e+00 6.148912e+00 5.778202e+00 4.003231e+00 3.035025e+00 2.869612e+00 7.712602e+00
<GCONST> 1.143360e+02
<STATE> 3
<MEAN> 25
 2.406657e+00 1.572106e+00 8.585352e+00 5.594755e+00 -1.908879e+00 -4.006178e+00 -4.982297e+00 -1.623888e+00 -1.070205e+00 -5.804990e+00 -3.103442e-01 1.463426e+00 3.141507e-01 3.187504e-02 -1.835981e-01 -4.865577e-01 -1.559938e-01 -5.866259e-01 -2.813773e-01 -1.581336e-01 -2.263289e-01 1.281336e-01 3.170984e-01 3.289521e-03 4.415640e-01
<VARIANCE> 25
 3.771274e+01 6.818295e+01 3.909279e+01 4.817475e+01 6.073590e+01 7.264651e+01 6.512888e+01 5.860378e+01 3.284035e+01 3.763054e+01 2.469886e+01 2.292763e+01 3.442124e+00 4.518462e+00 3.738425e+00 4.249983e+00 5.577768e+00 6.621885e+00 5.147840e+00 4.589696e+00 4.301096e+00 3.068240e+00 2.531356e+00 2.619151e+00 3.883354e+00
<GCONST> 1.095475e+02
<STATE> 4
<MEAN> 25
 3.158177e+00 8.638202e-01 8.583767e+00 1.030893e+00 -5.059244e+00 -7.173547e+00 -3.930676e+00 2.937267e-01 -2.358666e+00 -2.636960e+00 1.336490e+00 1.867662e+00 4.812445e-01 -6.756855e-01 -6.657803e-01 -7.060373e-01 -3.172568e-01 -2.949803e-01 4.670341e-02 2.703977e-01 6.577159e-02 6.773977e-01 3.970299e-02 -2.448366e-02 6.635504e-01
<VARIANCE> 25
 3.611932e+01 5.475996e+01 3.883507e+01 4.344336e+01 5.143785e+01 5.238985e+01 4.818388e+01 4.910273e+01 3.612498e+01 2.558764e+01 2.617229e+01 2.222722e+01 2.231149e+00 3.135600e+00 3.561810e+00 3.743157e+00 4.442119e+00 4.275419e+00 4.014202e+00 3.318954e+00 3.260470e+00 2.431387e+00 2.461367e+00 2.214268e+00 2.793633e+00
<GCONST> 1.046930e+02
<TRANSP> 5
 0.000000e+00 1.000000e+00 0.000000e+00 0.000000e+00 0.000000e+00
 0.000000e+00 7.135909e-01 2.864091e-01 0.000000e+00 0.000000e+00
 0.000000e+00 0.000000e+00 5.828400e-01 4.171601e-01 0.000000e+00
 0.000000e+00 0.000000e+00 0.000000e+00 7.699298e-01 2.300701e-01
 0.000000e+00 0.000000e+00 0.000000e+00 0.000000e+00 0.000000e+00
<ENDHMM>
~h "k"
<BEGINHMM>
<NUMSTATES> 5
<STATE> 2
<MEAN> 25
 -8.013077e+00 3.329900e+00 -2.596545e+00 -4.194502e-01 2.906613e+00 3.016322e+00 1.768581e+00 1.356157e+00 2.037725e+00 1.287142e+00 1.119822e+00 5.586557e-02 -5.777137e-01 -2.384776e-01 -2.253847e-01 -3.873158e-02 -1.371224e-01 2.819037e-01 2.794273e-01 4.785265e-01 4.666747e-01 -1.222865e-01 9.927744e-02 2.418742e-01 -3.923963e-01
<VARIANCE> 25
 1.023308e+02 5.246943e+01 3.936766e+01 5.691956e+01 7.384382e+01 5.522492e+01 4.677171e+01 4.826804e+01 4.694325e+01 3.650665e+01 3.077634e+01 2.755441e+01 7.248851e+00 5.438793e+00 4.358600e+00 5.567585e+00 5.775705e+00 6.165933e+00 4.998455e+00 4.065886e+00 4.526921e+00 3.686722e+00 3.323615e+00 2.834828e+00 7.567209e+00
<GCONST> 1.130043e+02
<STATE> 3
<MEAN> 25
 -2.355481e+00 -2.411349e+00 -8.317449e-01 -1.769801e+00 -3.558068e+00 2.279485e+00 2.616981e+00 2.939499e+00 4.282744e+00 -1.494511e+00 -5.193804e-01 1.325470e+00 1.836754e+00 -9.208753e-01 -1.655616e-01 -5.553179e-01 -7.552711e-01 -9.271089e-01 -3.573079e-01 -8.213125e-02 -6.029335e-02 8.762334e-02 -4.386221e-01 -2.522285e-01 2.069312e+00
<VARIANCE> 25
 6.204926e+01 7.022475e+01 6.276987e+01 5.773301e+01 1.447519e+02 7.214705e+01 7.562959e+01 5.878949e+01 6.295376e+01 5.252014e+01 4.124619e+01 3.097993e+01 8.222484e+00 8.563621e+00 6.417771e+00 6.753903e+00 1.143245e+01 9.418489e+00 7.533428e+00 6.766255e+00 7.124736e+00 7.058978e+00 4.158086e+00 4.255846e+00 7.115441e+00
<GCONST> 1.208194e+02
<STATE> 4
<MEAN> 25
 1.681971e+00 -2.411835e+00 -3.058479e+00 -2.455558e+00 -8.316486e-01 -1.048609e+00 4.061133e-02 8.830686e-01 2.547186e+00 1.150827e+00 -7.991049e-01 -5.074731e-01 1.850321e+00 2.650119e-02 4.991679e-02 -4.224903e-01 -3.812563e-01 -1.085316e+00 -2.091820e-01 -3.282258e-01 -1.066718e+00 3.941860e-01 -2.876354e-01 -5.321174e-01 1.577197e+00
<VARIANCE> 25
 5.790755e+01 4.982321e+01 5.519189e+01 6.134402e+01 8.414902e+01 6.713602e+01 5.164783e+01 5.067402e+01 5.255078e+01 4.401597e+01 3.758047e+01 3.044410e+01 4.879544e+00 4.664577e+00 5.013612e+00 6.162665e+00 5.747652e+00 6.660043e+00 5.127069e+00 5.198265e+00 5.136541e+00 4.083772e+00 3.440043e+00 2.712487e+00 3.998259e+00
<GCONST> 1.134856e+02
<TRANSP> 5
 0.000000e+00 1.000000e+00 0.000000e+00 0.000000e+00 0.000000e+00
 0.000000e+00 6.704972e-01 3.295028e-01 0.000000e+00 0.000000e+00
 0.000000e+00 0.000000e+00 5.585905e-01 4.414096e-01 0.000000e+00
 0.000000e+00 0.000000e+00 0.000000e+00 4.730372e-01 5.269628e-01
 0.000000e+00 0.000000e+00 0.000000e+00 0.000000e+00 0.000000e+00
<ENDHMM>
~h "l"
<BEGINHMM>
<NUMSTATES> 5
<STATE> 2
<MEAN> 25
 8.422909e+00 -1.385973e+00 -2.593271e+00 -2.909801e+00 -1.514757e+00 -3.763354e+00 -3.358468e+00 -1.010884e+00 1.322238e+00 1.511907e+00 -3.586812e+00 -2.174655e+00 2.109843e-01 -3.650289e-01 8.369144e-03 -8.909826e-02 -1.775327e-01 -2.535748e-01 -3.435854e-01 1.373054e-01 4.819245e-01 7.517266e-02 -5.764655e-01 -1.953750e-01 3.362752e-01
<VARIANCE> 25
 3.405099e+01 3.666398e+01 3.729460e+01 5.185609e+01 6.683225e+01 8.506853e+01 5.884937e+01 5.933018e+01 4.687931e+01 7.823514e+01 5.177191e+01 3.332483e+01 1.358041e+00 2.160950e+00 1.973305e+00 2.842712e+00 3.199540e+00 4.705581e+00 3.035582e+00 3.145622e+00 3.139390e+00 3.409078e+00 2.864446e+00 2.132087e+00 1.247021e+00
<GCONST> 1.052780e+02
<STATE> 3
<MEAN> 25
 8.831019e+00 -2.336664e+00 -1.909591e+00 -2.881015e+00 -3.089370e+00 -5.437101e+00 -3.157841e+00 3.720522e-01 2.339594e+00 1.208864e+00 -4.368352e+00 -1.967106e+00 -6.965126e-02 -2.317722e-01 3.019989e-01 2.402097e-03 -3.174224e-01 -1.336718e-01 1.091946e-01 1.869864e-01 3.889358e-02 -1.863493e-01 -8.340095e-02 1.719685e-01 1.040662e-01
<VARIANCE> 25
 3.015641e+01 3.588686e+01 3.550895e+01 5.098026e+01 7.013825e+01 9.423057e+01 6.151726e+01 6.470344e+01 4.660237e+01 8.411889e+01 4.446157e+01 3.146986e+01 4.621712e-01 1.656097e+00 1.609744e+00 2.181211e+00 3.103262e+00 3.662337e+00 2.955192e+00 2.738506e+00 2.489251e+00 3.123148e+00 2.422520e+00 1.674661e+00 6.601429e-01
<GCONST> 1.015839e+02
<STATE> 4
<MEAN> 25
 8.659314e+00 -3.683780e+00 -2.079071e-01 -4.986498e+00 -3.914673e+00 -4.336653e+00 -3.582783e+00 -3.586567e-01 2.209547e+00 1.425074e+00 -4.307981e+00 -1.164128e+00 -1.763925e-01 1.366206e-01 2.333254e-01 1.381190e-01 1.604867e-02 1.767836e-01 1.691088e-01 4.012564e-02 -2.579316e-01 -2.143128e-01 2.205104e-01 1.284410e-01 -2.077898e-01
<VARIANCE> 25
 2.227232e+01 3.797750e+01 3.656248e+01 6.043356e+01 8.327293e+01 7.823986e+01 6.044096e+01 6.404992e+01 4.876995e+01 6.736575e+01 4.053278e+01 3.176331e+01 4.571969e-01 1.137353e+00 1.288208e+00 1.735922e+00 2.067163e+00 2.533541e+00 2.291042e+00 2.261691e+00 2.072123e+00 2.574660e+00 1.828205e+00 1.352338e+00 6.166006e-01
<GCONST> 9.823643e+01
<TRANSP> 5
 0.000000e+00 1.000000e+00 0.000000e+00 0.000000e+00 0.000000e+00
 0.000000e+00 4.150169e-01 5.849831e-01 0.000000e+00 0.000000e+00
 0.000000e+00 0.000000e+00 4.621677e-01 5.378323e-01 0.000000e+00
 0.000000e+00 0.000000e+00 0.000000e+00 7.660037e-01 2.339963e-01
 0.000000e+00 0.000000e+00 0.000000e+00 0.000000e+00 0.000000e+00
<ENDHMM>
~h "m"
<BEGINHMM>
<NUMSTATES> 5
<STATE> 2
<MEAN> 25
 3.540776e+00 3.770379e+00 -8.425305e-01 1.455674e-01 2.280966e+00 1.392958e+00 -1.074036e+00 -1.227814e+00 -7.759422e-01 1.418578e+00 -7.821953e-02 -3.271554e+00 -7.181986e-02 7.516562e-01 1.666601e-01 4.870628e-01 8.217569e-01 8.289984e-01 -1.421105e-01 -5.612559e-01 1.209450e-01 2.518677e-01 -2.999577e-01 -6.844153e-01 -3.652367e-01
<VARIANCE> 25
 6.783966e+01 4.167387e+01 3.578499e+01 4.860117e+01 4.963260e+01 4.847559e+01 4.280647e+01 3.769894e+01 7.630441e+01 3.274383e+01 3.346304e+01 3.423906e+01 5.402875e+00 4.555990e+00 4.798102e+00 5.829414e+00 5.295853e+00 5.567548e+00 3.467063e+00 3.394601e+00 6.523018e+00 3.208183e+00 3.003104e+00 3.513070e+00 4.825219e+00
<GCONST> 1.107493e+02
<STATE> 3
<MEAN> 25
 4.532018e+00 4.380369e+00 -7.196056e-01 9.836687e-01 3.478711e+00 2.448153e+00 -1.891845e+00 -2.498749e+00 1.672757e-01 1.793900e+00 -1.200729e+00 -4.595356e+00 2.197004e-01 -4.143779e-01 -1.755050e-01 -1.844676e-02 -3.819164e-02 -1.250120e-01 7.208726e-02 -3.228911e-02 -8.466570e-02 -1.193753e-01 -1.236597e-01 1.882273e-01 4.158348e-01
<VARIANCE> 25
 3.654925e+01 3.791386e+01 3.862984e+01 4.429726e+01 4.853265e+01 4.443486e+01 5.113221e+01 4.020172e+01 9.930067e+01 3.364215e+01 3.565504e+01 3.990165e+01 3.425349e+00 3.668418e+00 4.345990e+00 5.195930e+00 5.533497e+00 5.270475e+00 3.631181e+00 3.427735e+00 6.044955e+00 3.218087e+00 3.005880e+00 3.830540e+00 2.852925e+00
<GCONST> 1.093071e+02
<STATE> 4
<MEAN> 25
 4.712175e+00 2.179554e+00 -6.432114e-01 2.624772e-01 1.593487e+00 1.706348e+00 -7.064492e-01 -3.554537e+00 -4.788453e+00 1.361326e+00 -3.864800e-01 -3.775891e+00 1.858731e-01 -4.989629e-01 -3.747914e-01 -5.671511e-01 -3.466486e-01 -2.856317e-01 1.577911e-01 5.785079e-01 4.217096e-01 -1.599459e-01 -1.282564e-01 2.904202e-01 4.040737e-01
<VARIANCE> 25
 3.091429e+01 3.455934e+01 3.875787e+01 4.747755e+01 4.224067e+01 3.503263e+01 3.154996e+01 4.258580e+01 9.728540e+01 2.363413e+01 2.677855e+01 2.614594e+01 1.464671e+00 2.094837e+00 2.695778e+00 4.053410e+00 3.222550e+00 2.898059e+00 2.259433e+00 2.812520e+00 3.940132e+00 2.026639e+00 2.298530e+00 1.915946e+00 1.403189e+00
<GCONST> 1.007274e+02
<TRANSP> 5
 0.000000e+00 1.000000e+00 0.000000e+00 0.000000e+00 0.000000e+00
 0.000000e+00 4.486602e-01 5.513398e-01 0.000000e+00 0.000000e+00
 0.000000e+00 0.000000e+00 3.497562e-01 6.502438e-01 0.000000e+00
 0.000000e+00 0.000000e+00 0.000000e+00 6.762413e-01 3.237587e-01
 0.000000e+00 0.000000e+00 0.000000e+00 0.000000e+00 0.000000e+00
<ENDHMM>
~h "n"
<BEGINHMM>
<NUMSTATES> 5
<STATE> 2
<MEAN> 25
 6.218942e+00 -1.514965e-01 -1.063656e+00 1.630751e+00 1.209358e+00 -1.661396e+00 -1.924986e+00 -3.186770e+00 -3.610248e+00 8.427475e-01 -1.377698e+00 -2.118749e+00 -8.587430e-01 1.951910e+00 6.121618e-01 9.776517e-01 1.102639e+00 1.472533e+00 -9.227524e-01 -1.200553e+00 5.623126e-01 -1.381529e-01 -5.142208e-01 -9.125102e-01 -1.714113e+00
<VARIANCE> 25
 2.541623e+01 3.703738e+01 3.944443e+01 3.571095e+01 5.763755e+01 5.689048e+01 4.618182e+01 6.775526e+01 5.021371e+01 3.202661e+01 4.668753e+01 2.889421e+01 1.350674e+00 2.542014e+00 2.170207e+00 2.851336e+00 5.148833e+00 5.005794e+00 4.154693e+00 4.586737e+00 4.517175e+00 2.594484e+00 4.680281e+00 3.011962e+00 2.128159e+00
<GCONST> 1.058938e+02
<STATE> 3
<MEAN> 25
 4.016473e+00 3.743042e+00 7.371980e-01 3.402557e+00 3.602957e+00 1.932583e+00 -4.383586e+00 -5.816154e+00 -1.144823e+00 6.569920e-01 -3.021836e+00 -3.717406e+00 -5.079641e-01 8.166780e-01 5.684811e-01 4.199390e-01 3.193023e-01 4.962011e-01 -1.008831e-01 -1.508503e-01 3.173549e-01 -2.220781e-01 -5.257764e-02 5.985304e-02 -7.141432e-01
<VARIANCE> 25
 2.263945e+01 3.544537e+01 3.008046e+01 2.986313e+01 7.200870e+01 5.189789e+01 6.258067e+01 6.610046e+01 4.294179e+01 2.927359e+01 3.405428e+01 2.866024e+01 1.243188e+00 1.905178e+00 1.589236e+00 1.814220e+00 2.533810e+00 2.963561e+00 3.222926e+00 3.512099e+00 3.132110e+00 2.039950e+00 2.587201e+00 1.856636e+00 1.162277e+00
<GCONST> 9.994696e+01
<STATE> 4
<MEAN> 25
 -1.625414e-01 3.892360e+00 1.587978e+00 4.657598e+00 1.861300e+00 1.431817e+00 -2.925589e-01 -2.626016e+00 -4.086933e-01 -8.963213e-01 -1.224566e+00 -5.840739e-01 -3.225048e-01 -7.759991e-02 -4.759930e-02 -1.112961e-01 6.417548e-03 4.995018e-04 2.514649e-01 3.476947e-01 1.149397e-01 -2.091022e-01 1.333916e-01 2.683914e-01 -1.437356e-01
<VARIANCE> 25
 4.356463e+01 3.132485e+01 2.865174e+01 2.803779e+01 4.442472e+01 3.597187e+01 3.899414e+01 4.651181e+01 4.075340e+01 2.534769e+01 2.719231e+01 2.474953e+01 1.101656e+00 1.753880e+00 1.446480e+00 1.600792e+00 1.825946e+00 2.124091e+00 2.182883e+00 2.696655e+00 2.328540e+00 1.980207e+00 1.846221e+00 1.611558e+00 9.404532e-01
<GCONST> 9.536975e+01
<TRANSP> 5
 0.000000e+00 1.000000e+00 0.000000e+00 0.000000e+00 0.000000e+00
 0.000000e+00 5.209180e-01 4.790820e-01 0.000000e+00 0.000000e+00
 0.000000e+00 0.000000e+00 4.159716e-01 5.840284e-01 0.000000e+00
 0.000000e+00 0.000000e+00 0.000000e+00 7.544957e-01 2.455042e-01
 0.000000e+00 0.000000e+00 0.000000e+00 0.000000e+00 0.000000e+00
<ENDHMM>
~h "o"
<BEGINHMM>
<NUMSTATES> 5
<STATE> 2
<MEAN> 25
 -6.481715e+00 3.664900e+00 -4.074930e+00 -4.586417e+00 8.584869e-02 -3.794601e-01 8.771731e-01 1.623390e+00 -3.790420e-01 1.808194e+00 1.347377e-01 -1.420213e+00 3.085899e-01 2.835063e-01 -3.789590e-01 -6.040682e-01 -2.692471e-02 1.819021e-01 1.935796e-01 -2.886553e-02 -1.760857e-01 2.054709e-01 1.223282e-01 -2.130841e-01 1.140384e-01
<VARIANCE> 25
 2.015523e+02 4.172132e+01 3.478780e+01 4.616830e+01 7.099145e+01 6.083056e+01 5.014173e+01 4.400830e+01 3.883998e+01 3.326772e+01 2.217551e+01 2.455781e+01 5.002751e+00 2.679798e+00 2.277582e+00 3.573682e+00 3.557510e+00 3.970332e+00 2.700513e+00 2.460899e+00 2.669577e+00 2.415615e+00 1.977564e+00 1.972051e+00 3.017076e+00
<GCONST> 1.054629e+02
<STATE> 3
<MEAN> 25
 5.182426e+00 3.205875e+00 -3.698301e+00 -5.013908e+00 -2.459981e+00 -2.933213e-01 2.040280e-01 3.367052e-01 5.720782e-01 8.248764e-01 -1.736871e-01 -1.179631e+00 1.305185e+00 -1.619718e-01 -5.572146e-01 -9.316996e-01 -2.988343e-01 2.906410e-01 7.166655e-02 -3.151549e-01 -1.695580e-01 1.825553e-01 1.858493e-01 -1.040211e-01 1.064711e+00
<VARIANCE> 25
 8.048176e+01 4.085714e+01 4.053692e+01 5.240765e+01 6.761832e+01 1.081852e+02 5.024537e+01 5.704196e+01 4.302561e+01 4.212642e+01 2.944150e+01 2.930921e+01 6.524414e+00 3.405501e+00 3.668554e+00 5.850152e+00 4.143859e+00 6.294361e+00 3.598526e+00 3.346074e+00 3.586344e+00 3.776906e+00 2.374164e+00 2.741224e+00 4.699948e+00
<GCONST> 1.107710e+02
<STATE> 4
<MEAN> 25
 4.099399e+00 1.464221e+00 -5.476081e+00 -9.526428e+00 -6.947470e-01 6.173663e+00 8.748038e-01 -2.469557e+00 -2.768315e-01 3.224012e-01 1.791700e+00 8.144536e-01 -2.597197e-01 -1.051361e-01 1.931736e-01 4.302411e-01 1.676420e-01 -8.959805e-02 -4.366286e-02 1.444372e-02 7.762524e-02 -8.677410e-03 -7.499137e-03 1.772541e-02 -1.815152e-01
<VARIANCE> 25
 5.950492e+01 2.355618e+01 2.971107e+01 7.834959e+01 3.970337e+01 6.045701e+01 3.929555e+01 3.431606e+01 3.668114e+01 3.691779e+01 2.508995e+01 2.310161e+01 1.546451e+00 1.523720e+00 1.442720e+00 2.863351e+00 1.862645e+00 2.613000e+00 2.180445e+00 1.958008e+00 2.211519e+00 2.122998e+00 1.701030e+00 1.611853e+00 1.519678e+00
<GCONST> 9.779171e+01
<TRANSP> 5
 0.000000e+00 1.000000e+00 0.000000e+00 0.000000e+00 0.000000e+00
 0.000000e+00 5.971023e-01 4.028977e-01 0.000000e+00 0.000000e+00
 0.000000e+00 0.000000e+00 4.196420e-01 5.803580e-01 0.000000e+00
 0.000000e+00 0.000000e+00 0.000000e+00 8.295245e-01 1.704755e-01
 0.000000e+00 0.000000e+00 0.000000e+00 0.000000e+00 0.000000e+00
<ENDHMM>
~h "p"
<BEGINHMM>
<NUMSTATES> 5
<STATE> 2
<MEAN> 25
 -2.831656e+00 5.318954e+00 -2.539231e+00 -9.508388e-01 1.748927e+00 2.867453e-01 7.074092e-01 1.882531e+00 1.768818e+00 2.174878e+00 3.367105e-01 -1.057036e+00 -1.699847e+00 6.431555e-01 1.521631e-02 2.407165e-01 4.204389e-01 8.698530e-01 2.254473e-01 1.666854e-01 5.721859e-01 1.062977e-01 4.541174e-01 2.564476e-01 -1.667410e+00
<VARIANCE> 25
 1.032242e+02 3.613712e+01 2.777503e+01 4.438181e+01 4.503442e+01 5.096264e+01 3.256388e+01 3.600157e+01 3.615781e+01 3.074026e+01 2.312045e+01 2.028351e+01 7.968396e+00 5.456147e+00 3.247875e+00 4.589602e+00 3.972067e+00 5.505964e+00 3.229886e+00 2.965960e+00 3.770167e+00 3.048218e+00 2.728471e+00 2.424492e+00 7.796678e+00
<GCONST> 1.074609e+02
<STATE> 3
<MEAN> 25
 -4.271331e+00 3.459795e+00 -1.987347e+00 6.649208e-01 2.718276e+00 2.482261e+00 4.538492e-01 9.422404e-01 2.802061e+00 1.832909e+00 1.191127e+00 1.717935e-01 1.392565e+00 -1.137805e+00 -3.192712e-01 -4.641612e-02 -5.185254e-01 -2.568506e-01 -1.247162e-01 -1.287923e-02 1.783280e-01 -1.746432e-01 -1.067438e-01 1.465556e-02 1.536424e+00
<VARIANCE> 25
 7.455119e+01 4.033216e+01 3.113188e+01 4.525689e+01 3.950849e+01 5.336736e+01 3.592171e+01 3.355488e+01 3.754607e+01 2.786074e+01 2.390380e+01 2.135418e+01 1.186044e+01 5.619341e+00 3.889787e+00 5.460490e+00 4.903484e+00 8.260449e+00 4.149900e+00 4.646073e+00 4.515895e+00 3.494129e+00 2.811282e+00 3.092552e+00 9.027262e+00
<GCONST> 1.101799e+02
<STATE> 4
<MEAN> 25
 -3.654635e+00 1.494527e+00 -3.246255e+00 2.859765e-01 1.379168e+00 1.648881e+00 4.928596e-01 1.072950e+00 3.149915e+00 6.248914e-01 1.512651e+00 4.899009e-01 1.533568e+00 -7.103953e-01 -1.386808e-01 -3.706276e-01 -4.080184e-01 -8.365418e-01 -2.585307e-01 -5.737331e-02 -5.164820e-01 -4.293808e-02 -3.433123e-01 -3.055325e-01 1.624986e+00
<VARIANCE> 25
 1.211881e+02 4.796800e+01 3.111232e+01 4.987103e+01 3.758904e+01 5.622569e+01 2.804776e+01 2.902333e+01 3.388174e+01 2.604934e+01 2.801783e+01 2.763733e+01 6.505104e+00 4.001428e+00 2.911779e+00 4.649548e+00 3.566257e+00 5.734330e+00 3.036979e+00 3.497308e+00 4.124442e+00 3.124385e+00 2.855727e+00 2.416131e+00 6.132054e+00
<GCONST> 1.073016e+02
<TRANSP> 5
 0.000000e+00 1.000000e+00 0.000000e+00 0.000000e+00 0.000000e+00
 0.000000e+00 6.116934e-01 3.883066e-01 0.000000e+00 0.000000e+00
 0.000000e+00 0.000000e+00 4.984604e-01 5.015396e-01 0.000000e+00
 0.000000e+00 0.000000e+00 0.000000e+00 7.233483e-01 2.766517e-01
 0.000000e+00 0.000000e+00 0.000000e+00 0.000000e+00 0.000000e+00
<ENDHMM>
~h "r"
<BEGINHMM>
<NUMSTATES> 5
<STATE> 2
<MEAN> 25
 6.847090e+00 -2.233809e+00 -2.135339e+00 1.395601e+00 -1.459897e+00 -2.377385e+00 2.173740e-01 -4.502267e-01 -1.862057e+00 -8.235853e-01 8.041567e-01 4.923392e-01 4.308396e-01 -2.346307e-01 -5.869257e-02 3.678120e-01 -3.672529e-01 -4.911663e-01 4.805326e-03 -3.112764e-01 -6.956096e-01 -1.521096e-01 5.890124e-01 2.049909e-01 3.381772e-01
<VARIANCE> 25
 5.012749e+01 5.288619e+01 3.825954e+01 4.053799e+01 5.192274e+01 7.948679e+01 5.397347e+01 6.060628e+01 7.839208e+01 5.637306e+01 3.912890e+01 3.361903e+01 3.558490e+00 5.173679e+00 4.113401e+00 4.757056e+00 4.581840e+00 8.406922e+00 5.012410e+00 6.162974e+00 7.384341e+00 5.446251e+00 3.946323e+00 3.848999e+00 3.949155e+00
<GCONST> 1.139270e+02
<STATE> 3
<MEAN> 25
 7.766581e+00 -3.149080e+00 -1.977558e+00 2.127759e+00 -2.285012e+00 -3.438389e+00 5.093591e-01 -1.626952e+00 -4.440715e+00 -7.910439e-01 2.406592e+00 6.878524e-01 -1.457472e-01 -1.000924e-01 3.740594e-01 1.103715e-02 -1.610764e-01 -9.152038e-02 -7.891653e-02 -2.213459e-01 -2.176226e-01 1.834458e-01 2.514222e-01 -6.279902e-02 6.760951e-02
<VARIANCE> 25
 3.584762e+01 3.158318e+01 3.576060e+01 3.814782e+01 4.444640e+01 7.090058e+01 6.032141e+01 6.624859e+01 1.010354e+02 5.654694e+01 4.252397e+01 3.636753e+01 2.164114e+00 3.443635e+00 3.436230e+00 4.072633e+00 3.735761e+00 6.624675e+00 4.050307e+00 6.008814e+00 5.636154e+00 5.139129e+00 3.456304e+00 3.177830e+00 2.672193e+00
<GCONST> 1.103335e+02
<STATE> 4
<MEAN> 25
 6.970949e+00 -3.844722e+00 -9.956648e-01 1.152150e+00 -2.193026e+00 -3.207846e+00 -1.122082e+00 -1.971894e+00 -3.097655e+00 9.709884e-01 2.259526e+00 -7.409823e-02 -3.945722e-01 1.494772e-01 3.318998e-01 -2.948554e-01 1.387007e-01 1.258132e-01 -5.321803e-02 1.672979e-01 1.680303e-01 5.105548e-02 -1.037159e-01 -1.956653e-02 -1.623758e-01
<VARIANCE> 25
 3.154677e+01 3.240624e+01 3.484958e+01 4.099527e+01 4.280856e+01 7.319882e+01 5.881183e+01 8.032027e+01 8.046804e+01 5.027876e+01 4.363306e+01 3.371059e+01 1.592788e+00 2.429648e+00 2.243695e+00 3.494209e+00 2.828908e+00 4.015269e+00 2.567522e+00 3.871456e+00 4.332642e+00 3.256464e+00 2.852710e+00 2.148512e+00 2.177345e+00
<GCONST> 1.056276e+02
<TRANSP> 5
 0.000000e+00 1.000000e+00 0.000000e+00 0.000000e+00 0.000000e+00
 0.000000e+00 4.027646e-01 5.972354e-01 0.000000e+00 0.000000e+00
 0.000000e+00 0.000000e+00 3.798595e-01 6.201406e-01 0.000000e+00
 0.000000e+00 0.000000e+00 0.000000e+00 5.469568e-01 4.530433e-01
 0.000000e+00 0.000000e+00 0.000000e+00 0.000000e+00 0.000000e+00
<ENDHMM>
~h "s"
<BEGINHMM>
<NUMSTATES> 5
<STATE> 2
<MEAN> 25
 -2.129728e+00 -4.514422e+00 9.787733e+00 1.735128e+00 2.072083e-01 6.085545e+00 2.924012e+00 -1.144835e+00 2.745368e+00 -1.833497e+00 2.443067e+00 4.011919e+00 -1.656461e+00 -1.455715e+00 2.276327e+00 1.087598e-01 -1.357498e-01 1.030406e+00 6.299461e-01 1.377872e-01 6.614730e-01 -6.309467e-01 6.334814e-01 7.074817e-01 6.261942e-01
<VARIANCE> 25
 7.557681e+01 1.041581e+02 1.368156e+02 3.973836e+01 5.374284e+01 1.025530e+02 4.168199e+01 4.595944e+01 3.078827e+01 3.683590e+01 2.803710e+01 2.374146e+01 5.173031e+00 7.719160e+00 9.673218e+00 3.772300e+00 4.809199e+00 5.669784e+00 4.642360e+00 3.917413e+00 3.628286e+00 3.603525e+00 2.810251e+00 2.307877e+00 2.180131e+00
<GCONST> 1.119359e+02
<STATE> 3
<MEAN> 25
 -6.277856e+00 -8.916981e+00 1.374435e+01 1.508237e+00 -5.008020e-01 7.785872e+00 3.789947e+00 -1.330253e+00 3.982644e+00 -3.091092e+00 3.740051e+00 5.398784e+00 2.847664e-01 8.568274e-01 -1.177216e+00 7.991511e-04 1.341814e-01 -4.170736e-01 -2.036731e-01 -1.971963e-01 -2.105711e-01 5.809832e-02 -2.091866e-01 -2.255429e-01 -3.109943e-01
<VARIANCE> 25
 3.999896e+01 1.556522e+02 1.554024e+02 3.469184e+01 4.399852e+01 1.128723e+02 3.769997e+01 3.652843e+01 2.975434e+01 2.818189e+01 2.497074e+01 2.248276e+01 5.273209e+00 5.774410e+00 5.434821e+00 2.542159e+00 3.343277e+00 3.132803e+00 3.470804e+00 2.703726e+00 2.542342e+00 2.392750e+00 2.202678e+00 1.680024e+00 2.001822e+00
<GCONST> 1.065141e+02
<STATE> 4
<MEAN> 25
 -5.110078e+00 1.862610e+00 2.422745e+00 7.743390e-01 2.125934e+00 -8.371668e-01 2.889952e+00 -2.104394e+00 2.409401e+00 -2.255386e+00 7.080154e-01 2.413913e+00 1.740542e+00 3.650373e-01 -1.073619e+00 -1.983401e-01 -4.030223e-01 -1.086713e+00 -7.203791e-01 -1.956244e-01 -5.288191e-01 2.798371e-01 -6.708848e-01 -6.550690e-01 8.590481e-02
<VARIANCE> 25
 8.027804e+01 6.881875e+01 6.862143e+01 3.720464e+01 4.673772e+01 9.016846e+01 4.324081e+01 4.411087e+01 2.932905e+01 2.816101e+01 2.378893e+01 2.122275e+01 5.450562e+00 6.327298e+00 7.354280e+00 3.468194e+00 4.500083e+00 5.144050e+00 4.316946e+00 3.718074e+00 3.520212e+00 2.941393e+00 2.695368e+00 2.378346e+00 2.667370e+00
<GCONST> 1.091231e+02
<TRANSP> 5
 0.000000e+00 1.000000e+00 0.000000e+00 0.000000e+00 0.000000e+00
 0.000000e+00 6.535183e-01 3.464817e-01 0.000000e+00 0.000000e+00
 0.000000e+00 0.000000e+00 6.423857e-01 3.576144e-01 0.000000e+00
 0.000000e+00 0.000000e+00 0.000000e+00 6.502061e-01 3.497939e-01
 0.000000e+00 0.000000e+00 0.000000e+00 0.000000e+00 0.000000e+00
<ENDHMM>
~h "t"
<BEGINHMM>
<NUMSTATES> 5
<STATE> 2
<MEAN> 25
 -3.454230e+00 4.437212e+00 9.926010e-01 2.172663e+00 2.967764e+00 1.423670e+00 4.116264e-01 -1.653024e+00 -5.539165e-01 4.245085e-01 3.456098e-01 6.582030e-01 -1.856461e+00 4.792346e-01 -7.025104e-01 -5.988899e-02 1.919908e-01 8.485882e-01 5.632240e-01 7.349595e-01 9.836153e-01 -2.039675e-01 6.687208e-01 3.846084e-01 -1.762987e+00
<VARIANCE> 25
 8.162701e+01 3.755735e+01 3.494859e+01 5.094915e+01 5.528021e+01 5.956922e+01 4.157281e+01 4.895525e+01 4.674983e+01 3.051421e+01 3.054133e+01 2.381870e+01 6.180034e+00 7.244532e+00 3.503222e+00 5.520529e+00 5.989305e+00 6.914608e+00 5.016753e+00 5.008088e+00 4.942965e+00 3.555251e+00 3.908933e+00 2.450523e+00 9.585852e+00
<GCONST> 1.121276e+02
<STATE> 3
<MEAN> 25
 -5.004681e+00 1.270002e+00 -4.269682e-01 3.118216e-01 2.808787e-01 2.815255e+00 9.259167e-01 -5.212691e-01 2.660366e+00 -2.617802e-01 1.601857e+00 2.102401e+00 1.155140e+00 -1.369479e+00 2.649526e-02 -5.252799e-01 -1.241696e+00 5.767585e-02 -1.097739e-01 -1.102497e-01 4.929381e-01 -3.879334e-01 7.443248e-02 3.300702e-01 1.740679e+00
<VARIANCE> 25
 5.841564e+01 5.520107e+01 3.917007e+01 4.927004e+01 5.188594e+01 6.747556e+01 4.205450e+01 4.465333e+01 3.801287e+01 3.167601e+01 2.904391e+01 2.473453e+01 9.584400e+00 6.251118e+00 5.104611e+00 5.729587e+00 6.495542e+00 8.646620e+00 4.902296e+00 5.413960e+00 4.465034e+00 3.925195e+00 3.668106e+00 3.113534e+00 9.997903e+00
<GCONST> 1.133371e+02
<STATE> 4
<MEAN> 25
 -4.216357e+00 4.983372e-01 -1.029790e+00 1.147129e+00 -5.454149e-01 1.444602e+00 1.563998e+00 1.053682e+00 4.450857e+00 -1.077794e+00 2.525229e+00 2.869034e+00 1.331634e+00 -6.314342e-01 1.411077e-01 -6.584939e-01 -2.060442e-01 -9.381501e-01 -4.937910e-01 -1.467848e-01 -4.668507e-01 1.928519e-01 -6.033799e-01 -3.768942e-01 1.731476e+00
<VARIANCE> 25
 5.320161e+01 3.884000e+01 3.177517e+01 5.017214e+01 3.125444e+01 5.644493e+01 3.420724e+01 3.549520e+01 3.518849e+01 2.286115e+01 2.894856e+01 1.933627e+01 4.408621e+00 3.432590e+00 2.849206e+00 4.932444e+00 3.039229e+00 5.700277e+00 3.936323e+00 3.525991e+00 3.296803e+00 2.872664e+00 3.187708e+00 2.052122e+00 6.096126e+00
<GCONST> 1.053258e+02
<TRANSP> 5
 0.000000e+00 1.000000e+00 0.000000e+00 0.000000e+00 0.000000e+00
 0.000000e+00 5.869336e-01 4.130664e-01 0.000000e+00 0.000000e+00
 0.000000e+00 0.000000e+00 4.396060e-01 5.603940e-01 0.000000e+00
 0.000000e+00 0.000000e+00 0.000000e+00 7.017577e-01 2.982423e-01
 0.000000e+00 0.000000e+00 0.000000e+00 0.000000e+00 0.000000e+00
<ENDHMM>
~h "u"
<BEGINHMM>
<NUMSTATES> 5
<STATE> 2
<MEAN> 25
 5.559315e+00 3.917736e+00 2.113724e+00 -4.984272e-01 -2.931363e+00 -3.659768e+00 -6.130243e+00 -1.133604e+00 9.503244e-01 -2.928268e+00 -1.758804e+00 -7.454166e-01 4.956760e-01 7.584938e-01 -2.512028e-01 -5.101032e-01 -7.256012e-02 -5.865403e-03 -4.625314e-01 -4.536425e-01 -4.001833e-01 2.254067e-01 9.843723e-02 -9.032325e-02 2.152099e-02
<VARIANCE> 25
 4.739682e+01 5.220177e+01 5.306683e+01 5.639281e+01 6.503884e+01 9.323697e+01 5.816364e+01 7.751766e+01 6.182178e+01 6.107595e+01 4.562326e+01 2.969437e+01 4.207946e+00 3.512908e+00 3.327917e+00 4.125130e+00 4.890180e+00 8.414360e+00 5.121317e+00 6.117930e+00 5.462446e+00 4.647324e+00 3.248621e+00 2.854410e+00 2.757658e+00
<GCONST> 1.132865e+02
<STATE> 3
<MEAN> 25
 4.924558e+00 4.567062e+00 1.544539e-01 -2.855579e+00 -2.427261e+00 -7.692163e-01 -5.120907e+00 -3.122109e+00 -5.723229e-01 -9.986981e-01 -2.913068e-01 -4.755239e-01 -2.545228e-01 2.330405e-01 -3.319412e-01 -3.830522e-01 2.316342e-01 5.408801e-01 4.350344e-01 -9.040154e-02 -4.196498e-01 2.028592e-01 3.726234e-01 1.233030e-01 -2.638484e-01
<VARIANCE> 25
 5.123198e+01 4.371984e+01 3.937978e+01 5.940798e+01 5.482460e+01 6.648373e+01 5.696875e+01 6.726949e+01 6.894965e+01 5.761453e+01 4.367648e+01 2.871612e+01 3.181932e+00 2.827002e+00 2.980800e+00 3.760216e+00 4.195210e+00 5.527693e+00 4.635942e+00 4.694805e+00 5.017446e+00 4.224201e+00 2.751859e+00 2.539496e+00 2.148829e+00
<GCONST> 1.098928e+02
<STATE> 4
<MEAN> 25
 2.540664e+00 5.378335e+00 -2.159365e+00 -3.522706e+00 -1.887658e+00 2.718303e+00 -2.012206e+00 -4.387124e+00 -3.001657e+00 -2.247162e+00 2.323313e+00 1.312207e+00 -4.349373e-01 -1.853129e-01 1.899436e-03 3.468724e-01 2.916303e-01 5.026132e-03 2.495957e-01 2.295656e-01 2.539482e-01 1.106950e-01 1.918556e-02 -4.179622e-02 -2.404079e-01
<VARIANCE> 25
 6.286498e+01 3.170000e+01 2.912253e+01 6.764371e+01 3.909987e+01 4.481530e+01 4.644686e+01 4.902828e+01 6.457241e+01 4.605283e+01 2.992151e+01 2.182521e+01 1.483878e+00 1.695199e+00 1.695598e+00 2.596363e+00 2.086197e+00 2.550417e+00 2.571501e+00 2.610821e+00 2.935711e+00 2.740697e+00 1.845717e+00 1.712753e+00 1.123733e+00
<GCONST> 1.001417e+02
<TRANSP> 5
 0.000000e+00 1.000000e+00 0.000000e+00 0.000000e+00 0.000000e+00
 0.000000e+00 4.757452e-01 5.242548e-01 0.000000e+00 0.000000e+00
 0.000000e+00 0.000000e+00 3.427186e-01 6.572814e-01 0.000000e+00
 0.000000e+00 0.000000e+00 0.000000e+00 7.871118e-01 2.128883e-01
 0.000000e+00 0.000000e+00 0.000000e+00 0.000000e+00 0.000000e+00
<ENDHMM>
~h "v"
<BEGINHMM>
<NUMSTATES> 5
<STATE> 2
<MEAN> 25
 -4.390252e+00 -1.259543e+00 -7.814378e-02 2.426660e+00 2.838225e+00 2.049603e+00 7.522143e-01 -2.000699e+00 -2.159772e+00 -2.995683e-01 1.812521e+00 1.233408e+00 -7.776282e-01 -7.161555e-01 -3.078476e-02 -1.649284e-01 -5.203441e-01 5.895342e-01 2.680604e-01 4.125249e-01 6.986908e-01 -4.141098e-02 -1.142178e-02 -6.510909e-02 -3.399065e-01
<VARIANCE> 25
 4.301497e+01 1.828920e+01 1.548702e+01 2.579004e+01 2.673730e+01 4.823041e+01 2.480494e+01 1.477114e+01 1.516896e+01 1.582286e+01 1.690130e+01 1.367274e+01 1.353237e+00 2.099118e+00 1.145560e+00 3.567697e+00 3.460928e+00 3.901843e+00 2.582483e+00 2.113571e+00 2.517244e+00 1.931583e+00 2.151311e+00 1.663945e+00 6.542292e-01
<GCONST> 9.177847e+01
<STATE> 3
<MEAN> 25
 -5.777963e+00 -5.028050e+00 -4.882746e-01 9.153053e-01 1.058055e+00 5.145664e+00 -1.638061e-01 -9.993935e-01 -9.347510e-02 -8.921889e-01 1.983250e+00 1.814943e+00 -6.676129e-02 -2.440627e-01 -1.531423e-01 -3.427009e-01 -3.691294e-01 -3.781798e-02 -2.646675e-01 1.225332e-01 2.435603e-01 -6.877588e-02 -2.465294e-01 -1.234138e-01 6.578378e-02
<VARIANCE> 25
 3.237501e+01 6.511189e+01 1.368968e+01 1.323962e+01 2.958081e+01 6.772707e+01 1.608892e+01 2.413252e+01 2.349896e+01 1.890909e+01 1.282949e+01 1.263191e+01 1.290969e+00 2.447044e+00 8.281599e-01 1.547187e+00 2.355434e+00 2.609228e+00 1.679137e+00 1.371308e+00 1.662440e+00 1.251717e+00 1.640916e+00 1.149253e+00 4.165551e-01
<GCONST> 8.808857e+01
<STATE> 4
<MEAN> 25
 2.661013e+00 -9.137261e-01 2.613932e+00 -4.159813e-01 -5.572182e+00 1.746756e+00 2.022293e-01 -3.110521e+00 -1.390532e+00 1.463267e+00 2.752761e+00 1.169083e+00 1.424044e+00 1.179586e+00 -2.958453e-01 3.507117e-01 1.736513e-01 -1.056409e+00 -1.630473e-01 -1.306065e-01 -4.322785e-01 4.124788e-02 -4.754020e-01 -4.439434e-01 4.705834e-01
<VARIANCE> 25
 4.585191e+01 6.841892e+01 3.262149e+01 3.179449e+01 8.911769e+01 7.565820e+01 4.131581e+01 2.143513e+01 3.338737e+01 2.735257e+01 1.623844e+01 1.287732e+01 5.601386e+00 5.239922e+00 3.327893e+00 4.257310e+00 1.072294e+01 6.233416e+00 3.821843e+00 2.717958e+00 4.457283e+00 2.071511e+00 2.655241e+00 1.465702e+00 3.289592e+00
<GCONST> 1.060502e+02
<TRANSP> 5
 0.000000e+00 1.000000e+00 0.000000e+00 0.000000e+00 0.000000e+00
 0.000000e+00 7.666600e-01 2.333400e-01 0.000000e+00 0.000000e+00
 0.000000e+00 0.000000e+00 8.255907e-01 1.744093e-01 0.000000e+00
 0.000000e+00 0.000000e+00 0.000000e+00 6.866792e-01 3.133208e-01
 0.000000e+00 0.000000e+00 0.000000e+00 0.000000e+00 0.000000e+00
<ENDHMM>
~h "w"
<BEGINHMM>
<NUMSTATES> 5
<STATE> 2
<MEAN> 25
 -1.137964e+01 4.506734e+00 -4.549517e+00 -5.056367e+00 3.974133e+00 2.930648e-01 -7.042345e-01 4.461128e-01 -1.558742e+00 3.481543e+00 9.781305e-01 -2.383365e+00 1.018924e-01 -6.478138e-03 -1.170873e-01 -1.251921e-01 7.093291e-02 1.899251e-02 -7.270597e-02 1.048398e-02 8.660991e-02 7.177713e-02 -1.874558e-01 -2.333671e-01 2.117544e-02
<VARIANCE> 25
 2.170951e+02 3.344209e+01 2.438522e+01 3.883960e+01 4.503825e+01 4.918431e+01 3.665893e+01 3.453593e+01 2.523338e+01 2.735392e+01 2.107043e+01 1.733085e+01 2.886694e+00 1.866911e+00 1.145802e+00 1.878214e+00 2.128052e+00 2.074981e+00 1.969587e+00 1.721511e+00 1.969030e+00 1.861255e+00 1.605404e+00 1.716406e+00 1.795535e+00
<GCONST> 9.702934e+01
<STATE> 3
<MEAN> 25
 1.194349e+00 3.726524e+00 -2.848509e+00 -4.810314e+00 5.658770e-01 6.426511e-01 -3.142413e+00 -1.910221e+00 -5.487383e-01 2.071488e+00 6.902318e-01 -2.007287e+00 1.922091e+00 -2.673782e-01 -5.060967e-01 -5.047967e-01 -5.145070e-01 2.355945e-02 -1.517694e-01 -3.092925e-01 2.449189e-01 -2.085836e-01 -6.596742e-01 -5.217036e-01 1.458926e+00
<VARIANCE> 25
 1.422564e+02 4.048664e+01 3.797513e+01 5.383614e+01 5.804588e+01 7.758439e+01 3.654163e+01 4.724938e+01 4.023121e+01 4.529571e+01 2.817311e+01 2.225687e+01 8.403818e+00 3.196950e+00 3.921823e+00 4.904055e+00 4.231603e+00 4.880720e+00 3.155174e+00 3.942992e+00 3.455624e+00 3.037024e+00 2.293357e+00 2.998728e+00 4.257236e+00
<GCONST> 1.095678e+02
<STATE> 4
<MEAN> 25
 7.777350e+00 2.245862e+00 -3.443668e+00 -5.588631e+00 -2.440603e+00 -2.342769e+00 -3.707268e+00 2.043694e-01 1.537135e+00 1.100989e+00 -1.460097e+00 -3.067234e+00 8.527367e-01 -1.151525e+00 -3.014505e-01 2.351855e-01 1.476660e-01 -2.560307e-01 1.896666e-01 4.566254e-01 4.436818e-01 -3.455334e-01 -6.823826e-01 -1.871510e-01 1.154278e+00
<VARIANCE> 25
 5.872840e+01 4.892654e+01 5.592010e+01 7.985224e+01 8.513375e+01 2.053198e+02 3.956549e+01 7.751264e+01 3.882380e+01 4.509069e+01 3.048369e+01 2.975611e+01 4.196247e+00 2.590355e+00 3.282157e+00 4.083368e+00 5.324998e+00 6.149559e+00 3.436699e+00 4.047336e+00 3.518346e+00 3.395525e+00 2.480695e+00 2.898464e+00 2.863927e+00
<GCONST> 1.109975e+02
<TRANSP> 5
 0.000000e+00 1.000000e+00 0.000000e+00 0.000000e+00 0.000000e+00
 0.000000e+00 7.477875e-01 2.522125e-01 0.000000e+00 0.000000e+00
 0.000000e+00 0.000000e+00 4.252842e-01 5.747159e-01 0.000000e+00
 0.000000e+00 0.000000e+00 0.000000e+00 5.665367e-01 4.334632e-01
 0.000000e+00 0.000000e+00 0.000000e+00 0.000000e+00 0.000000e+00
<ENDHMM>
~h "y"
<BEGINHMM>
<NUMSTATES> 5
<STATE> 2
<MEAN> 25
 1.674515e+00 -1.640795e+00 4.101420e+00 -1.645102e+00 -5.286572e+00 -6.164387e+00 2.142552e-01 2.680680e+00 -3.396832e+00 1.886334e+00 1.502604e+00 1.743182e+00 2.013609e-01 -3.819607e-01 -2.076784e-01 -1.493142e-01 -2.712950e-02 -2.135591e-01 3.291484e-01 5.680056e-01 1.657388e-01 -5.837164e-02 -2.106603e-01 6.584042e-02 2.961781e-01
<VARIANCE> 25
 1.348020e+02 6.664828e+01 7.032745e+01 4.736008e+01 6.919427e+01 5.420998e+01 4.907946e+01 5.952892e+01 4.204572e+01 2.746233e+01 2.429129e+01 2.236509e+01 2.824106e+00 2.627462e+00 2.590880e+00 2.467664e+00 3.223048e+00 2.271739e+00 2.513088e+00 2.677162e+00 2.323594e+00 1.651839e+00 2.060199e+00 1.542619e+00 2.146742e+00
<GCONST> 1.037418e+02
<STATE> 3
<MEAN> 25
 5.012520e+00 -6.565283e+00 3.855016e+00 -1.741098e+00 -6.048544e+00 -7.566007e+00 6.198945e-01 6.218574e+00 -2.379767e+00 4.152756e-01 -3.381101e-01 6.203557e-01 -1.213029e-02 -1.338813e-01 -5.684713e-01 -3.643759e-02 6.483391e-01 3.925900e-01 2.319349e-01 1.178963e-01 3.112007e-01 -8.417242e-02 -5.983803e-01 -2.992092e-01 -1.492438e-01
<VARIANCE> 25
 3.684563e+01 3.916649e+01 3.182103e+01 3.147989e+01 4.392738e+01 3.387337e+01 4.725821e+01 7.576000e+01 3.024478e+01 2.788460e+01 4.189128e+01 2.380958e+01 4.763044e-01 9.629816e-01 1.329781e+00 1.174197e+00 1.920246e+00 1.409063e+00 1.371532e+00 1.978444e+00 1.601720e+00 1.274677e+00 1.906723e+00 1.280622e+00 5.343992e-01
<GCONST> 9.190157e+01
<STATE> 4
<MEAN> 25
 -1.132595e+00 -9.962668e-01 -1.806736e+00 1.528347e+00 1.902326e+00 5.293561e-01 2.745655e+00 2.067085e+00 8.829651e-01 -7.604634e-01 -1.856292e+00 4.983792e-01 -1.112157e-01 1.894310e-01 -5.252522e-02 8.246471e-02 1.765709e-01 2.302826e-01 4.475481e-02 -1.490916e-01 3.432420e-02 -1.649158e-02 -1.203601e-02 2.631264e-02 -2.501140e-01
<VARIANCE> 25
 7.468737e+01 4.988914e+01 2.434278e+01 4.886874e+01 3.421062e+01 4.085833e+01 3.041205e+01 3.858297e+01 3.107443e+01 2.603522e+01 4.094673e+01 2.979760e+01 3.046679e-01 5.787162e-01 7.425979e-01 8.785129e-01 1.154181e+00 1.235703e+00 1.248422e+00 1.440381e+00 1.408346e+00 1.360939e+00 1.393887e+00 1.071720e+00 3.014003e-01
<GCONST> 8.799611e+01
<TRANSP> 5
 0.000000e+00 1.000000e+00 0.000000e+00 0.000000e+00 0.000000e+00
 0.000000e+00 6.928188e-01 3.071813e-01 0.000000e+00 0.000000e+00
 0.000000e+00 0.000000e+00 7.351007e-01 2.648993e-01 0.000000e+00
 0.000000e+00 0.000000e+00 0.000000e+00 9.098350e-01 9.016498e-02
 0.000000e+00 0.000000e+00 0.000000e+00 0.000000e+00 0.000000e+00
<ENDHMM>
~h "z"
<BEGINHMM>
<NUMSTATES> 5
<STATE> 2
<MEAN> 25
 0.000000e+00 0.000000e+00 0.000000e+00 0.000000e+00 0.000000e+00 0.000000e+00 0.000000e+00 0.000000e+00 0.000000e+00 0.000000e+00 0.000000e+00 0.000000e+00 0.000000e+00 0.000000e+00 0.000000e+00 0.000000e+00 0.000000e+00 0.000000e+00 0.000000e+00 0.000000e+00 0.000000e+00 0.000000e+00 0.000000e+00 0.000000e+00 0.000000e+00
<VARIANCE> 25
 1.000000e+00 1.000000e+00 1.000000e+00 1.000000e+00 1.000000e+00 1.000000e+00 1.000000e+00 1.000000e+00 1.000000e+00 1.000000e+00 1.000000e+00 1.000000e+00 1.000000e+00 1.000000e+00 1.000000e+00 1.000000e+00 1.000000e+00 1.000000e+00 1.000000e+00 1.000000e+00 1.000000e+00 1.000000e+00 1.000000e+00 1.000000e+00 1.000000e+00
<GCONST> 4.594693e+01
<STATE> 3
<MEAN> 25
 0.000000e+00 0.000000e+00 0.000000e+00 0.000000e+00 0.000000e+00 0.000000e+00 0.000000e+00 0.000000e+00 0.000000e+00 0.000000e+00 0.000000e+00 0.000000e+00 0.000000e+00 0.000000e+00 0.000000e+00 0.000000e+00 0.000000e+00 0.000000e+00 0.000000e+00 0.000000e+00 0.000000e+00 0.000000e+00 0.000000e+00 0.000000e+00 0.000000e+00
<VARIANCE> 25
 1.000000e+00 1.000000e+00 1.000000e+00 1.000000e+00 1.000000e+00 1.000000e+00 1.000000e+00 1.000000e+00 1.000000e+00 1.000000e+00 1.000000e+00 1.000000e+00 1.000000e+00 1.000000e+00 1.000000e+00 1.000000e+00 1.000000e+00 1.000000e+00 1.000000e+00 1.000000e+00 1.000000e+00 1.000000e+00 1.000000e+00 1.000000e+00 1.000000e+00
<GCONST> 4.594693e+01
<STATE> 4
<MEAN> 25
 0.000000e+00 0.000000e+00 0.000000e+00 0.000000e+00 0.000000e+00 0.000000e+00 0.000000e+00 0.000000e+00 0.000000e+00 0.000000e+00 0.000000e+00 0.000000e+00 0.000000e+00 0.000000e+00 0.000000e+00 0.000000e+00 0.000000e+00 0.000000e+00 0.000000e+00 0.000000e+00 0.000000e+00 0.000000e+00 0.000000e+00 0.000000e+00 0.000000e+00
<VARIANCE> 25
 1.000000e+00 1.000000e+00 1.000000e+00 1.000000e+00 1.000000e+00 1.000000e+00 1.000000e+00 1.000000e+00 1.000000e+00 1.000000e+00 1.000000e+00 1.000000e+00 1.000000e+00 1.000000e+00 1.000000e+00 1.000000e+00 1.000000e+00 1.000000e+00 1.000000e+00 1.000000e+00 1.000000e+00 1.000000e+00 1.000000e+00 1.000000e+00 1.000000e+00
<GCONST> 4.594693e+01
<TRANSP> 5
 0.000000e+00 1.000000e+00 0.000000e+00 0.000000e+00 0.000000e+00
 0.000000e+00 6.000000e-01 4.000000e-01 0.000000e+00 0.000000e+00
 0.000000e+00 0.000000e+00 6.000000e-01 4.000000e-01 0.000000e+00
 0.000000e+00 0.000000e+00 0.000000e+00 7.000000e-01 3.000000e-01
 0.000000e+00 0.000000e+00 0.000000e+00 0.000000e+00 0.000000e+00
<ENDHMM>
~h "ai"
<BEGINHMM>
<NUMSTATES> 5
<STATE> 2
<MEAN> 25
 0.000000e+00 0.000000e+00 0.000000e+00 0.000000e+00 0.000000e+00 0.000000e+00 0.000000e+00 0.000000e+00 0.000000e+00 0.000000e+00 0.000000e+00 0.000000e+00 0.000000e+00 0.000000e+00 0.000000e+00 0.000000e+00 0.000000e+00 0.000000e+00 0.000000e+00 0.000000e+00 0.000000e+00 0.000000e+00 0.000000e+00 0.000000e+00 0.000000e+00
<VARIANCE> 25
 1.000000e+00 1.000000e+00 1.000000e+00 1.000000e+00 1.000000e+00 1.000000e+00 1.000000e+00 1.000000e+00 1.000000e+00 1.000000e+00 1.000000e+00 1.000000e+00 1.000000e+00 1.000000e+00 1.000000e+00 1.000000e+00 1.000000e+00 1.000000e+00 1.000000e+00 1.000000e+00 1.000000e+00 1.000000e+00 1.000000e+00 1.000000e+00 1.000000e+00
<GCONST> 4.594693e+01
<STATE> 3
<MEAN> 25
 0.000000e+00 0.000000e+00 0.000000e+00 0.000000e+00 0.000000e+00 0.000000e+00 0.000000e+00 0.000000e+00 0.000000e+00 0.000000e+00 0.000000e+00 0.000000e+00 0.000000e+00 0.000000e+00 0.000000e+00 0.000000e+00 0.000000e+00 0.000000e+00 0.000000e+00 0.000000e+00 0.000000e+00 0.000000e+00 0.000000e+00 0.000000e+00 0.000000e+00
<VARIANCE> 25
 1.000000e+00 1.000000e+00 1.000000e+00 1.000000e+00 1.000000e+00 1.000000e+00 1.000000e+00 1.000000e+00 1.000000e+00 1.000000e+00 1.000000e+00 1.000000e+00 1.000000e+00 1.000000e+00 1.000000e+00 1.000000e+00 1.000000e+00 1.000000e+00 1.000000e+00 1.000000e+00 1.000000e+00 1.000000e+00 1.000000e+00 1.000000e+00 1.000000e+00
<GCONST> 4.594693e+01
<STATE> 4
<MEAN> 25
 0.000000e+00 0.000000e+00 0.000000e+00 0.000000e+00 0.000000e+00 0.000000e+00 0.000000e+00 0.000000e+00 0.000000e+00 0.000000e+00 0.000000e+00 0.000000e+00 0.000000e+00 0.000000e+00 0.000000e+00 0.000000e+00 0.000000e+00 0.000000e+00 0.000000e+00 0.000000e+00 0.000000e+00 0.000000e+00 0.000000e+00 0.000000e+00 0.000000e+00
<VARIANCE> 25
 1.000000e+00 1.000000e+00 1.000000e+00 1.000000e+00 1.000000e+00 1.000000e+00 1.000000e+00 1.000000e+00 1.000000e+00 1.000000e+00 1.000000e+00 1.000000e+00 1.000000e+00 1.000000e+00 1.000000e+00 1.000000e+00 1.000000e+00 1.000000e+00 1.000000e+00 1.000000e+00 1.000000e+00 1.000000e+00 1.000000e+00 1.000000e+00 1.000000e+00
<GCONST> 4.594693e+01
<TRANSP> 5
 0.000000e+00 1.000000e+00 0.000000e+00 0.000000e+00 0.000000e+00
 0.000000e+00 6.000000e-01 4.000000e-01 0.000000e+00 0.000000e+00
 0.000000e+00 0.000000e+00 6.000000e-01 4.000000e-01 0.000000e+00
 0.000000e+00 0.000000e+00 0.000000e+00 7.000000e-01 3.000000e-01
 0.000000e+00 0.000000e+00 0.000000e+00 0.000000e+00 0.000000e+00
<ENDHMM>
~h "au"
<BEGINHMM>
<NUMSTATES> 5
<STATE> 2
<MEAN> 25
 -2.456526e+01 1.693856e+01 -4.573550e+00 -7.825055e+00 1.398048e+01 -1.336650e+00 -4.098754e+00 8.489571e+00 -9.480398e-01 9.841764e-01 2.131411e+00 -2.987910e+00 -2.632150e+00 1.171990e+00 -9.314244e-01 -1.730910e+00 6.649880e-01 -9.189247e-01 -9.686515e-01 -3.509700e-01 -4.558763e-01 -1.694322e-01 -9.466134e-01 -8.615490e-01 -2.530603e+00
<VARIANCE> 25
 1.858506e+02 7.032932e+01 1.449120e+01 3.602805e+01 5.963482e+01 1.257453e+01 3.845863e+01 1.357732e+01 1.118475e+01 3.617499e+00 7.228366e+00 2.488750e+01 1.744848e+01 5.907443e+00 1.750279e+00 9.253499e+00 2.976154e+00 2.346181e+00 7.672267e+00 4.509440e-01 6.361545e-01 6.389323e-01 4.811684e-01 9.442408e-01 1.359317e+01
<GCONST> 9.497874e+01
<STATE> 3
<MEAN> 25
 -1.458692e+01 1.109739e+01 -4.319717e+00 -2.963954e+00 9.490160e+00 7.050557e-01 1.977417e+00 6.352305e+00 -5.925584e+00 -1.383845e+00 1.089724e+00 -3.921620e+00 4.192569e+00 -4.956789e+00 -6.997107e-01 2.464424e+00 -1.505145e+00 1.998055e+00 2.543487e+00 -1.957032e+00 -1.696271e+00 -9.772538e-01 -7.918304e-02 1.668181e+00 4.205757e+00
<VARIANCE> 25
 8.721513e+01 9.358205e+01 3.335834e+00 3.739527e+01 9.537916e+01 1.481395e+01 5.968848e+01 1.740701e+01 9.465565e+00 6.018305e+00 2.370718e+01 2.216964e+01 1.749837e+01 5.483377e+00 2.093284e+00 3.676155e+00 1.532942e+00 3.487638e+00 9.874708e+00 1.279500e+00 4.415393e+00 2.373746e+00 1.295091e+00 4.688381e+00 1.481254e+01
<GCONST> 1.019528e+02
<STATE> 4
<MEAN> 25
 -4.231124e+00 1.638892e+00 -6.125333e+00 9.774552e-01 3.444795e+00 -7.202641e-01 6.894090e+00 4.964999e+00 -5.452353e+00 -1.421301e+00 1.433773e+00 3.350012e+00 6.049010e-01 -4.916523e-01 1.761469e-01 -5.726493e-02 -6.803058e-01 -4.767224e-01 -5.028252e-03 -1.848683e-03 2.263436e-01 1.010248e-01 -9.702186e-02 1.552290e-01 6.675997e-01
<VARIANCE> 25
 1.067975e+02 6.532767e+01 7.027312e+01 5.860088e+01 7.338412e+01 8.638865e+01 3.983673e+01 3.151063e+01 4.415231e+01 5.490332e+01 1.539034e+01 2.395950e+01 7.772068e+00 9.122839e+00 4.827635e+00 3.492271e+00 5.380494e+00 9.926507e+00 5.723667e+00 2.783975e+00 3.230047e+00 4.091053e+00 1.957538e+00 2.959164e+00 8.686755e+00
<GCONST> 1.130458e+02
<TRANSP> 5
 0.000000e+00 1.000000e+00 0.000000e+00 0.000000e+00 0.000000e+00
 0.000000e+00 6.626680e-01 3.373320e-01 0.000000e+00 0.000000e+00
 0.000000e+00 0.000000e+00 4.050698e-01 5.949302e-01 0.000000e+00
 0.000000e+00 0.000000e+00 0.000000e+00 9.274751e-01 7.252494e-02
 0.000000e+00 0.000000e+00 0.000000e+00 0.000000e+00 0.000000e+00
<ENDHMM>
~h "aw"
<BEGINHMM>
<NUMSTATES> 5
<STATE> 2
<MEAN> 25
 -2.486435e+00 -5.045691e-01 -2.663816e+00 -3.700246e+00 2.229535e+00 2.618231e+00 -8.140176e-01 -3.049824e-01 7.257637e-01 2.029654e+00 4.577176e-01 -1.879969e+00 -4.167351e-02 1.406730e-01 2.383858e-02 -3.750705e-02 7.300151e-03 2.037313e-01 4.350407e-02 -1.094648e-01 -1.061554e-01 -5.327342e-04 1.091717e-01 1.267327e-01 -1.692390e-01
<VARIANCE> 25
 1.108047e+02 2.949935e+01 2.390048e+01 4.343689e+01 2.211576e+01 2.349696e+01 2.276544e+01 2.514911e+01 2.303179e+01 1.989928e+01 2.176789e+01 2.881422e+01 3.179234e-01 5.130364e-01 6.588492e-01 8.819879e-01 8.521354e-01 1.293272e+00 1.290273e+00 1.299016e+00 1.274661e+00 1.249195e+00 1.165797e+00 1.168354e+00 2.507971e-01
<GCONST> 8.380486e+01
<STATE> 3
<MEAN> 25
 4.964172e+00 2.289128e+00 -3.906813e+00 -8.432426e+00 8.775700e-01 5.360538e+00 1.747881e+00 -2.367869e+00 -1.027569e+00 9.857451e-01 1.074219e+00 4.780392e-01 -4.157767e-02 4.780225e-01 4.717460e-01 2.839906e-01 -2.063275e-01 8.412603e-02 -3.131146e-02 5.270962e-03 -1.506456e-01 -2.516192e-01 2.224032e-01 3.071584e-01 -3.045011e-01
<VARIANCE> 25
 6.158984e+01 2.671526e+01 2.062498e+01 5.560703e+01 3.500748e+01 4.495004e+01 5.472215e+01 4.190081e+01 3.753355e+01 3.358400e+01 2.013291e+01 1.753063e+01 5.232177e-01 1.126228e+00 1.906146e+00 1.576985e+00 1.586074e+00 2.021805e+00 2.354442e+00 1.725145e+00 1.616232e+00 2.168935e+00 1.419809e+00 1.433600e+00 4.995398e-01
<GCONST> 9.291130e+01
<STATE> 4
<MEAN> 25
 1.067991e+00 5.855727e+00 -1.031203e+00 -1.027369e-02 5.311145e-01 2.218648e+00 7.517799e-01 -1.835394e+00 -3.471471e-01 2.805823e-01 8.748538e-01 1.804452e+00 -2.591890e-01 8.519092e-02 2.816888e-01 5.254186e-01 4.034441e-02 -3.557317e-01 -1.355856e-01 -4.744582e-02 4.847728e-02 7.216464e-02 -4.509182e-02 -6.842473e-02 -2.179400e-01
<VARIANCE> 25
 6.426792e+01 2.956909e+01 2.299079e+01 1.127697e+02 5.695670e+01 4.960217e+01 4.397520e+01 3.993676e+01 3.481915e+01 3.201990e+01 2.289513e+01 2.015347e+01 1.100806e+00 1.053737e+00 1.436218e+00 1.732720e+00 1.667050e+00 1.731440e+00 1.674235e+00 1.731747e+00 1.530054e+00 1.839597e+00 1.255578e+00 1.638693e+00 6.226151e-01
<GCONST> 9.439232e+01
<TRANSP> 5
 0.000000e+00 1.000000e+00 0.000000e+00 0.000000e+00 0.000000e+00
 0.000000e+00 9.183669e-01 8.163302e-02 0.000000e+00 0.000000e+00
 0.000000e+00 0.000000e+00 6.685039e-01 3.314961e-01 0.000000e+00
 0.000000e+00 0.000000e+00 0.000000e+00 8.207523e-01 1.792477e-01
 0.000000e+00 0.000000e+00 0.000000e+00 0.000000e+00 0.000000e+00
<ENDHMM>
~h "ay"
<BEGINHMM>
<NUMSTATES> 5
<STATE> 2
<MEAN> 25
 5.343857e+00 -5.766827e+00 1.090717e+00 2.921004e+00 5.124718e-02 -2.913671e+00 -4.099193e+00 -3.370935e+00 1.145707e+00 3.322876e+00 3.786284e-01 -1.063040e+00 -6.143742e-01 1.839376e-01 4.461584e-01 1.569233e-01 -2.783267e-01 -2.227442e-01 3.818426e-01 2.473451e-02 -7.528254e-01 7.612450e-01 8.694591e-01 6.710012e-02 -4.995723e-01
<VARIANCE> 25
 4.494368e+01 3.626239e+01 4.289621e+01 7.083731e+01 5.996497e+01 5.378661e+01 1.031874e+02 1.685208e+02 4.971648e+01 6.185348e+01 3.314789e+01 5.609867e+01 1.420293e+00 1.574151e+00 2.201333e+00 2.193973e+00 3.688793e+00 3.943947e+00 3.238813e+00 4.754539e+00 4.095295e+00 2.027360e+00 2.118497e+00 2.171231e+00 1.536894e+00
<GCONST> 1.066273e+02
<STATE> 3
<MEAN> 25
 2.605822e+00 -5.162159e+00 8.930558e-01 -8.905944e-02 -1.163838e+00 -2.763593e+00 8.110718e-01 -1.189591e+00 -3.510381e+00 4.475681e+00 3.541786e+00 4.832481e-01 -2.522034e-01 3.986902e-01 2.740813e-01 -2.229450e-01 -3.225901e-01 4.878454e-01 3.683932e-01 -7.242891e-01 -1.231526e+00 -3.085908e-01 3.006711e-01 3.890903e-01 -4.175044e-01
<VARIANCE> 25
 8.051239e+01 4.913919e+01 6.678548e+01 4.716133e+01 6.700887e+01 6.831756e+01 5.238126e+01 9.541295e+01 4.263451e+01 5.737561e+01 3.153279e+01 3.252525e+01 1.774916e+00 3.059409e+00 2.505838e+00 2.519731e+00 2.632876e+00 2.811920e+00 4.240074e+00 6.466909e+00 3.000403e+00 3.388674e+00 2.044860e+00 1.960183e+00 1.769694e+00
<GCONST> 1.070925e+02
<STATE> 4
<MEAN> 25
 -6.369406e+00 -3.219961e+00 -6.745071e+00 -5.041341e+00 -1.566762e+00 1.820333e+00 6.648110e+00 1.192236e+00 -7.637187e+00 3.892121e-01 2.441114e+00 -8.511558e-02 -2.556385e-01 4.594426e-01 1.624841e-02 -2.010992e-02 1.519839e-02 1.663430e-01 8.709610e-02 4.228874e-02 6.991942e-02 -7.263218e-02 -1.280300e-01 -1.265979e-01 -4.111453e-01
<VARIANCE> 25
 7.981931e+01 4.335612e+01 1.405645e+02 3.167280e+01 4.056687e+01 5.621207e+01 5.069352e+01 4.156970e+01 3.838445e+01 1.985712e+01 2.213000e+01 2.055207e+01 7.999586e-01 1.521269e+00 1.366684e+00 1.276546e+00 1.685212e+00 2.049783e+00 2.203430e+00 2.168709e+00 1.701129e+00 1.600816e+00 1.334592e+00 1.407959e+00 7.926398e-01
<GCONST> 9.559548e+01
<TRANSP> 5
 0.000000e+00 1.000000e+00 0.000000e+00 0.000000e+00 0.000000e+00
 0.000000e+00 7.559434e-01 2.440567e-01 0.000000e+00 0.000000e+00
 0.000000e+00 0.000000e+00 5.801111e-01 4.198889e-01 0.000000e+00
 0.000000e+00 0.000000e+00 0.000000e+00 8.500158e-01 1.499843e-01
 0.000000e+00 0.000000e+00 0.000000e+00 0.000000e+00 0.000000e+00
<ENDHMM>
~h "eu"
<BEGINHMM>
<NUMSTATES> 5
<STATE> 2
<MEAN> 25
 1.829288e+00 1.909333e+00 -1.803823e-01 5.299457e-01 5.472086e-01 -1.355656e+00 -1.152540e+00 -6.325154e-01 7.155718e-01 6.107302e-01 -2.199349e-01 -6.901992e-01 7.786396e-01 -1.056868e-01 -5.546428e-02 -4.862274e-02 1.932259e-01 -4.245768e-01 -4.074454e-01 -1.335207e-02 -1.036768e-01 4.499828e-01 -4.198360e-01 -3.589959e-01 5.672197e-01
<VARIANCE> 25
 7.479829e+01 4.685357e+01 3.539536e+01 4.257993e+01 4.450066e+01 5.495541e+01 3.956507e+01 4.516257e+01 4.613306e+01 3.653973e+01 2.928275e+01 2.705207e+01 5.904540e+00 4.685111e+00 3.972673e+00 4.319763e+00 4.257993e+00 5.164013e+00 3.811676e+00 3.685431e+00 4.161922e+00 3.740010e+00 2.980034e+00 2.973498e+00 4.618903e+00
<GCONST> 1.091743e+02
<STATE> 3
<MEAN> 25
 4.413490e+00 7.136170e-01 -3.282787e-01 -2.220070e-02 4.530187e-01 -2.172140e+00 -2.212669e+00 -9.529597e-01 1.429531e-01 1.465193e+00 -1.171158e+00 -1.312296e+00 4.972560e-01 -3.529096e-01 -1.514299e-01 -1.451739e-01 1.058571e-01 -2.535998e-01 -2.804266e-01 -7.188649e-02 -2.329089e-01 3.752615e-01 -3.215449e-01 -2.384721e-01 4.244242e-01
<VARIANCE> 25
 4.857159e+01 4.875305e+01 3.432962e+01 4.441607e+01 4.861080e+01 5.699749e+01 4.098610e+01 4.697319e+01 4.704520e+01 4.076842e+01 3.257014e+01 3.012459e+01 3.622841e+00 3.799316e+00 3.468657e+00 3.595739e+00 3.525571e+00 4.091095e+00 3.398988e+00 3.468058e+00 3.841729e+00 3.139848e+00 2.601160e+00 2.551050e+00 3.098629e+00
<GCONST> 1.067788e+02
<STATE> 4
<MEAN> 25
 2.548273e+00 3.834781e-01 -2.415494e-01 6.558771e-01 9.372004e-01 -1.410860e+00 -1.625339e+00 -1.159268e+00 -9.683490e-02 1.914011e+00 -1.079662e+00 -1.471498e+00 4.682382e-02 -3.379629e-02 2.192985e-02 5.884091e-02 -2.766693e-02 8.101314e-02 7.681251e-02 -7.062504e-02 -1.204096e-01 -3.035672e-02 -2.778630e-02 -1.622525e-02 -3.784308e-02
<VARIANCE> 25
 5.551126e+01 4.380345e+01 2.486279e+01 4.431083e+01 3.338636e+01 4.624748e+01 3.187422e+01 3.981578e+01 3.952509e+01 3.445428e+01 3.243547e+01 3.115511e+01 1.259318e+00 2.051195e+00 1.860869e+00 2.134732e+00 1.862704e+00 2.280344e+00 2.054621e+00 2.343415e+00 2.519310e+00 2.025261e+00 1.842415e+00 1.522653e+00 1.387016e+00
<GCONST> 9.770565e+01
<TRANSP> 5
 0.000000e+00 1.000000e+00 0.000000e+00 0.000000e+00 0.000000e+00
 0.000000e+00 3.445498e-01 6.554502e-01 0.000000e+00 0.000000e+00
 0.000000e+00 0.000000e+00 2.460492e-01 7.539508e-01 0.000000e+00
 0.000000e+00 0.000000e+00 0.000000e+00 6.741080e-01 3.258920e-01
 0.000000e+00 0.000000e+00 0.000000e+00 0.000000e+00 0.000000e+00
<ENDHMM>
~h "kh"
<BEGINHMM>
<NUMSTATES> 5
<STATE> 2
<MEAN> 25
 1.804184e+00 -2.979482e+00 2.176862e+00 4.798422e-01 -6.688511e+00 -2.813314e+00 -1.077197e+01 -7.640221e+00 7.941229e-01 6.668289e+00 -8.850606e+00 -9.623713e+00 -2.371522e-01 4.557200e-01 -6.652266e-03 7.399495e-02 6.262556e-03 2.753110e-01 -1.536971e-01 6.439018e-01 -1.354506e-01 4.588190e-02 -2.481407e-01 -5.376281e-02 -4.441497e-01
<VARIANCE> 25
 1.355140e+01 4.373470e+01 2.224274e+01 6.340992e+01 4.124089e+01 5.740434e+01 8.764404e+01 3.294609e+02 5.287582e+01 2.459371e+01 6.747444e+01 1.007641e+02 4.883037e-01 1.606620e+00 2.048087e+00 1.874023e+00 4.569288e+00 4.823690e+00 3.485612e+00 5.320389e+00 4.721135e+00 3.430358e+00 2.727369e+00 2.569304e+00 1.509756e+00
<GCONST> 1.058775e+02
<STATE> 3
<MEAN> 25
 2.058120e+00 -6.229802e+00 2.595475e+00 1.866216e+00 -1.597722e+00 -3.971066e+00 -2.629751e+00 8.042381e+00 -2.453354e+00 3.567055e+00 -3.315818e+00 -1.649270e+00 -4.822584e-01 7.850648e-01 2.937679e-01 7.100184e-01 1.049366e+00 2.550918e-01 4.187556e-01 1.973670e-01 -3.878776e-01 -9.869057e-01 8.234205e-01 4.576226e-01 -1.353066e+00
<VARIANCE> 25
 2.979832e+01 4.261065e+01 2.707645e+01 7.346703e+01 5.066847e+01 8.174458e+01 6.192288e+01 1.355589e+02 5.657341e+01 2.540552e+01 2.619894e+01 2.018413e+01 1.568875e+00 1.450301e+00 1.251281e+00 1.743551e+00 2.443485e+00 2.214092e+00 3.195919e+00 3.855555e+00 3.706528e+00 1.619164e+00 2.319023e+00 1.342453e+00 1.747747e+00
<GCONST> 1.008822e+02
<STATE> 4
<MEAN> 25
 -1.056427e+01 1.605772e+00 -1.121287e+00 -3.257671e+00 4.328099e+00 4.254971e-01 6.091396e-01 3.492837e+00 -6.764983e-01 6.666489e-01 -1.114368e+00 -3.025097e-01 3.074661e-03 2.434555e-01 1.176085e-01 1.401937e-01 8.397241e-02 1.991424e-01 1.215051e-02 -3.263834e-01 8.392407e-02 -1.171187e-01 2.336997e-01 7.487239e-02 8.636630e-02
<VARIANCE> 25
 2.103092e+02 1.118658e+02 5.229151e+01 7.678841e+01 4.628375e+01 5.139770e+01 3.275330e+01 5.334880e+01 2.795753e+01 1.793071e+01 4.314594e+01 1.344172e+01 4.555009e+00 5.096550e+00 3.799342e+00 5.149919e+00 4.060026e+00 4.503869e+00 3.192126e+00 3.830338e+00 2.142633e+00 2.048869e+00 2.892040e+00 1.047011e+00 6.915880e+00
<GCONST> 1.081805e+02
<TRANSP> 5
 0.000000e+00 1.000000e+00 0.000000e+00 0.000000e+00 0.000000e+00
 0.000000e+00 7.228919e-01 2.771081e-01 0.000000e+00 0.000000e+00
 0.000000e+00 0.000000e+00 4.577480e-01 5.422520e-01 0.000000e+00
 0.000000e+00 0.000000e+00 0.000000e+00 9.134126e-01 8.658738e-02
 0.000000e+00 0.000000e+00 0.000000e+00 0.000000e+00 0.000000e+00
<ENDHMM>
~h "ng"
<BEGINHMM>
<NUMSTATES> 5
<STATE> 2
<MEAN> 25
 5.431682e+00 9.065570e-01 -1.144503e+00 -7.260810e-01 -6.719251e-01 6.387070e-01 -1.470717e-01 -2.024743e+00 -2.240648e+00 1.677307e+00 4.028748e-01 -2.825358e+00 -4.266518e-01 9.360358e-01 4.985339e-01 7.303150e-01 6.825396e-02 2.711615e-01 -1.337129e-01 -6.071056e-01 -4.183067e-02 1.934794e-01 -1.433526e-02 -1.815825e-01 -8.642309e-01
<VARIANCE> 25
 2.546782e+01 3.592014e+01 3.432870e+01 3.861842e+01 5.161462e+01 5.773718e+01 5.545660e+01 5.862079e+01 5.987897e+01 3.402793e+01 3.489769e+01 3.188839e+01 8.107476e-01 1.936010e+00 1.873796e+00 2.483797e+00 3.022370e+00 2.557104e+00 4.653558e+00 3.658595e+00 3.965655e+00 2.556995e+00 2.563458e+00 2.018239e+00 1.287247e+00
<GCONST> 1.017567e+02
<STATE> 3
<MEAN> 25
 4.076876e+00 3.079009e+00 5.523807e-01 9.183080e-01 -6.329662e-01 6.556537e-01 -4.471422e-01 -2.485434e+00 -1.532873e+00 1.602961e+00 -1.523049e-01 -2.662192e+00 -4.840356e-01 4.897776e-01 4.715315e-01 4.869210e-01 2.241381e-01 5.784956e-02 -1.411875e-01 -1.130743e-01 1.476550e-01 1.558182e-02 -9.751105e-02 -3.238658e-02 -5.151609e-01
<VARIANCE> 25
 2.707903e+01 3.716287e+01 3.271565e+01 3.584843e+01 4.779488e+01 5.661346e+01 6.315220e+01 5.872633e+01 7.406861e+01 3.600216e+01 3.128403e+01 3.150887e+01 8.975371e-01 1.744223e+00 1.632531e+00 1.961442e+00 2.523866e+00 2.327614e+00 3.649762e+00 3.099064e+00 3.275576e+00 2.416806e+00 2.158564e+00 1.646990e+00 1.046712e+00
<GCONST> 1.000231e+02
<STATE> 4
<MEAN> 25
 8.904990e-01 3.986833e+00 1.019586e+00 1.500986e+00 6.043791e-01 7.017977e-01 -7.490713e-01 -1.913439e+00 -1.178062e+00 1.581631e+00 -2.350647e-01 -2.785526e+00 -5.000464e-01 -8.251552e-02 2.022137e-02 9.329189e-02 1.574062e-01 1.218551e-02 8.204252e-02 2.684680e-01 1.320043e-01 -2.252035e-01 6.406371e-02 1.902950e-01 -2.507012e-01
<VARIANCE> 25
 5.129320e+01 4.112544e+01 3.273001e+01 3.741460e+01 4.492287e+01 4.763960e+01 6.907056e+01 5.586021e+01 8.245399e+01 4.124468e+01 3.374469e+01 2.918187e+01 1.383212e+00 1.769096e+00 1.704480e+00 1.956199e+00 2.380498e+00 2.327688e+00 2.694871e+00 2.785239e+00 2.926515e+00 2.390390e+00 1.948661e+00 1.514652e+00 1.302916e+00
<GCONST> 1.007814e+02
<TRANSP> 5
 0.000000e+00 1.000000e+00 0.000000e+00 0.000000e+00 0.000000e+00
 0.000000e+00 4.492292e-01 5.507709e-01 0.000000e+00 0.000000e+00
 0.000000e+00 0.000000e+00 3.919312e-01 6.080688e-01 0.000000e+00
 0.000000e+00 0.000000e+00 0.000000e+00 6.269022e-01 3.730978e-01
 0.000000e+00 0.000000e+00 0.000000e+00 0.000000e+00 0.000000e+00
<ENDHMM>
~h "ny"
<BEGINHMM>
<NUMSTATES> 5
<STATE> 2
<MEAN> 25
 4.195469e+00 6.773474e-01 3.624115e+00 3.232675e+00 -1.264348e+00 -1.044122e+00 -1.653515e+00 -2.542109e+00 -2.780500e+00 -1.161047e+00 1.034954e+00 4.329698e-01 3.242923e-01 -6.326818e-01 4.543467e-01 -2.030842e-01 -6.152954e-01 -5.128773e-01 -1.739384e-01 1.922710e-02 -4.040849e-01 -1.529476e-01 2.155047e-01 3.027038e-01 7.736440e-01
<VARIANCE> 25
 3.417559e+01 7.037920e+01 5.479023e+01 5.334921e+01 6.905319e+01 7.679140e+01 6.967250e+01 8.064135e+01 6.077241e+01 3.376929e+01 3.789133e+01 2.689931e+01 4.030401e+00 8.917111e+00 5.177224e+00 4.968549e+00 6.958129e+00 8.526775e+00 6.319961e+00 7.646219e+00 7.162075e+00 4.291851e+00 4.923604e+00 2.991946e+00 5.610281e+00
<GCONST> 1.161064e+02
<STATE> 3
<MEAN> 25
 5.914210e+00 -3.113401e+00 4.236644e+00 1.623495e+00 -2.864155e+00 -2.539366e+00 -3.826279e+00 -4.108306e+00 -4.032990e+00 -1.342623e+00 1.268788e+00 9.360750e-01 2.458125e-01 -9.277664e-01 -2.100745e-01 -4.653929e-01 -2.655249e-01 -4.779464e-01 -2.482543e-01 -4.542599e-02 -9.453293e-02 2.780031e-01 -6.772759e-02 1.585542e-01 8.116498e-01
<VARIANCE> 25
 2.731008e+01 5.037084e+01 5.051120e+01 5.912681e+01 6.783936e+01 6.643842e+01 7.382900e+01 1.110014e+02 5.328197e+01 4.499632e+01 4.399639e+01 2.922145e+01 2.441325e+00 5.476768e+00 4.254787e+00 4.469103e+00 6.138921e+00 7.049041e+00 6.903469e+00 8.847074e+00 6.227485e+00 4.730892e+00 4.271523e+00 3.207670e+00 3.437286e+00
<GCONST> 1.141946e+02
<STATE> 4
<MEAN> 25
 7.119742e+00 -5.938773e+00 3.538337e+00 -4.728977e-01 -4.030777e+00 -4.298514e-01 -4.594704e+00 -6.343239e+00 -2.283265e+00 -5.953411e-01 2.000441e+00 2.289345e+00 -1.184398e-01 -2.235455e-01 -4.697614e-01 -5.206280e-01 -8.216196e-02 1.603618e-01 5.553910e-01 5.152371e-01 2.511830e-01 9.992015e-02 -3.320124e-01 -3.501093e-02 5.228261e-02
<VARIANCE> 25
 2.814196e+01 4.298674e+01 3.847842e+01 5.031845e+01 5.389986e+01 8.592551e+01 7.699503e+01 1.192853e+02 6.904596e+01 4.431628e+01 5.212100e+01 2.713092e+01 1.384195e+00 3.002525e+00 2.448146e+00 2.904636e+00 3.884617e+00 4.537289e+00 4.392121e+00 4.614853e+00 3.607496e+00 2.927492e+00 2.717816e+00 2.407032e+00 1.887586e+00
<GCONST> 1.075951e+02
<TRANSP> 5
 0.000000e+00 1.000000e+00 0.000000e+00 0.000000e+00 0.000000e+00
 0.000000e+00 6.147961e-01 3.852039e-01 0.000000e+00 0.000000e+00
 0.000000e+00 0.000000e+00 4.837940e-01 5.162060e-01 0.000000e+00
 0.000000e+00 0.000000e+00 0.000000e+00 7.152033e-01 2.847967e-01
 0.000000e+00 0.000000e+00 0.000000e+00 0.000000e+00 0.000000e+00
<ENDHMM>
~h "sy"
<BEGINHMM>
<NUMSTATES> 5
<STATE> 2
<MEAN> 25
 -4.193813e-01 3.003658e+00 -1.842332e+00 1.464727e+00 -9.343110e-01 3.823886e+00 5.945513e+00 -4.613380e+00 -2.291442e+00 -2.118537e-01 -4.510010e-01 3.194452e+00 5.383923e-02 1.326460e-01 -1.897960e-01 3.308074e-02 3.048583e-02 8.482506e-02 -1.208140e-01 -1.304151e-01 3.757806e-02 8.745706e-02 -1.354184e-03 -3.349450e-02 -2.735015e-01
<VARIANCE> 25
 1.770107e+01 3.262117e+01 9.098462e+00 8.323211e+01 2.094065e+01 2.772536e+01 3.316705e+01 4.837500e+01 1.976962e+01 2.696387e+01 2.913341e+01 1.931684e+01 4.922636e-01 9.978433e-01 8.830056e-01 3.289068e+00 1.283862e+00 1.529477e+00 9.708996e-01 1.274352e+00 1.334005e+00 1.488493e+00 1.538375e+00 1.892550e+00 8.672252e-01
<GCONST> 8.814647e+01
<STATE> 3
<MEAN> 25
 6.813303e-01 1.698164e+00 -6.437478e+00 6.236914e+00 2.892392e+00 2.994231e+00 -2.848155e-01 3.767946e-01 5.680457e+00 -8.366235e-01 -1.410655e+00 -1.512262e+00 -1.424516e-01 2.505117e-01 3.685354e-02 1.613526e-01 -9.022163e-02 1.212478e-02 -8.104812e-02 1.251162e-01 3.009512e-01 -1.248625e-01 -1.357664e-01 -1.148031e-01 -2.516481e-01
<VARIANCE> 25
 2.202575e+01 3.933149e+01 1.804947e+01 4.377674e+01 1.522727e+01 2.450777e+01 5.623418e+01 3.188069e+01 2.402027e+01 1.824044e+01 1.750611e+01 1.425892e+01 3.378632e-01 1.087608e+00 8.241057e-01 1.571358e+00 9.610711e-01 2.067298e+00 2.384578e+00 1.969289e+00 1.689414e+00 1.451197e+00 1.498106e+00 1.007715e+00 4.624442e-01
<GCONST> 8.642745e+01
<STATE> 4
<MEAN> 25
 4.329068e+00 -1.721855e+00 4.916848e-01 -1.370585e+00 -3.043525e-01 -4.791068e+00 2.021676e-01 -1.406420e-01 -2.181969e+00 1.794995e+00 -3.802225e+00 5.921535e-01 -1.421959e-02 -7.898502e-02 -4.284550e-02 -3.494459e-02 5.680329e-02 2.068673e-02 1.957344e-02 -4.316934e-02 -9.249739e-03 4.990789e-02 -3.646526e-02 3.042549e-02 2.509037e-02
<VARIANCE> 25
 5.261576e+01 7.512505e+01 3.033533e+01 4.745737e+01 2.343866e+01 4.146963e+01 2.013880e+01 3.556386e+01 3.777711e+01 2.079712e+01 4.475864e+01 1.728344e+01 3.711888e+00 2.759805e+00 2.327347e+00 3.748633e+00 1.966008e+00 3.218194e+00 1.622699e+00 2.927419e+00 2.031898e+00 1.771823e+00 2.863876e+00 1.870654e+00 2.657791e+00
<GCONST> 1.001049e+02
<TRANSP> 5
 0.000000e+00 1.000000e+00 0.000000e+00 0.000000e+00 0.000000e+00
 0.000000e+00 9.579217e-01 4.207835e-02 0.000000e+00 0.000000e+00
 0.000000e+00 0.000000e+00 9.393111e-01 6.068878e-02 0.000000e+00
 0.000000e+00 0.000000e+00 0.000000e+00 9.702314e-01 2.976863e-02
 0.000000e+00 0.000000e+00 0.000000e+00 0.000000e+00 0.000000e+00
<ENDHMM>
~h "sil"
<BEGINHMM>
<NUMSTATES> 5
<STATE> 2
<MEAN> 25
 -8.939416e+00 2.192579e+00 -2.020934e+00 2.958207e+00 2.759730e+00 4.818192e+00 2.213527e+00 1.592914e+00 3.202481e+00 -2.446425e-01 2.605400e+00 2.180399e+00 -9.505035e-02 2.152733e-02 -1.173496e-03 4.465036e-03 -4.652868e-03 -5.445752e-03 -1.498673e-02 -1.763944e-02 -1.238033e-02 1.417483e-02 2.217591e-02 1.032468e-02 -9.768705e-02
<VARIANCE> 25
 1.562515e+01 2.046771e+01 2.360298e+01 2.849565e+01 2.448241e+01 2.247189e+01 2.939729e+01 2.711479e+01 3.594189e+01 2.299403e+01 1.886225e+01 1.475010e+01 2.579831e-01 3.919535e-01 6.163818e-01 7.563552e-01 9.249426e-01 1.108157e+00 1.281228e+00 1.331172e+00 1.390636e+00 1.380796e+00 1.269159e+00 1.195711e+00 1.678457e-01
<GCONST> 8.035128e+01
<STATE> 3
<MEAN> 25
 -1.043031e+01 3.093971e+00 -5.277690e+00 -4.675714e+00 1.675123e+00 2.187532e+00 2.861806e+00 2.328663e+00 -1.122495e+00 5.414786e-01 8.501148e-02 -1.724523e-02 -6.791934e-02 -2.156620e-02 -5.348022e-02 -1.544101e-01 -4.478525e-02 -1.611111e-01 -1.503332e-01 -3.385888e-02 -8.539776e-02 -5.809477e-03 -8.047239e-02 -1.203235e-01 -3.470225e-02
<VARIANCE> 25
 1.016748e+02 4.333527e+01 5.790642e+01 6.496089e+01 5.693699e+01 4.234198e+01 5.120641e+01 3.867036e+01 4.923478e+01 3.346455e+01 2.625421e+01 2.548448e+01 2.867476e+00 1.897494e+00 1.989663e+00 2.975796e+00 2.552475e+00 2.484271e+00 2.490952e+00 2.201552e+00 2.586368e+00 2.095158e+00 1.874894e+00 1.720219e+00 2.593973e+00
<GCONST> 1.026973e+02
<STATE> 4
<MEAN> 25
 -1.088405e+01 3.757042e+00 -3.702637e+00 2.061167e-01 2.883607e+00 2.191954e+00 1.454388e+00 1.484995e+00 1.396599e+00 6.484290e-01 9.533971e-01 3.598233e-01 1.093905e-02 5.829227e-02 7.382706e-02 7.838140e-02 4.122633e-02 2.739467e-02 3.772704e-02 2.962242e-02 9.971674e-03 3.898432e-03 -1.451394e-02 -4.538587e-03 -2.091042e-02
<VARIANCE> 25
 8.623336e+01 2.710860e+01 2.603464e+01 4.924822e+01 2.563022e+01 2.831698e+01 2.341442e+01 2.514491e+01 3.219941e+01 2.355322e+01 1.931567e+01 2.199319e+01 8.924770e-01 8.465996e-01 8.243343e-01 1.025397e+00 1.152919e+00 1.304797e+00 1.366961e+00 1.355440e+00 1.456599e+00 1.354949e+00 1.238825e+00 1.139322e+00 7.520396e-01
<GCONST> 8.782441e+01
<TRANSP> 5
 0.000000e+00 1.000000e+00 0.000000e+00 0.000000e+00 0.000000e+00
 0.000000e+00 9.335294e-01 6.647062e-02 0.000000e+00 0.000000e+00
 0.000000e+00 0.000000e+00 7.962255e-01 2.037745e-01 0.000000e+00
 0.000000e+00 0.000000e+00 0.000000e+00 8.213109e-01 1.786891e-01
 0.000000e+00 0.000000e+00 0.000000e+00 0.000000e+00 0.000000e+00
<ENDHMM>
