<BEGINHMM>
<NUMSTATES> 5
<STATE> 2
<MEAN> 39
 -2.183670e+00 -2.469951e+00 -1.471815e+00 -2.069462e+00 -6.369067e+00 -2.515207e+00 -4.644117e+00 -1.987977e+00 -2.539903e+00 -2.282821e+00 -1.878191e+00 -4.117006e+00 6.156329e+01 4.911122e-03 2.767457e-05 1.639938e-03 -1.232083e-03 1.650304e-03 -6.721886e-04 4.813192e-05 -9.946806e-04 -1.654112e-03 -1.237794e-03 -4.083573e-04 -1.237496e-03 5.179058e-03 -6.355993e-04 3.623692e-04 -1.575322e-04 6.312555e-04 6.001266e-04 2.302650e-04 3.139719e-04 9.075356e-05 -4.308091e-05 -7.988505e-05 8.975824e-05 4.421703e-04 -1.065109e-03
<VARIANCE> 39
 7.631384e+01 7.494741e+01 8.308778e+01 1.092060e+02 1.009292e+02 9.094302e+01 6.859651e+01 7.338823e+01 7.923490e+01 6.709158e+01 5.659220e+01 4.955613e+01 1.307913e+02 2.007222e+00 2.613512e+00 2.631202e+00 3.075535e+00 3.371429e+00 3.362953e+00 3.210964e+00 3.451805e+00 3.345187e+00 3.032897e+00 2.898691e+00 2.369176e+00 2.213482e+00 2.957280e-01 4.106761e-01 4.173997e-01 5.118984e-01 5.797668e-01 5.905294e-01 5.757541e-01 6.162897e-01 5.963435e-01 5.561794e-01 5.257611e-01 4.335653e-01 3.108037e-01
<GCONST> 1.325916e+02
<STATE> 3
<MEAN> 39
 -2.183670e+00 -2.469951e+00 -1.471815e+00 -2.069462e+00 -6.369067e+00 -2.515207e+00 -4.644117e+00 -1.987977e+00 -2.539903e+00 -2.282821e+00 -1.878191e+00 -4.117006e+00 6.156329e+01 4.911122e-03 2.767457e-05 1.639938e-03 -1.232083e-03 1.650304e-03 -6.721886e-04 4.813192e-05 -9.946806e-04 -1.654112e-03 -1.237794e-03 -4.083573e-04 -1.237496e-03 5.179058e-03 -6.355993e-04 3.623692e-04 -1.575322e-04 6.312555e-04 6.001266e-04 2.302650e-04 3.139719e-04 9.075356e-05 -4.308091e-05 -7.988505e-05 8.975824e-05 4.421703e-04 -1.065109e-03
<VARIANCE> 39
 7.631384e+01 7.494741e+01 8.308778e+01 1.092060e+02 1.009292e+02 9.094302e+01 6.859651e+01 7.338823e+01 7.923490e+01 6.709158e+01 5.659220e+01 4.955613e+01 1.307913e+02 2.007222e+00 2.613512e+00 2.631202e+00 3.075535e+00 3.371429e+00 3.362953e+00 3.210964e+00 3.451805e+00 3.345187e+00 3.032897e+00 2.898691e+00 2.369176e+00 2.213482e+00 2.957280e-01 4.106761e-01 4.173997e-01 5.118984e-01 5.797668e-01 5.905294e-01 5.757541e-01 6.162897e-01 5.963435e-01 5.561794e-01 5.257611e-01 4.335653e-01 3.108037e-01
<GCONST> 1.325916e+02
<STATE> 4
<MEAN> 39
 -2.183670e+00 -2.469951e+00 -1.471815e+00 -2.069462e+00 -6.369067e+00 -2.515207e+00 -4.644117e+00 -1.987977e+00 -2.539903e+00 -2.282821e+00 -1.878191e+00 -4.117006e+00 6.156329e+01 4.911122e-03 2.767457e-05 1.639938e-03 -1.232083e-03 1.650304e-03 -6.721886e-04 4.813192e-05 -9.946806e-04 -1.654112e-03 -1.237794e-03 -4.083573e-04 -1.237496e-03 5.179058e-03 -6.355993e-04 3.623692e-04 -1.575322e-04 6.312555e-04 6.001266e-04 2.302650e-04 3.139719e-04 9.075356e-05 -4.308091e-05 -7.988505e-05 8.975824e-05 4.421703e-04 -1.065109e-03
<VARIANCE> 39
 7.631384e+01 7.494741e+01 8.308778e+01 1.092060e+02 1.009292e+02 9.094302e+01 6.859651e+01 7.338823e+01 7.923490e+01 6.709158e+01 5.659220e+01 4.955613e+01 1.307913e+02 2.007222e+00 2.613512e+00 2.631202e+00 3.075535e+00 3.371429e+00 3.362953e+00 3.210964e+00 3.451805e+00 3.345187e+00 3.032897e+00 2.898691e+00 2.369176e+00 2.213482e+00 2.957280e-01 4.106761e-01 4.173997e-01 5.118984e-01 5.797668e-01 5.905294e-01 5.757541e-01 6.162897e-01 5.963435e-01 5.561794e-01 5.257611e-01 4.335653e-01 3.108037e-01
<GCONST> 1.325916e+02
<TRANSP> 5
 0.000000e+00 1.000000e+00 0.000000e+00 0.000000e+00 0.000000e+00
 0.000000e+00 6.000000e-01 4.000000e-01 0.000000e+00 0.000000e+00
 0.000000e+00 0.000000e+00 6.000000e-01 4.000000e-01 0.000000e+00
 0.000000e+00 0.000000e+00 0.000000e+00 7.000000e-01 3.000000e-01
 0.000000e+00 0.000000e+00 0.000000e+00 0.000000e+00 0.000000e+00
<ENDHMM>
