~o
<STREAMINFO> 1 25
<VECSIZE> 25<NULLD><MFCC_D_N_Z_0><DIAGC>
~h "a"
<BEGINHMM>
<NUMSTATES> 5
<STATE> 2
<MEAN> 25
 3.454246e+00 -5.596158e+00 -2.891087e+00 -2.747035e+00 8.010952e-02 -9.739175e-01 -5.383237e-02 2.772219e+00 1.939124e+00 -3.106934e-01 -2.285766e+00 -2.286544e+00 1.214146e-01 -1.905165e-01 -1.782446e-01 3.923409e-02 2.227742e-01 1.553163e-01 1.313017e-01 1.346105e-01 4.647307e-02 -1.094559e-01 -2.531083e-01 -8.408524e-02 1.445149e-02
<VARIANCE> 25
 3.367500e+01 4.918326e+01 4.551086e+01 5.033557e+01 5.884918e+01 6.064017e+01 5.168933e+01 5.718390e+01 5.475946e+01 4.944862e+01 5.021058e+01 4.244873e+01 1.596995e+00 3.127010e+00 2.428069e+00 3.093108e+00 3.301538e+00 3.391197e+00 3.270293e+00 3.877676e+00 3.437611e+00 3.195020e+00 3.227805e+00 2.763634e+00 2.533567e+00
<GCONST> 1.069303e+02
<STATE> 3
<MEAN> 25
 3.488703e+00 -5.333143e+00 -3.002903e+00 -2.300299e+00 4.843615e-01 -6.356537e-01 1.184713e-01 2.636631e+00 1.813611e+00 -4.933996e-01 -2.466022e+00 -2.162674e+00 -5.325772e-02 3.247790e-01 5.452311e-02 3.083258e-01 1.405862e-01 1.395877e-01 7.607742e-02 -1.653303e-01 -1.030645e-01 -4.563652e-02 -1.103401e-02 1.334562e-01 -4.267677e-01
<VARIANCE> 25
 3.148632e+01 4.922272e+01 4.309337e+01 4.926192e+01 5.614312e+01 5.781880e+01 4.968553e+01 5.560357e+01 5.333088e+01 4.813728e+01 4.938722e+01 4.110812e+01 1.276177e+00 2.588156e+00 2.140131e+00 2.685335e+00 2.954186e+00 3.072268e+00 3.044487e+00 3.487773e+00 3.137728e+00 2.907795e+00 2.921818e+00 2.502185e+00 1.982230e+00
<GCONST> 1.048252e+02
<STATE> 4
<MEAN> 25
 2.743817e+00 -4.039982e+00 -3.026881e+00 -1.023582e+00 1.177755e+00 6.255037e-02 4.894681e-01 2.196787e+00 1.507746e+00 -6.620172e-01 -2.348141e+00 -1.500376e+00 -1.874809e-01 5.944216e-01 1.972245e-01 3.872648e-01 3.631565e-02 9.777348e-02 4.070818e-02 -3.027939e-01 -1.651250e-01 2.554671e-02 1.617971e-01 2.254076e-01 -6.102396e-01
<VARIANCE> 25
 3.541698e+01 5.117037e+01 4.100227e+01 5.218809e+01 5.421556e+01 5.511013e+01 4.650484e+01 5.227230e+01 5.029683e+01 4.734821e+01 4.803294e+01 3.905003e+01 1.070717e+00 2.034244e+00 1.848748e+00 2.328464e+00 2.553245e+00 2.670839e+00 2.668047e+00 3.023773e+00 2.802883e+00 2.605828e+00 2.572364e+00 2.176650e+00 1.408753e+00
<GCONST> 1.025278e+02
<TRANSP> 5
 0.000000e+00 1.000000e+00 0.000000e+00 0.000000e+00 0.000000e+00
 0.000000e+00 4.933156e-01 5.066844e-01 0.000000e+00 0.000000e+00
 0.000000e+00 0.000000e+00 4.920325e-01 5.079675e-01 0.000000e+00
 0.000000e+00 0.000000e+00 0.000000e+00 6.515898e-01 3.484102e-01
 0.000000e+00 0.000000e+00 0.000000e+00 0.000000e+00 0.000000e+00
<ENDHMM>
~h "b"
<BEGINHMM>
<NUMSTATES> 5
<STATE> 2
<MEAN> 25
 3.809976e+00 4.183717e+00 9.325322e-02 1.717989e+00 9.922122e-01 9.936714e-01 -1.977399e+00 -2.920788e+00 -1.534177e+00 -5.594305e-01 9.709487e-02 -7.593422e-01 3.610176e-01 -3.076582e-02 -8.663779e-02 -1.984129e-01 -1.159869e-01 -2.555516e-01 -4.901274e-01 -1.959388e-01 1.173840e-01 1.278502e-01 2.110070e-01 -1.800788e-01 4.091472e-01
<VARIANCE> 25
 3.176662e+01 4.730497e+01 3.501749e+01 4.967022e+01 3.902756e+01 4.543716e+01 4.593054e+01 4.568757e+01 4.732636e+01 4.895020e+01 3.827785e+01 3.095341e+01 1.967016e+00 4.858112e+00 2.892725e+00 5.045825e+00 3.517094e+00 4.166060e+00 4.454839e+00 4.143309e+00 4.609736e+00 4.948479e+00 3.999959e+00 3.042702e+00 3.663471e+00
<GCONST> 1.081407e+02
<STATE> 3
<MEAN> 25
 4.632506e+00 3.222936e+00 -2.456241e-01 6.393384e-01 2.876610e-01 7.350346e-02 -3.254748e+00 -2.948215e+00 -8.343845e-01 2.744289e-02 6.031161e-01 -1.358741e+00 2.155653e-01 -6.695895e-01 -1.351792e-01 -5.039164e-01 -3.768502e-01 -4.589394e-01 -4.313923e-01 2.539039e-01 4.257613e-01 2.903763e-01 1.653393e-01 -2.628266e-01 7.933118e-01
<VARIANCE> 25
 2.593201e+01 5.228535e+01 3.614635e+01 5.713660e+01 3.935583e+01 4.812369e+01 4.854918e+01 4.667102e+01 5.205005e+01 6.050349e+01 4.336436e+01 3.453817e+01 1.757773e+00 5.324827e+00 3.100159e+00 5.643256e+00 3.776796e+00 4.597408e+00 4.890461e+00 4.794916e+00 5.458102e+00 5.687295e+00 4.468801e+00 3.615059e+00 3.528845e+00
<GCONST> 1.100170e+02
<STATE> 4
<MEAN> 25
 4.841043e+00 1.660850e+00 -3.812165e-01 -3.253212e-01 -7.131222e-01 -1.054104e+00 -3.720653e+00 -1.954804e+00 1.127617e-01 1.972306e-01 4.371487e-01 -1.818890e+00 -3.585700e-02 -6.535081e-01 5.545440e-02 -3.006482e-01 -3.584011e-01 -3.549698e-01 -5.131123e-03 4.172121e-01 2.502995e-01 1.115745e-01 -2.715674e-03 -6.273814e-02 5.772414e-01
<VARIANCE> 25
 2.500447e+01 5.838377e+01 3.945729e+01 6.548325e+01 4.324160e+01 5.409509e+01 4.961327e+01 4.965787e+01 5.802243e+01 7.201859e+01 4.548528e+01 3.847829e+01 1.209476e+00 3.899964e+00 2.963888e+00 4.624645e+00 3.505040e+00 4.102519e+00 4.162095e+00 4.579602e+00 4.804457e+00 4.846762e+00 4.168539e+00 3.272044e+00 2.423090e+00
<GCONST> 1.088906e+02
<TRANSP> 5
 0.000000e+00 1.000000e+00 0.000000e+00 0.000000e+00 0.000000e+00
 0.000000e+00 5.009571e-01 4.990428e-01 0.000000e+00 0.000000e+00
 0.000000e+00 0.000000e+00 5.023481e-01 4.976519e-01 0.000000e+00
 0.000000e+00 0.000000e+00 0.000000e+00 6.007516e-01 3.992483e-01
 0.000000e+00 0.000000e+00 0.000000e+00 0.000000e+00 0.000000e+00
<ENDHMM>
~h "c"
<BEGINHMM>
<NUMSTATES> 5
<STATE> 2
<MEAN> 25
 -7.242542e+00 3.215973e+00 1.245362e+00 1.247067e+00 1.808062e+00 -5.336344e-02 4.778164e-01 -5.632796e-01 6.824205e-01 -9.111589e-01 1.192341e+00 1.396394e+00 -1.116297e+00 -1.216040e-01 2.583539e-01 -3.224727e-01 -1.096950e-01 -4.260871e-01 1.532755e-01 6.918107e-02 2.414116e-01 -1.193936e-01 2.447965e-01 5.581541e-02 9.279180e-01
<VARIANCE> 25
 1.061166e+02 6.555442e+01 5.514366e+01 5.393102e+01 6.141142e+01 6.612586e+01 5.300936e+01 6.129262e+01 4.835348e+01 4.087788e+01 3.778832e+01 3.202837e+01 1.064332e+01 7.087640e+00 5.299678e+00 5.249860e+00 6.491494e+00 6.702089e+00 5.033639e+00 5.569927e+00 4.551901e+00 4.132168e+00 3.485967e+00 2.764080e+00 6.572227e+00
<GCONST> 1.157133e+02
<STATE> 3
<MEAN> 25
 -7.150287e+00 1.725669e+00 2.865628e+00 6.858561e-01 1.832638e-01 -1.891581e+00 1.642391e-01 -6.983817e-01 1.161674e+00 -1.642477e+00 1.474245e+00 1.459128e+00 1.042610e+00 -6.013114e-01 1.931708e-01 -2.102669e-01 -7.456068e-01 -7.894267e-01 -3.950687e-01 4.375693e-02 5.945353e-02 -6.918508e-02 -6.261136e-02 -2.120199e-01 1.144784e+00
<VARIANCE> 25
 1.094510e+02 8.531851e+01 6.339055e+01 5.163761e+01 6.994747e+01 8.302090e+01 6.072795e+01 6.637350e+01 5.082103e+01 4.382224e+01 3.758151e+01 3.305353e+01 1.324962e+01 8.155886e+00 6.466432e+00 5.195436e+00 6.846910e+00 7.638299e+00 6.002264e+00 6.164829e+00 5.293577e+00 4.791225e+00 3.869714e+00 3.157111e+00 4.994994e+00
<GCONST> 1.180936e+02
<STATE> 4
<MEAN> 25
 -7.130363e-01 2.884506e-01 2.799758e+00 4.867537e-02 -2.289964e+00 -3.947006e+00 -1.506004e+00 -8.962780e-01 4.255610e-01 -1.443389e+00 6.167575e-01 -7.242008e-02 1.395854e+00 -4.714178e-01 -3.667212e-01 -2.362006e-01 -4.149287e-01 -1.186413e-01 -3.277287e-01 -2.560496e-02 -1.413476e-01 1.654015e-01 -7.108985e-02 -2.897356e-01 4.027914e-01
<VARIANCE> 25
 1.122470e+02 7.827876e+01 6.375884e+01 4.686436e+01 8.616927e+01 1.002653e+02 6.504235e+01 7.469534e+01 6.302069e+01 4.408839e+01 4.004932e+01 3.668882e+01 7.226020e+00 6.436074e+00 5.271015e+00 4.013645e+00 6.132565e+00 7.059310e+00 5.052717e+00 4.902906e+00 4.759886e+00 4.089423e+00 3.568331e+00 3.271615e+00 3.711430e+00
<GCONST> 1.164118e+02
<TRANSP> 5
 0.000000e+00 1.000000e+00 0.000000e+00 0.000000e+00 0.000000e+00
 0.000000e+00 7.441244e-01 2.558757e-01 0.000000e+00 0.000000e+00
 0.000000e+00 0.000000e+00 7.026179e-01 2.973821e-01 0.000000e+00
 0.000000e+00 0.000000e+00 0.000000e+00 7.324791e-01 2.675209e-01
 0.000000e+00 0.000000e+00 0.000000e+00 0.000000e+00 0.000000e+00
<ENDHMM>
~h "d"
<BEGINHMM>
<NUMSTATES> 5
<STATE> 2
<MEAN> 25
 2.642039e+00 1.810734e+00 4.327427e+00 3.159742e+00 -2.635921e+00 -2.411520e+00 -2.163648e+00 -1.029574e+00 -8.458211e-01 -1.687258e+00 -3.150228e-01 9.634005e-02 1.016707e-01 -4.277484e-01 7.304730e-01 -6.724709e-02 -7.403969e-01 -5.914095e-01 -4.064286e-01 5.543599e-02 -1.620491e-01 -1.094604e-01 3.507377e-01 3.742051e-02 6.727974e-01
<VARIANCE> 25
 3.363392e+01 6.151393e+01 5.292780e+01 5.999447e+01 7.236720e+01 6.197733e+01 6.047326e+01 6.563791e+01 5.838963e+01 5.318333e+01 5.199519e+01 3.707379e+01 2.511452e+00 6.299881e+00 4.248726e+00 5.632460e+00 6.416262e+00 5.552556e+00 5.631291e+00 5.949616e+00 5.349541e+00 5.153678e+00 5.121369e+00 3.491946e+00 4.962719e+00
<GCONST> 1.147686e+02
<STATE> 3
<MEAN> 25
 2.958511e+00 1.394450e-01 5.799668e+00 2.221147e+00 -4.651261e+00 -3.902529e+00 -3.120715e+00 -6.417889e-01 -1.056068e+00 -1.631808e+00 6.099871e-01 6.489731e-03 3.604298e-02 -6.128302e-01 3.808621e-01 -5.461060e-01 -6.803284e-01 -4.529221e-01 -2.850173e-01 2.327254e-01 -1.920904e-02 1.819318e-01 3.714104e-01 -7.507852e-02 8.058777e-01
<VARIANCE> 25
 2.704816e+01 5.880282e+01 5.780227e+01 6.531607e+01 7.650045e+01 6.292258e+01 6.793165e+01 7.408777e+01 6.488580e+01 5.847272e+01 5.577094e+01 3.861222e+01 2.035419e+00 5.548824e+00 4.530618e+00 5.558738e+00 6.452949e+00 5.535548e+00 5.854359e+00 6.113051e+00 5.400310e+00 5.246834e+00 5.270391e+00 3.556268e+00 4.493727e+00
<GCONST> 1.150554e+02
<STATE> 4
<MEAN> 25
 3.387886e+00 -1.140509e+00 6.001752e+00 1.058918e+00 -5.854414e+00 -4.575820e+00 -3.545976e+00 -4.296129e-01 -9.181308e-01 -1.395129e+00 9.378292e-01 -5.236748e-01 -3.145214e-02 -2.181590e-01 -1.231061e-01 -4.510790e-01 -7.574550e-02 3.262102e-02 7.436100e-02 9.057692e-02 1.586480e-02 2.286488e-01 6.182411e-02 -1.309611e-01 3.122071e-01
<VARIANCE> 25
 2.769693e+01 6.003837e+01 6.435765e+01 7.030989e+01 7.735397e+01 6.715800e+01 7.368133e+01 8.532930e+01 7.061867e+01 6.760689e+01 6.021294e+01 3.992871e+01 1.457348e+00 3.772804e+00 3.856451e+00 4.457474e+00 5.280823e+00 4.687176e+00 4.888600e+00 4.963521e+00 4.468952e+00 4.437629e+00 4.399427e+00 3.112425e+00 3.181181e+00
<GCONST> 1.130464e+02
<TRANSP> 5
 0.000000e+00 1.000000e+00 0.000000e+00 0.000000e+00 0.000000e+00
 0.000000e+00 5.698020e-01 4.301980e-01 0.000000e+00 0.000000e+00
 0.000000e+00 0.000000e+00 5.642981e-01 4.357019e-01 0.000000e+00
 0.000000e+00 0.000000e+00 0.000000e+00 6.703915e-01 3.296085e-01
 0.000000e+00 0.000000e+00 0.000000e+00 0.000000e+00 0.000000e+00
<ENDHMM>
~h "e"
<BEGINHMM>
<NUMSTATES> 5
<STATE> 2
<MEAN> 25
 2.692547e+00 -3.524568e+00 2.288898e+00 3.524605e-01 -5.370572e+00 -6.285840e+00 1.045759e+00 2.972506e+00 -1.162435e+00 4.060409e-01 1.981617e+00 -1.105419e-01 2.619527e-01 -1.932674e-01 3.119934e-01 4.139181e-02 -5.390471e-01 -3.125404e-01 2.714272e-01 2.182706e-01 -2.079630e-01 1.973993e-02 1.333439e-01 -4.906281e-02 2.574022e-01
<VARIANCE> 25
 3.662221e+01 4.331750e+01 5.893399e+01 3.968414e+01 7.387362e+01 7.036416e+01 5.141383e+01 6.533487e+01 5.255319e+01 4.366586e+01 4.532888e+01 3.008815e+01 1.986648e+00 2.692258e+00 2.785041e+00 2.475061e+00 4.573463e+00 4.079794e+00 3.166432e+00 3.738887e+00 3.446339e+00 2.927902e+00 2.910941e+00 2.143903e+00 2.472758e+00
<GCONST> 1.067585e+02
<STATE> 3
<MEAN> 25
 3.005831e+00 -3.496278e+00 2.764318e+00 5.124330e-01 -5.987425e+00 -6.380669e+00 1.510570e+00 3.019894e+00 -1.443949e+00 3.852692e-01 2.024510e+00 -2.395077e-01 -7.196954e-03 1.878107e-01 6.357919e-02 1.209618e-01 5.838352e-02 1.605321e-01 1.329688e-01 -1.016968e-01 -3.754815e-02 -8.028524e-03 -7.295405e-02 -2.275224e-02 -1.800997e-01
<VARIANCE> 25
 3.181619e+01 4.248768e+01 5.767969e+01 3.928323e+01 7.139993e+01 6.873593e+01 5.107279e+01 6.575260e+01 5.145522e+01 4.196534e+01 4.494616e+01 2.929605e+01 1.276594e+00 2.203819e+00 2.166721e+00 2.070024e+00 3.652907e+00 3.259933e+00 2.756826e+00 3.142399e+00 2.970436e+00 2.560147e+00 2.468804e+00 1.898989e+00 1.760230e+00
<GCONST> 1.036707e+02
<STATE> 4
<MEAN> 25
 1.825805e+00 -2.107140e+00 2.743544e+00 1.305189e+00 -4.854289e+00 -5.356125e+00 1.785163e+00 2.629315e+00 -1.749312e+00 4.809690e-01 1.823543e+00 2.061882e-01 -1.630524e-01 3.593782e-01 -1.538394e-01 1.609921e-01 4.441285e-01 3.709697e-01 -2.548937e-02 -2.161400e-01 7.559113e-02 -4.292543e-02 -1.626775e-01 4.478561e-02 -4.062680e-01
<VARIANCE> 25
 3.591307e+01 4.142026e+01 5.757878e+01 3.916354e+01 6.940094e+01 6.761604e+01 4.644030e+01 5.942770e+01 4.864808e+01 3.900877e+01 4.249652e+01 2.907999e+01 7.967418e-01 1.563536e+00 1.542797e+00 1.642899e+00 2.530703e+00 2.365738e+00 2.234735e+00 2.450796e+00 2.351099e+00 2.163429e+00 1.970446e+00 1.594244e+00 9.549108e-01
<GCONST> 9.938226e+01
<TRANSP> 5
 0.000000e+00 1.000000e+00 0.000000e+00 0.000000e+00 0.000000e+00
 0.000000e+00 5.413311e-01 4.586689e-01 0.000000e+00 0.000000e+00
 0.000000e+00 0.000000e+00 5.466744e-01 4.533256e-01 0.000000e+00
 0.000000e+00 0.000000e+00 0.000000e+00 7.793882e-01 2.206118e-01
 0.000000e+00 0.000000e+00 0.000000e+00 0.000000e+00 0.000000e+00
<ENDHMM>
~h "f"
<BEGINHMM>
<NUMSTATES> 5
<STATE> 2
<MEAN> 25
 -1.550540e+00 -2.196105e-01 -4.209908e-01 2.181374e+00 1.088857e+00 -6.218808e-01 1.252367e+00 -8.392644e-01 2.456187e-01 -4.478018e-01 8.731045e-01 1.057898e+00 -6.344744e-01 1.426635e-01 -9.763174e-02 2.187065e-01 2.239368e-01 -7.346696e-02 1.773546e-01 -5.740173e-03 1.026808e-01 -1.197547e-01 2.133877e-02 1.801049e-01 -2.261803e-01
<VARIANCE> 25
 5.357581e+01 2.977832e+01 4.781089e+01 4.183385e+01 5.379903e+01 5.010713e+01 4.172526e+01 5.667738e+01 5.230594e+01 4.313520e+01 3.752185e+01 3.076219e+01 3.547812e+00 1.857406e+00 2.536609e+00 2.459854e+00 3.426224e+00 3.119480e+00 3.072619e+00 3.346095e+00 3.181498e+00 2.883446e+00 2.706542e+00 1.980314e+00 1.655403e+00
<GCONST> 1.041785e+02
<STATE> 3
<MEAN> 25
 -2.609379e+00 -5.076566e-02 -4.542484e-01 2.526082e+00 1.344268e+00 -8.738036e-01 1.494841e+00 -6.521077e-01 3.635423e-01 -7.053397e-01 8.281693e-01 1.324408e+00 -3.154196e-01 4.387206e-02 1.938190e-02 7.100951e-02 2.504359e-02 -1.191764e-01 5.464936e-02 5.577200e-02 7.152002e-02 -8.496013e-02 -1.770588e-02 7.974723e-02 -8.646460e-02
<VARIANCE> 25
 5.377698e+01 2.883819e+01 4.643192e+01 4.184280e+01 5.071985e+01 4.901720e+01 3.981231e+01 5.510925e+01 5.204494e+01 4.072124e+01 3.699583e+01 2.975730e+01 3.226770e+00 1.615276e+00 2.449639e+00 2.266051e+00 3.067442e+00 2.935540e+00 2.794454e+00 3.042379e+00 3.210243e+00 2.803518e+00 2.541954e+00 1.956267e+00 1.245286e+00
<GCONST> 1.027636e+02
<STATE> 4
<MEAN> 25
 -3.634147e+00 5.133295e-02 -6.005342e-01 3.126569e+00 1.961422e+00 -5.047604e-01 1.976514e+00 -1.001768e-01 1.971595e-01 -4.616230e-01 9.698321e-01 1.959838e+00 1.617181e-01 -2.797874e-02 2.001751e-01 -1.071064e-01 -2.019332e-01 -1.927386e-01 -1.132312e-01 1.186262e-03 -7.573545e-02 -6.094079e-03 6.105589e-02 -7.681855e-03 5.800437e-02
<VARIANCE> 25
 5.765641e+01 2.655210e+01 4.345911e+01 4.001994e+01 4.432091e+01 4.701394e+01 3.619209e+01 4.901881e+01 4.815905e+01 3.681349e+01 3.562456e+01 3.050465e+01 2.535859e+00 1.481664e+00 2.453919e+00 2.233594e+00 3.020352e+00 2.828061e+00 2.734949e+00 2.691672e+00 3.226458e+00 2.673623e+00 2.458926e+00 1.899736e+00 1.038730e+00
<GCONST> 1.012365e+02
<TRANSP> 5
 0.000000e+00 1.000000e+00 0.000000e+00 0.000000e+00 0.000000e+00
 0.000000e+00 4.743180e-01 5.256820e-01 0.000000e+00 0.000000e+00
 0.000000e+00 0.000000e+00 4.824605e-01 5.175396e-01 0.000000e+00
 0.000000e+00 0.000000e+00 0.000000e+00 6.551085e-01 3.448915e-01
 0.000000e+00 0.000000e+00 0.000000e+00 0.000000e+00 0.000000e+00
<ENDHMM>
~h "g"
<BEGINHMM>
<NUMSTATES> 5
<STATE> 2
<MEAN> 25
 3.219651e+00 2.421371e+00 2.640014e+00 1.165875e+00 -1.370917e+00 -2.396125e+00 -2.877196e+00 -1.926875e+00 -1.942838e+00 -1.765237e-01 3.981516e-02 -1.603743e+00 1.361069e-01 -2.327092e-02 2.663959e-01 -7.134365e-02 -1.900693e-01 -5.091794e-01 -3.865398e-01 9.606478e-02 3.594469e-02 6.593411e-02 1.311155e-01 -1.289111e-01 3.768664e-01
<VARIANCE> 25
 3.705230e+01 4.908720e+01 4.838536e+01 5.155674e+01 6.584676e+01 6.585509e+01 6.161484e+01 6.447028e+01 5.937524e+01 5.773190e+01 4.717413e+01 3.820258e+01 2.152904e+00 4.160971e+00 3.559958e+00 3.887501e+00 5.675658e+00 5.348394e+00 4.727544e+00 4.625062e+00 4.756634e+00 4.462320e+00 3.870246e+00 3.022168e+00 3.409310e+00
<GCONST> 1.116320e+02
<STATE> 3
<MEAN> 25
 3.527557e+00 1.867298e+00 2.772202e+00 5.644212e-01 -1.812090e+00 -3.442451e+00 -3.689013e+00 -1.326703e+00 -1.437288e+00 8.275238e-02 3.634267e-01 -1.850007e+00 5.535446e-02 -2.914797e-01 2.946521e-02 -3.553306e-01 -1.947738e-01 -2.938684e-01 -1.993448e-01 2.835576e-01 2.403985e-01 1.417184e-01 7.677493e-02 -1.119085e-01 5.020823e-01
<VARIANCE> 25
 3.497728e+01 5.164553e+01 5.082420e+01 5.385731e+01 6.471620e+01 6.815025e+01 6.572454e+01 6.811198e+01 6.226465e+01 6.361161e+01 5.058711e+01 3.941237e+01 1.866550e+00 3.859667e+00 3.565027e+00 3.994285e+00 5.469898e+00 5.164895e+00 4.799357e+00 4.726422e+00 4.880073e+00 4.495577e+00 4.033577e+00 3.061403e+00 2.975268e+00
<GCONST> 1.118267e+02
<STATE> 4
<MEAN> 25
 3.901938e+00 1.019414e+00 2.399506e+00 -4.329624e-01 -2.286983e+00 -3.826132e+00 -4.097528e+00 -7.072870e-01 -9.099496e-01 -7.965651e-02 4.310681e-01 -1.924215e+00 -6.392936e-02 -3.348110e-01 -8.818078e-02 -4.157639e-01 -8.809839e-02 6.628323e-02 1.241424e-01 2.450632e-01 1.732549e-01 1.327091e-01 -4.223925e-02 -1.283989e-02 3.489372e-01
<VARIANCE> 25
 4.050689e+01 6.056929e+01 5.375756e+01 6.078911e+01 6.276334e+01 6.626327e+01 6.576563e+01 7.457242e+01 6.972189e+01 7.504167e+01 5.546265e+01 4.179500e+01 1.401882e+00 2.982292e+00 3.189797e+00 3.458065e+00 4.256697e+00 4.105979e+00 4.023583e+00 4.149070e+00 4.206019e+00 3.942750e+00 3.653779e+00 2.743780e+00 2.104002e+00
<GCONST> 1.103505e+02
<TRANSP> 5
 0.000000e+00 1.000000e+00 0.000000e+00 0.000000e+00 0.000000e+00
 0.000000e+00 5.230006e-01 4.769994e-01 0.000000e+00 0.000000e+00
 0.000000e+00 0.000000e+00 5.093966e-01 4.906034e-01 0.000000e+00
 0.000000e+00 0.000000e+00 0.000000e+00 6.147507e-01 3.852493e-01
 0.000000e+00 0.000000e+00 0.000000e+00 0.000000e+00 0.000000e+00
<ENDHMM>
~h "h"
<BEGINHMM>
<NUMSTATES> 5
<STATE> 2
<MEAN> 25
 2.062576e-01 -2.228081e+00 -9.896442e-02 -3.725371e-01 4.749348e-01 7.770557e-01 2.362854e+00 5.749729e-01 2.384930e-01 -3.712856e-01 -8.447804e-01 1.902099e-01 -2.802287e-01 1.187100e-01 -1.336255e-01 2.473448e-01 3.331982e-01 1.874378e-01 2.539453e-01 3.005710e-02 -3.010352e-02 -3.961566e-02 -2.107180e-03 1.609260e-01 -4.386328e-01
<VARIANCE> 25
 4.357389e+01 5.106034e+01 5.912632e+01 5.017941e+01 7.329237e+01 5.884978e+01 5.595475e+01 5.264809e+01 4.659636e+01 4.272938e+01 4.248400e+01 3.233056e+01 1.209359e+00 1.652762e+00 1.925887e+00 2.070021e+00 2.543113e+00 2.439884e+00 2.573238e+00 2.471849e+00 2.487876e+00 2.282633e+00 2.264868e+00 1.875744e+00 1.354523e+00
<GCONST> 1.020666e+02
<STATE> 3
<MEAN> 25
 -4.257984e-01 -1.896516e+00 -4.864081e-01 1.451565e-01 1.160360e+00 1.090087e+00 2.609172e+00 6.394367e-01 8.919360e-02 -3.885799e-01 -7.849573e-01 5.056706e-01 -2.179372e-01 1.606312e-01 -1.284696e-01 1.878632e-01 2.133124e-01 9.981465e-02 6.067283e-02 3.870855e-03 -3.506482e-02 -1.978250e-03 1.831786e-02 1.132321e-01 -4.373756e-01
<VARIANCE> 25
 4.472886e+01 4.975779e+01 5.444534e+01 4.734473e+01 6.598701e+01 5.416105e+01 5.190571e+01 4.865258e+01 4.428800e+01 4.083057e+01 4.076105e+01 3.154231e+01 9.453598e-01 1.398370e+00 1.685737e+00 1.844071e+00 2.245690e+00 2.223596e+00 2.359200e+00 2.279402e+00 2.297203e+00 2.134444e+00 2.039660e+00 1.764512e+00 9.823716e-01
<GCONST> 9.974056e+01
<STATE> 4
<MEAN> 25
 -3.509603e+00 -3.283742e-01 -1.389101e+00 1.770151e+00 2.966139e+00 2.323490e+00 2.630231e+00 8.698119e-01 2.527184e-02 6.891293e-02 -3.541660e-01 1.527642e+00 -1.032601e-01 1.372374e-01 -1.744934e-02 7.728790e-02 6.098507e-02 1.569586e-02 -3.386723e-02 -6.223927e-03 -1.081290e-02 2.754166e-02 3.586486e-02 4.272311e-02 -2.250248e-01
<VARIANCE> 25
 5.086618e+01 4.156641e+01 3.797088e+01 4.417334e+01 4.717693e+01 4.082579e+01 3.666499e+01 3.838915e+01 3.759338e+01 3.595359e+01 3.284852e+01 2.885791e+01 6.198837e-01 9.390571e-01 1.137109e+00 1.327685e+00 1.639656e+00 1.724255e+00 1.773176e+00 1.914563e+00 1.914137e+00 1.819879e+00 1.689894e+00 1.500772e+00 5.749978e-01
<GCONST> 9.366217e+01
<TRANSP> 5
 0.000000e+00 1.000000e+00 0.000000e+00 0.000000e+00 0.000000e+00
 0.000000e+00 5.110534e-01 4.889465e-01 0.000000e+00 0.000000e+00
 0.000000e+00 0.000000e+00 5.291037e-01 4.708963e-01 0.000000e+00
 0.000000e+00 0.000000e+00 0.000000e+00 8.521565e-01 1.478435e-01
 0.000000e+00 0.000000e+00 0.000000e+00 0.000000e+00 0.000000e+00
<ENDHMM>
~h "i"
<BEGINHMM>
<NUMSTATES> 5
<STATE> 2
<MEAN> 25
 1.535615e-01 1.550891e+00 1.128999e+01 -5.689195e-02 -7.439802e+00 -4.010879e+00 -1.981483e+00 -3.532514e+00 -4.959526e+00 -4.686742e-02 2.367142e+00 -3.026983e-01 8.352351e-02 4.946783e-03 1.167815e+00 -4.446203e-01 -8.549237e-01 -1.075390e-01 -3.443209e-01 -2.260929e-01 -5.491747e-01 1.637677e-01 2.274288e-01 -1.009663e-01 3.730074e-01
<VARIANCE> 25
 2.913299e+01 4.403355e+01 7.576098e+01 8.037609e+01 8.030630e+01 7.250240e+01 5.710261e+01 5.759588e+01 6.527872e+01 5.351368e+01 5.589377e+01 3.909394e+01 2.144520e+00 2.576561e+00 6.240696e+00 4.922541e+00 6.287967e+00 4.829948e+00 4.566245e+00 4.227999e+00 4.971316e+00 3.974195e+00 4.158599e+00 2.885484e+00 2.473654e+00
<GCONST> 1.123161e+02
<STATE> 3
<MEAN> 25
 3.714592e-01 1.732025e+00 1.221844e+01 -8.139646e-01 -8.123939e+00 -3.701226e+00 -2.535273e+00 -3.615343e+00 -5.268222e+00 3.107206e-01 2.332013e+00 -3.690757e-01 4.427129e-02 8.717820e-02 -2.439991e-01 3.717691e-03 1.602894e-01 1.727816e-01 1.696765e-02 9.657052e-02 1.403409e-01 4.955258e-02 -8.965161e-02 4.966054e-02 -1.979661e-01
<VARIANCE> 25
 2.417246e+01 4.337874e+01 6.926436e+01 8.607974e+01 7.479286e+01 7.098148e+01 5.631233e+01 5.757227e+01 6.460275e+01 5.400956e+01 5.726258e+01 3.859041e+01 1.446023e+00 2.261360e+00 4.670299e+00 3.980061e+00 4.831957e+00 4.009157e+00 3.814507e+00 3.795374e+00 4.117925e+00 3.352933e+00 3.420691e+00 2.494854e+00 2.006622e+00
<GCONST> 1.093239e+02
<STATE> 4
<MEAN> 25
 1.744431e-01 2.302183e+00 1.009562e+01 -3.254563e-01 -6.250012e+00 -2.534540e+00 -2.356484e+00 -3.217968e+00 -4.081078e+00 2.631851e-01 1.468830e+00 7.515804e-02 -1.770820e-02 -4.532184e-03 -9.473844e-01 2.809421e-01 6.277075e-01 2.229876e-01 2.725277e-01 2.595904e-01 4.337060e-01 -6.222010e-02 -1.913621e-01 9.299664e-02 -3.922763e-01
<VARIANCE> 25
 2.700920e+01 5.055107e+01 6.884634e+01 9.547619e+01 7.470773e+01 7.064352e+01 5.878008e+01 5.893382e+01 6.337664e+01 5.174620e+01 5.415873e+01 3.803223e+01 1.114791e+00 2.040297e+00 2.947036e+00 3.112943e+00 3.511855e+00 3.306826e+00 3.233926e+00 3.374755e+00 3.417656e+00 2.968791e+00 2.917028e+00 2.220313e+00 1.450626e+00
<GCONST> 1.068417e+02
<TRANSP> 5
 0.000000e+00 1.000000e+00 0.000000e+00 0.000000e+00 0.000000e+00
 0.000000e+00 6.654685e-01 3.345315e-01 0.000000e+00 0.000000e+00
 0.000000e+00 0.000000e+00 6.364797e-01 3.635203e-01 0.000000e+00
 0.000000e+00 0.000000e+00 0.000000e+00 7.711374e-01 2.288626e-01
 0.000000e+00 0.000000e+00 0.000000e+00 0.000000e+00 0.000000e+00
<ENDHMM>
~h "j"
<BEGINHMM>
<NUMSTATES> 5
<STATE> 2
<MEAN> 25
 -1.008991e+00 4.281973e+00 5.071064e+00 2.557119e+00 -1.649892e+00 -3.069653e+00 -2.235633e-01 -9.970914e-01 -1.136567e+00 -2.584577e+00 5.082515e-01 1.153943e+00 -4.738861e-01 1.492337e-01 8.771013e-01 -1.821962e-01 -5.388878e-01 -5.775367e-01 -2.506201e-01 -2.457578e-01 -1.297216e-01 -1.175878e-01 4.135750e-01 1.306511e-01 6.530071e-01
<VARIANCE> 25
 6.467065e+01 6.652881e+01 5.586324e+01 4.641871e+01 6.647233e+01 7.106467e+01 5.719532e+01 5.289824e+01 4.351484e+01 4.377241e+01 4.051985e+01 3.434693e+01 6.691824e+00 6.234970e+00 5.220933e+00 4.683217e+00 7.406303e+00 6.726982e+00 5.386297e+00 4.997926e+00 4.369300e+00 4.488891e+00 4.087684e+00 3.032312e+00 4.398893e+00
<GCONST> 1.145440e+02
<STATE> 3
<MEAN> 25
 -9.555323e-01 3.093873e+00 7.427050e+00 1.631888e+00 -3.948475e+00 -5.064263e+00 -1.473233e+00 -9.877286e-01 -1.574798e+00 -2.333267e+00 1.748779e+00 1.320606e+00 3.714100e-01 -6.931769e-01 3.567245e-01 -3.950895e-01 -6.854686e-01 -5.921557e-01 -4.562241e-01 2.198015e-01 -6.225945e-02 2.523420e-01 3.218399e-01 -6.714499e-02 7.533445e-01
<VARIANCE> 25
 5.363343e+01 6.519291e+01 5.757225e+01 5.265559e+01 7.340506e+01 7.454132e+01 6.531918e+01 5.807578e+01 4.482843e+01 4.818209e+01 4.288242e+01 3.622070e+01 5.718510e+00 6.131711e+00 5.771640e+00 4.734973e+00 7.730268e+00 6.727067e+00 5.675108e+00 5.383038e+00 4.578747e+00 4.696893e+00 4.167772e+00 3.156793e+00 3.383242e+00
<GCONST> 1.150974e+02
<STATE> 4
<MEAN> 25
 1.186783e+00 3.363079e-01 7.281634e+00 6.286132e-01 -5.329134e+00 -6.196826e+00 -2.635550e+00 3.115791e-01 -1.637535e+00 -1.402845e+00 1.923604e+00 9.921076e-01 4.736528e-01 -5.866840e-01 -6.191643e-01 -3.020776e-01 1.315604e-01 1.843845e-01 -1.303720e-01 3.302252e-01 2.066427e-01 2.469921e-01 -1.419090e-01 -2.747280e-01 2.031396e-01
<VARIANCE> 25
 3.753420e+01 5.895475e+01 5.361613e+01 6.019095e+01 6.699203e+01 6.611140e+01 6.888902e+01 6.900247e+01 5.009845e+01 5.325642e+01 4.343983e+01 3.680812e+01 2.475643e+00 4.065622e+00 4.218657e+00 3.598441e+00 5.712842e+00 5.203967e+00 4.627384e+00 4.539014e+00 4.053362e+00 3.967000e+00 3.574574e+00 2.869685e+00 2.314067e+00
<GCONST> 1.112676e+02
<TRANSP> 5
 0.000000e+00 1.000000e+00 0.000000e+00 0.000000e+00 0.000000e+00
 0.000000e+00 6.660211e-01 3.339790e-01 0.000000e+00 0.000000e+00
 0.000000e+00 0.000000e+00 6.395828e-01 3.604172e-01 0.000000e+00
 0.000000e+00 0.000000e+00 0.000000e+00 7.018055e-01 2.981945e-01
 0.000000e+00 0.000000e+00 0.000000e+00 0.000000e+00 0.000000e+00
<ENDHMM>
~h "k"
<BEGINHMM>
<NUMSTATES> 5
<STATE> 2
<MEAN> 25
 -1.397355e+00 -3.378518e-01 -3.405650e+00 6.981416e-01 2.962710e+00 1.700894e+00 7.958621e-01 6.460572e-01 1.187788e+00 1.148645e+00 4.016124e-01 5.392188e-01 4.505391e-02 -5.893589e-01 -4.544564e-01 -3.897161e-01 1.772843e-01 -2.803816e-01 -5.839393e-02 7.772622e-02 1.899058e-01 1.923070e-01 -3.048636e-02 -5.731634e-02 6.711112e-01
<VARIANCE> 25
 4.295670e+01 5.493627e+01 5.184340e+01 6.591358e+01 6.854686e+01 6.241515e+01 4.941289e+01 4.975389e+01 4.965995e+01 4.465790e+01 4.179421e+01 3.674875e+01 3.647880e+00 5.762166e+00 4.417526e+00 6.105811e+00 6.305170e+00 5.901570e+00 4.937620e+00 4.859136e+00 4.964298e+00 4.486283e+00 4.023581e+00 3.554490e+00 6.840325e+00
<GCONST> 1.138807e+02
<STATE> 3
<MEAN> 25
 -5.357181e-01 -1.950723e+00 -4.176840e+00 -8.277859e-01 2.674787e+00 6.572857e-01 4.998399e-01 7.054081e-01 1.423300e+00 1.351279e+00 4.569802e-02 9.063533e-02 4.407896e-01 -4.837413e-01 -5.859782e-02 -6.101600e-01 -3.395008e-01 -3.692179e-01 -1.164827e-01 -1.464087e-02 -1.037692e-02 1.069281e-02 -9.890653e-02 -2.439350e-01 1.010986e+00
<VARIANCE> 25
 4.054276e+01 5.418085e+01 5.746928e+01 6.623269e+01 7.507104e+01 6.632687e+01 5.287223e+01 5.210670e+01 5.355879e+01 4.677226e+01 4.287539e+01 3.897143e+01 3.920720e+00 5.183320e+00 4.752352e+00 6.403393e+00 6.683186e+00 6.011607e+00 5.153613e+00 5.132715e+00 5.396791e+00 4.743173e+00 4.375652e+00 3.806967e+00 5.941061e+00
<GCONST> 1.148005e+02
<STATE> 4
<MEAN> 25
 8.372262e-01 -2.337170e+00 -3.948434e+00 -2.053165e+00 1.487098e+00 1.805320e-01 3.269208e-01 4.850373e-01 1.108077e+00 9.268015e-01 -2.951927e-01 -5.355227e-01 5.224003e-01 -9.877118e-02 2.723621e-01 -3.942125e-01 -5.274454e-01 -2.133638e-01 -1.457219e-01 -1.236020e-01 -2.246719e-01 -1.296092e-01 -4.071014e-02 -2.257643e-01 6.517047e-01
<VARIANCE> 25
 4.034087e+01 5.451491e+01 5.823212e+01 6.763287e+01 6.999832e+01 6.438974e+01 5.178479e+01 5.240451e+01 5.477459e+01 4.665369e+01 4.496878e+01 3.971199e+01 3.107226e+00 3.887567e+00 3.940562e+00 5.387546e+00 5.343756e+00 4.906486e+00 4.456224e+00 4.548380e+00 4.762487e+00 4.121814e+00 3.940740e+00 3.303598e+00 3.874721e+00
<GCONST> 1.122948e+02
<TRANSP> 5
 0.000000e+00 1.000000e+00 0.000000e+00 0.000000e+00 0.000000e+00
 0.000000e+00 5.457391e-01 4.542610e-01 0.000000e+00 0.000000e+00
 0.000000e+00 0.000000e+00 5.294027e-01 4.705973e-01 0.000000e+00
 0.000000e+00 0.000000e+00 0.000000e+00 5.823115e-01 4.176886e-01
 0.000000e+00 0.000000e+00 0.000000e+00 0.000000e+00 0.000000e+00
<ENDHMM>
~h "l"
<BEGINHMM>
<NUMSTATES> 5
<STATE> 2
<MEAN> 25
 5.318423e+00 -2.931495e+00 -2.617283e+00 -4.093279e+00 -1.099505e+00 -1.165009e+00 -4.483834e+00 -2.235888e+00 3.013118e+00 2.584934e+00 -8.178655e-01 -2.533568e+00 1.472984e-01 -1.658750e-02 -6.120693e-03 -9.966707e-02 -4.907074e-03 -3.218997e-02 -2.595834e-01 -8.988720e-02 1.408466e-01 1.880168e-01 -1.099862e-01 -9.362277e-02 7.922082e-02
<VARIANCE> 25
 3.289407e+01 4.098637e+01 4.643224e+01 6.408708e+01 5.859979e+01 7.891072e+01 6.711189e+01 7.332521e+01 6.447810e+01 6.872990e+01 5.545601e+01 4.341739e+01 1.139666e+00 1.830463e+00 2.051686e+00 2.759630e+00 2.911096e+00 3.683674e+00 3.659760e+00 4.009041e+00 3.510125e+00 3.478616e+00 3.216335e+00 2.590996e+00 1.196213e+00
<GCONST> 1.066041e+02
<STATE> 3
<MEAN> 25
 5.371309e+00 -2.910313e+00 -2.523893e+00 -4.039599e+00 -1.089207e+00 -1.211325e+00 -4.525113e+00 -2.119666e+00 2.930173e+00 2.540042e+00 -9.655287e-01 -2.493246e+00 -3.856137e-02 2.403607e-02 8.657282e-02 4.158540e-02 2.299323e-03 2.425172e-02 1.053359e-01 1.347096e-01 -1.101081e-01 -1.292106e-01 -6.809051e-02 4.328780e-02 -1.679190e-02
<VARIANCE> 25
 3.010875e+01 4.102013e+01 4.664181e+01 6.254097e+01 5.868930e+01 7.772050e+01 6.673830e+01 7.398951e+01 6.510448e+01 6.834296e+01 5.610567e+01 4.388113e+01 8.254101e-01 1.712798e+00 1.904825e+00 2.558771e+00 2.711639e+00 3.406100e+00 3.427089e+00 3.801745e+00 3.349983e+00 3.343065e+00 3.131331e+00 2.377522e+00 1.011329e+00
<GCONST> 1.053385e+02
<STATE> 4
<MEAN> 25
 5.257804e+00 -2.738753e+00 -2.542527e+00 -3.629950e+00 -1.220678e+00 -1.156263e+00 -3.773909e+00 -1.454988e+00 2.407666e+00 1.387594e+00 -1.184266e+00 -2.127542e+00 -1.687621e-01 1.154053e-01 1.542271e-01 1.424572e-01 5.473468e-03 8.175942e-02 3.247036e-01 1.944669e-01 -2.911033e-01 -2.501881e-01 3.773116e-02 1.434346e-01 -1.498929e-01
<VARIANCE> 25
 3.220351e+01 4.600999e+01 4.884673e+01 6.297263e+01 6.686845e+01 7.825864e+01 6.480058e+01 7.663181e+01 6.615161e+01 7.429510e+01 5.880148e+01 4.429433e+01 6.851247e-01 1.600128e+00 1.770030e+00 2.365859e+00 2.640013e+00 3.069120e+00 2.959198e+00 3.295990e+00 3.139392e+00 3.047287e+00 2.928590e+00 2.164419e+00 9.359267e-01
<GCONST> 1.046499e+02
<TRANSP> 5
 0.000000e+00 1.000000e+00 0.000000e+00 0.000000e+00 0.000000e+00
 0.000000e+00 5.331162e-01 4.668838e-01 0.000000e+00 0.000000e+00
 0.000000e+00 0.000000e+00 5.211417e-01 4.788583e-01 0.000000e+00
 0.000000e+00 0.000000e+00 0.000000e+00 6.573133e-01 3.426867e-01
 0.000000e+00 0.000000e+00 0.000000e+00 0.000000e+00 0.000000e+00
<ENDHMM>
~h "m"
<BEGINHMM>
<NUMSTATES> 5
<STATE> 2
<MEAN> 25
 4.717300e+00 4.412873e-01 -1.515572e+00 1.604647e-01 1.032190e+00 2.595642e+00 -8.974986e-01 -3.587986e+00 -2.876855e+00 -4.221019e-01 -5.339350e-01 -1.668096e+00 1.293169e-01 1.622968e-01 1.053519e-02 1.748072e-01 1.347268e-01 1.866072e-01 8.299243e-03 -2.102104e-01 -2.293134e-01 -1.378690e-01 -1.584277e-01 -1.199706e-01 -6.562115e-02
<VARIANCE> 25
 3.071026e+01 4.033007e+01 4.016427e+01 4.740458e+01 4.393096e+01 4.916225e+01 4.163857e+01 5.216560e+01 5.737795e+01 3.776457e+01 3.810428e+01 3.224669e+01 1.272267e+00 2.371778e+00 2.850877e+00 3.663085e+00 2.679736e+00 2.889163e+00 2.712272e+00 4.121984e+00 4.252080e+00 2.603829e+00 2.895046e+00 2.300671e+00 1.723518e+00
<GCONST> 1.035324e+02
<STATE> 3
<MEAN> 25
 4.882860e+00 4.787268e-01 -1.671802e+00 1.018063e-01 1.246649e+00 2.759182e+00 -9.757273e-01 -3.436823e+00 -2.906991e+00 -7.077315e-01 -8.707045e-01 -2.007913e+00 1.359243e-02 -8.719570e-02 -1.257002e-01 -1.169004e-01 7.635447e-02 6.498366e-03 -2.457047e-02 2.524054e-01 1.621422e-01 -7.342131e-02 -1.099070e-01 -1.277104e-01 9.930894e-02
<VARIANCE> 25
 2.880198e+01 4.111209e+01 4.044909e+01 4.759912e+01 4.504032e+01 5.031749e+01 4.176251e+01 5.234524e+01 5.851406e+01 3.802182e+01 3.792796e+01 3.254206e+01 1.158521e+00 2.248635e+00 2.691010e+00 3.502822e+00 2.675824e+00 2.786662e+00 2.610554e+00 4.001645e+00 4.071187e+00 2.579970e+00 2.898169e+00 2.291100e+00 1.530921e+00
<GCONST> 1.030550e+02
<STATE> 4
<MEAN> 25
 4.298011e+00 4.655767e-01 -2.158559e+00 -8.705437e-02 1.744200e+00 2.583786e+00 -8.504953e-01 -2.140800e+00 -2.294894e+00 -1.011542e+00 -1.263129e+00 -2.103009e+00 -1.221892e-01 -1.524371e-01 -9.196591e-02 -1.835943e-01 -2.082321e-02 -1.446593e-01 5.849358e-03 4.328037e-01 3.243269e-01 1.627791e-02 -1.127131e-02 -2.202168e-03 8.460027e-02
<VARIANCE> 25
 3.358476e+01 4.507597e+01 3.997754e+01 5.021107e+01 4.869272e+01 4.994865e+01 4.263408e+01 5.233897e+01 5.658773e+01 3.981172e+01 3.759517e+01 3.403832e+01 9.249941e-01 1.848801e+00 2.209590e+00 2.817891e+00 2.506271e+00 2.500562e+00 2.371604e+00 3.327339e+00 3.334081e+00 2.421020e+00 2.659878e+00 2.072112e+00 1.159610e+00
<GCONST> 1.014649e+02
<TRANSP> 5
 0.000000e+00 1.000000e+00 0.000000e+00 0.000000e+00 0.000000e+00
 0.000000e+00 5.173056e-01 4.826944e-01 0.000000e+00 0.000000e+00
 0.000000e+00 0.000000e+00 5.186332e-01 4.813668e-01 0.000000e+00
 0.000000e+00 0.000000e+00 0.000000e+00 6.739426e-01 3.260575e-01
 0.000000e+00 0.000000e+00 0.000000e+00 0.000000e+00 0.000000e+00
<ENDHMM>
~h "n"
<BEGINHMM>
<NUMSTATES> 5
<STATE> 2
<MEAN> 25
 4.194767e+00 -6.302296e-01 1.741051e+00 2.044735e+00 -1.753262e+00 -1.722057e+00 -1.309174e+00 -1.380310e+00 -1.047187e+00 -1.039454e+00 -2.990566e+00 -1.499890e+00 4.711840e-03 6.337544e-01 1.536278e-01 4.441892e-01 1.174440e-01 1.763559e-01 6.803256e-03 -4.351458e-01 -1.585048e-01 -1.026192e-01 -1.602018e-01 5.770396e-02 -5.300967e-01
<VARIANCE> 25
 2.215342e+01 5.161281e+01 3.818623e+01 4.210983e+01 4.672979e+01 4.424430e+01 4.468503e+01 6.320442e+01 5.039374e+01 4.957281e+01 4.486000e+01 3.436129e+01 9.563073e-01 2.863492e+00 2.287439e+00 2.866514e+00 2.830245e+00 3.036104e+00 2.915776e+00 4.895577e+00 3.220670e+00 3.122433e+00 2.922503e+00 2.283687e+00 1.692102e+00
<GCONST> 1.035451e+02
<STATE> 3
<MEAN> 25
 3.919165e+00 5.102607e-01 1.899744e+00 2.655753e+00 -1.357014e+00 -1.238399e+00 -1.126645e+00 -1.885923e+00 -1.279443e+00 -1.236045e+00 -3.009689e+00 -1.306265e+00 -1.694870e-01 3.662134e-01 2.035567e-02 1.397024e-01 1.912718e-01 2.008092e-01 1.108856e-01 -6.344679e-02 -8.766987e-02 -9.714337e-02 5.425075e-02 7.717783e-02 -3.584805e-01
<VARIANCE> 25
 2.257356e+01 5.206399e+01 3.598977e+01 4.137894e+01 4.655929e+01 4.341761e+01 4.297174e+01 6.073468e+01 4.857531e+01 4.898050e+01 4.415999e+01 3.386499e+01 9.119691e-01 2.749556e+00 2.068508e+00 2.671438e+00 2.695162e+00 2.820180e+00 2.777570e+00 4.562092e+00 3.036623e+00 2.982188e+00 2.786871e+00 2.190759e+00 1.548136e+00
<GCONST> 1.025316e+02
<STATE> 4
<MEAN> 25
 2.659192e+00 1.413712e+00 1.591505e+00 3.213337e+00 -2.226310e-01 -4.188910e-01 -4.939876e-01 -1.502408e+00 -1.473574e+00 -1.626626e+00 -2.626609e+00 -8.478892e-01 -3.255634e-01 7.412492e-02 -6.790420e-02 -8.801338e-02 1.965668e-01 1.544581e-01 1.536440e-01 2.155995e-01 2.908219e-02 -2.788091e-03 2.401445e-01 1.083910e-01 -1.978258e-01
<VARIANCE> 25
 2.880262e+01 5.531381e+01 3.684435e+01 4.472387e+01 4.941182e+01 4.420427e+01 4.213462e+01 5.745032e+01 4.939393e+01 4.872805e+01 4.355858e+01 3.393940e+01 9.217209e-01 2.343907e+00 1.944403e+00 2.402341e+00 2.602450e+00 2.630683e+00 2.591812e+00 3.685318e+00 2.852680e+00 2.802404e+00 2.614774e+00 2.062896e+00 1.281566e+00
<GCONST> 1.017974e+02
<TRANSP> 5
 0.000000e+00 1.000000e+00 0.000000e+00 0.000000e+00 0.000000e+00
 0.000000e+00 5.132695e-01 4.867304e-01 0.000000e+00 0.000000e+00
 0.000000e+00 0.000000e+00 5.085652e-01 4.914348e-01 0.000000e+00
 0.000000e+00 0.000000e+00 0.000000e+00 6.585445e-01 3.414555e-01
 0.000000e+00 0.000000e+00 0.000000e+00 0.000000e+00 0.000000e+00
<ENDHMM>
~h "o"
<BEGINHMM>
<NUMSTATES> 5
<STATE> 2
<MEAN> 25
 3.422085e+00 5.672075e-01 -5.410162e+00 -7.262187e+00 1.697016e-02 3.698633e+00 -5.996439e-01 -8.099015e-01 8.029122e-01 1.893174e+00 1.716467e+00 -5.322891e-01 5.233898e-01 -5.472970e-03 -3.394651e-01 -8.752379e-01 -7.267301e-02 4.374252e-01 3.713888e-02 -5.100423e-02 -1.110827e-01 1.212021e-01 1.918605e-01 -8.929542e-02 4.051156e-01
<VARIANCE> 25
 6.882375e+01 3.691357e+01 3.742420e+01 8.234447e+01 6.084487e+01 6.579031e+01 5.168008e+01 4.770346e+01 4.695806e+01 5.441805e+01 3.998740e+01 3.486827e+01 3.047637e+00 2.058426e+00 2.203823e+00 5.721991e+00 3.341301e+00 3.500166e+00 3.126385e+00 2.916224e+00 3.090357e+00 3.065506e+00 2.709797e+00 2.371681e+00 3.184789e+00
<GCONST> 1.073188e+02
<STATE> 3
<MEAN> 25
 4.735421e+00 4.469413e-01 -5.850790e+00 -8.261569e+00 -1.758278e-01 4.287590e+00 -5.473427e-01 -1.110344e+00 5.166520e-01 1.891495e+00 1.996986e+00 -7.067851e-01 4.115544e-02 4.256003e-02 2.348237e-02 1.148044e-01 7.152934e-02 8.830706e-02 5.673438e-02 -4.405153e-02 -6.779693e-02 -2.420701e-02 -1.199259e-02 -7.689717e-03 -7.204691e-02
<VARIANCE> 25
 5.195905e+01 3.506533e+01 3.699039e+01 7.821102e+01 5.826218e+01 7.115395e+01 5.020662e+01 4.847480e+01 4.686039e+01 5.479028e+01 3.991903e+01 3.454637e+01 1.719814e+00 1.696906e+00 1.792879e+00 4.055952e+00 2.690513e+00 2.977666e+00 2.826398e+00 2.563393e+00 2.763372e+00 2.876325e+00 2.439423e+00 2.152086e+00 1.972111e+00
<GCONST> 1.041580e+02
<STATE> 4
<MEAN> 25
 3.429390e+00 9.754419e-01 -5.416404e+00 -6.828032e+00 3.401135e-01 4.653254e+00 2.753723e-01 -7.419983e-01 6.540278e-01 1.475707e+00 1.363107e+00 -2.511519e-01 -2.527591e-01 6.689642e-02 2.366877e-01 5.786421e-01 1.282867e-01 -1.854705e-01 4.638299e-02 4.728206e-03 -1.808440e-02 -7.900693e-02 -1.472602e-01 2.197437e-02 -3.084208e-01
<VARIANCE> 25
 5.821393e+01 3.255817e+01 3.761789e+01 8.538495e+01 5.926016e+01 7.543858e+01 4.706644e+01 4.816696e+01 4.815548e+01 5.439058e+01 3.708583e+01 3.355621e+01 9.205110e-01 1.229911e+00 1.456922e+00 2.593838e+00 2.109837e+00 2.467123e+00 2.243772e+00 2.238366e+00 2.381994e+00 2.406311e+00 2.031253e+00 1.802171e+00 9.464795e-01
<GCONST> 1.004031e+02
<TRANSP> 5
 0.000000e+00 1.000000e+00 0.000000e+00 0.000000e+00 0.000000e+00
 0.000000e+00 6.186804e-01 3.813196e-01 0.000000e+00 0.000000e+00
 0.000000e+00 0.000000e+00 6.029773e-01 3.970227e-01 0.000000e+00
 0.000000e+00 0.000000e+00 0.000000e+00 8.109210e-01 1.890790e-01
 0.000000e+00 0.000000e+00 0.000000e+00 0.000000e+00 0.000000e+00
<ENDHMM>
~h "p"
<BEGINHMM>
<NUMSTATES> 5
<STATE> 2
<MEAN> 25
 6.970195e-01 6.063015e-01 -3.934907e+00 2.058755e-01 1.755353e+00 2.532097e+00 7.418348e-01 -1.799642e-01 1.425730e+00 7.597809e-01 6.526952e-01 -1.858872e-01 1.926633e-01 -5.128151e-01 -2.400949e-01 -3.600650e-01 -1.729724e-01 -1.067343e-01 -4.825760e-02 -9.521138e-02 2.438055e-01 1.507916e-01 1.631379e-01 -9.984086e-02 6.626543e-01
<VARIANCE> 25
 4.934534e+01 4.828191e+01 4.316297e+01 5.345441e+01 4.451667e+01 5.228057e+01 3.944938e+01 4.178575e+01 4.262362e+01 3.971426e+01 3.646593e+01 3.435614e+01 5.150976e+00 5.664444e+00 3.589043e+00 5.275549e+00 4.186191e+00 5.264134e+00 4.072738e+00 3.999678e+00 4.167342e+00 4.034590e+00 3.797954e+00 3.499290e+00 8.073776e+00
<GCONST> 1.108894e+02
<STATE> 3
<MEAN> 25
 1.731189e+00 -1.023573e+00 -4.389455e+00 -9.174986e-01 1.066794e+00 1.970883e+00 3.272902e-01 -5.240924e-01 1.783942e+00 9.521706e-01 8.120693e-01 -6.557153e-01 5.611535e-01 -7.460064e-01 -8.592302e-02 -5.062997e-01 -3.446421e-01 -3.503987e-01 -2.300597e-01 -3.914453e-02 5.671320e-02 3.998411e-02 2.406122e-03 -2.595043e-01 1.160449e+00
<VARIANCE> 25
 4.541330e+01 5.023030e+01 4.590376e+01 5.769378e+01 4.607662e+01 5.725891e+01 4.043232e+01 4.383099e+01 4.441225e+01 4.116671e+01 3.751072e+01 3.652251e+01 5.364078e+00 5.486451e+00 4.276244e+00 5.937827e+00 4.669081e+00 5.985215e+00 4.403634e+00 4.441834e+00 4.637576e+00 4.459252e+00 4.193817e+00 3.919237e+00 7.279200e+00
<GCONST> 1.123865e+02
<STATE> 4
<MEAN> 25
 3.076343e+00 -2.386222e+00 -4.568286e+00 -1.684815e+00 4.427953e-01 1.296443e+00 -6.102333e-02 -5.839772e-01 1.561662e+00 6.445670e-01 5.141052e-01 -1.213687e+00 3.943811e-01 -4.446769e-01 2.877696e-01 -2.428792e-01 -3.606803e-01 -4.286515e-01 -2.193893e-01 6.096143e-02 -1.718232e-01 -9.764764e-02 -1.092298e-01 -1.467558e-01 7.832141e-01
<VARIANCE> 25
 4.463338e+01 5.403897e+01 5.058476e+01 5.987537e+01 5.166592e+01 6.258942e+01 4.249507e+01 4.679521e+01 4.716665e+01 4.533607e+01 4.117698e+01 3.939373e+01 3.891468e+00 4.229612e+00 4.181273e+00 5.084064e+00 4.425197e+00 5.240511e+00 4.024670e+00 4.153740e+00 4.483749e+00 4.037645e+00 3.961922e+00 3.448205e+00 4.846873e+00
<GCONST> 1.113937e+02
<TRANSP> 5
 0.000000e+00 1.000000e+00 0.000000e+00 0.000000e+00 0.000000e+00
 0.000000e+00 5.643270e-01 4.356730e-01 0.000000e+00 0.000000e+00
 0.000000e+00 0.000000e+00 5.433058e-01 4.566943e-01 0.000000e+00
 0.000000e+00 0.000000e+00 0.000000e+00 5.972003e-01 4.027998e-01
 0.000000e+00 0.000000e+00 0.000000e+00 0.000000e+00 0.000000e+00
<ENDHMM>
~h "r"
<BEGINHMM>
<NUMSTATES> 5
<STATE> 2
<MEAN> 25
 4.038930e+00 -4.184323e+00 -1.873507e+00 9.007398e-01 -2.372943e+00 -2.952034e+00 -1.853652e+00 5.376056e-01 3.000035e+00 4.398921e-01 -4.115090e-01 -1.081163e+00 3.944215e-02 5.209693e-02 1.386829e-01 3.463665e-01 -1.124933e-01 -5.355915e-02 -4.353556e-02 5.352147e-03 -3.890927e-02 -1.186281e-01 4.930445e-03 1.061180e-01 -2.302018e-01
<VARIANCE> 25
 2.977036e+01 4.352505e+01 4.509750e+01 4.129914e+01 4.961812e+01 5.633215e+01 4.889433e+01 6.019064e+01 6.085997e+01 4.971413e+01 4.618604e+01 3.768212e+01 1.701458e+00 2.738279e+00 2.576810e+00 3.238832e+00 3.635769e+00 3.813583e+00 3.429404e+00 4.097471e+00 4.220216e+00 3.588801e+00 3.475676e+00 2.993825e+00 2.006003e+00
<GCONST> 1.067319e+02
<STATE> 3
<MEAN> 25
 3.964801e+00 -3.878687e+00 -1.537758e+00 1.331262e+00 -2.423734e+00 -2.815288e+00 -1.761104e+00 5.279580e-01 2.642118e+00 2.031586e-01 -3.886135e-01 -8.471949e-01 -8.536452e-02 1.968992e-01 2.086693e-01 1.085462e-01 1.166140e-02 1.176102e-01 7.241851e-02 -3.329772e-02 -2.858115e-01 -8.874030e-02 3.187488e-02 1.024562e-01 -2.514661e-01
<VARIANCE> 25
 2.907327e+01 4.538648e+01 4.684568e+01 3.980294e+01 5.059496e+01 5.702743e+01 4.779150e+01 5.986674e+01 6.077574e+01 4.926418e+01 4.482155e+01 3.619967e+01 1.596016e+00 2.610307e+00 2.527002e+00 2.974340e+00 3.521826e+00 3.664470e+00 3.258656e+00 3.967250e+00 4.054664e+00 3.438183e+00 3.366875e+00 2.858966e+00 1.828113e+00
<GCONST> 1.060489e+02
<STATE> 4
<MEAN> 25
 3.578007e+00 -3.283941e+00 -1.142368e+00 1.403090e+00 -2.122688e+00 -2.186029e+00 -1.422380e+00 4.760699e-01 2.041937e+00 -4.003862e-02 -4.994474e-01 -6.063056e-01 -2.046072e-01 3.041644e-01 2.370775e-01 -7.243918e-02 1.217096e-01 1.962620e-01 1.380176e-01 -9.783830e-02 -3.879939e-01 -1.457485e-02 7.201292e-02 9.060249e-02 -2.481178e-01
<VARIANCE> 25
 3.051707e+01 5.049918e+01 4.976690e+01 4.273239e+01 5.361528e+01 5.921498e+01 4.692488e+01 5.966525e+01 6.199305e+01 5.120028e+01 4.454559e+01 3.578104e+01 1.379259e+00 2.285191e+00 2.375574e+00 2.608231e+00 3.250773e+00 3.310289e+00 2.979737e+00 3.579641e+00 3.668953e+00 3.130993e+00 3.057413e+00 2.470761e+00 1.566592e+00
<GCONST> 1.050137e+02
<TRANSP> 5
 0.000000e+00 1.000000e+00 0.000000e+00 0.000000e+00 0.000000e+00
 0.000000e+00 4.668497e-01 5.331504e-01 0.000000e+00 0.000000e+00
 0.000000e+00 0.000000e+00 4.618763e-01 5.381237e-01 0.000000e+00
 0.000000e+00 0.000000e+00 0.000000e+00 5.791507e-01 4.208493e-01
 0.000000e+00 0.000000e+00 0.000000e+00 0.000000e+00 0.000000e+00
<ENDHMM>
~h "s"
<BEGINHMM>
<NUMSTATES> 5
<STATE> 2
<MEAN> 25
 -9.853211e+00 5.486821e+00 -7.712331e-01 2.155763e+00 3.687660e+00 -3.404469e+00 3.553293e+00 1.331419e+00 1.406593e+00 -1.293819e+00 1.001046e+00 1.874369e+00 -1.798658e+00 7.821934e-01 -3.134369e-01 1.393813e-01 5.617948e-01 -1.569581e-01 5.571441e-01 1.769283e-01 2.156324e-01 -2.241884e-01 3.068831e-01 2.626459e-01 3.274395e-02
<VARIANCE> 25
 1.018013e+02 7.428283e+01 7.184257e+01 5.879288e+01 7.242561e+01 7.932169e+01 6.415742e+01 5.829707e+01 4.756629e+01 4.600361e+01 4.292915e+01 3.551831e+01 7.978378e+00 5.592728e+00 4.627556e+00 3.775886e+00 4.970879e+00 4.493437e+00 4.624403e+00 4.237389e+00 3.747564e+00 3.766953e+00 3.421860e+00 2.800151e+00 1.788580e+00
<GCONST> 1.133588e+02
<STATE> 3
<MEAN> 25
 -1.178835e+01 5.355955e+00 -9.950792e-01 1.936740e+00 3.821994e+00 -3.440746e+00 3.981472e+00 1.508607e+00 1.866903e+00 -1.688483e+00 1.333249e+00 2.301867e+00 5.398538e-01 -3.812755e-01 4.688010e-02 -1.602174e-01 -3.633405e-01 -3.959944e-02 -2.203566e-01 -9.612630e-02 3.670731e-03 -1.007410e-03 -8.866188e-02 -8.308821e-02 9.887528e-02
<VARIANCE> 25
 9.113905e+01 7.909814e+01 7.606006e+01 5.852352e+01 7.419505e+01 8.044431e+01 6.036289e+01 5.853685e+01 4.539095e+01 4.364115e+01 3.977139e+01 3.410685e+01 9.711067e+00 4.919219e+00 4.435349e+00 3.364462e+00 4.566513e+00 4.410254e+00 4.536741e+00 4.160979e+00 3.732040e+00 3.618968e+00 3.296544e+00 2.820731e+00 2.167354e+00
<GCONST> 1.130157e+02
<STATE> 4
<MEAN> 25
 -6.614185e+00 2.616655e+00 -1.276959e-01 1.370465e+00 1.989525e+00 -2.400589e+00 2.572721e+00 4.103261e-01 1.578393e+00 -1.319431e+00 5.260003e-01 1.738212e+00 1.658813e+00 -6.448966e-01 1.454881e-01 -3.034597e-01 -6.970750e-01 4.086352e-02 -6.026927e-01 -3.028953e-01 -1.841130e-01 1.800964e-01 -2.118523e-01 -3.132951e-01 2.078080e-01
<VARIANCE> 25
 8.951637e+01 7.926294e+01 7.987652e+01 5.815615e+01 7.905149e+01 8.584969e+01 5.784005e+01 5.443402e+01 4.575079e+01 4.313498e+01 3.897770e+01 3.362812e+01 6.107584e+00 4.363742e+00 4.570128e+00 3.542007e+00 4.566205e+00 4.596038e+00 4.462812e+00 4.130287e+00 3.812476e+00 3.606820e+00 3.243227e+00 2.722677e+00 2.389819e+00
<GCONST> 1.125966e+02
<TRANSP> 5
 0.000000e+00 1.000000e+00 0.000000e+00 0.000000e+00 0.000000e+00
 0.000000e+00 7.447988e-01 2.552012e-01 0.000000e+00 0.000000e+00
 0.000000e+00 0.000000e+00 6.980081e-01 3.019919e-01 0.000000e+00
 0.000000e+00 0.000000e+00 0.000000e+00 7.134808e-01 2.865193e-01
 0.000000e+00 0.000000e+00 0.000000e+00 0.000000e+00 0.000000e+00
<ENDHMM>
~h "t"
<BEGINHMM>
<NUMSTATES> 5
<STATE> 2
<MEAN> 25
 -1.384528e+00 1.407375e+00 -1.065240e+00 1.457987e+00 7.029270e-01 -3.013009e-01 4.238093e-01 6.999371e-02 1.508656e+00 1.840915e-01 5.162566e-01 1.129683e+00 -2.514256e-01 -4.298728e-01 -2.521705e-01 -4.321968e-01 4.574969e-02 -1.962239e-01 3.486757e-02 6.948547e-02 4.434187e-01 -6.506179e-02 1.352763e-01 2.566933e-02 5.211699e-01
<VARIANCE> 25
 4.106231e+01 3.885477e+01 4.075481e+01 4.548261e+01 4.643308e+01 6.043578e+01 4.373681e+01 4.532505e+01 4.851325e+01 3.850424e+01 4.079268e+01 3.167946e+01 4.013737e+00 4.663776e+00 3.533818e+00 4.753527e+00 4.576478e+00 6.609432e+00 4.754462e+00 4.505614e+00 4.903693e+00 3.938357e+00 4.074882e+00 3.257849e+00 8.820675e+00
<GCONST> 1.110236e+02
<STATE> 3
<MEAN> 25
 -1.292250e+00 -9.791530e-02 -1.457578e+00 4.399478e-03 4.906068e-01 -1.151353e+00 1.305762e-01 1.632143e-01 2.310434e+00 2.315735e-02 5.801637e-01 8.453261e-01 2.952451e-01 -6.160903e-01 -7.455997e-02 -6.658410e-01 -1.668916e-01 -3.631685e-01 -2.834086e-01 -2.435605e-02 1.942425e-01 -2.415397e-02 -4.914715e-04 -2.533309e-01 1.164268e+00
<VARIANCE> 25
 4.015901e+01 4.037750e+01 4.095241e+01 4.702296e+01 4.707986e+01 6.264475e+01 4.771327e+01 4.604505e+01 4.888734e+01 4.034639e+01 4.149239e+01 3.417426e+01 4.505716e+00 4.303020e+00 3.722350e+00 4.880041e+00 4.641379e+00 7.018296e+00 5.402932e+00 4.860934e+00 5.234056e+00 4.307224e+00 4.539127e+00 3.738545e+00 7.768844e+00
<GCONST> 1.120422e+02
<STATE> 4
<MEAN> 25
 -3.260677e-01 -8.920985e-01 -1.586041e+00 -9.378880e-01 1.683501e-01 -1.431792e+00 -4.844407e-01 1.322712e-01 2.332292e+00 -4.683114e-02 4.145735e-01 3.416610e-01 4.958896e-01 -3.113466e-01 1.003852e-01 -4.561856e-01 -2.038719e-01 -1.504253e-01 -3.686475e-01 -1.510234e-01 -1.984793e-01 6.520952e-02 -2.013757e-02 -2.868375e-01 8.090955e-01
<VARIANCE> 25
 4.236904e+01 4.278773e+01 4.414444e+01 5.178530e+01 4.749866e+01 6.314374e+01 5.242592e+01 4.876186e+01 5.260566e+01 4.242804e+01 4.301180e+01 3.650689e+01 3.482024e+00 3.424139e+00 3.481115e+00 4.134859e+00 4.136310e+00 5.779788e+00 4.924131e+00 4.445142e+00 4.718038e+00 3.925212e+00 3.997919e+00 3.302039e+00 4.993245e+00
<GCONST> 1.106189e+02
<TRANSP> 5
 0.000000e+00 1.000000e+00 0.000000e+00 0.000000e+00 0.000000e+00
 0.000000e+00 5.338037e-01 4.661964e-01 0.000000e+00 0.000000e+00
 0.000000e+00 0.000000e+00 5.061628e-01 4.938371e-01 0.000000e+00
 0.000000e+00 0.000000e+00 0.000000e+00 5.567855e-01 4.432145e-01
 0.000000e+00 0.000000e+00 0.000000e+00 0.000000e+00 0.000000e+00
<ENDHMM>
~h "u"
<BEGINHMM>
<NUMSTATES> 5
<STATE> 2
<MEAN> 25
 4.858169e+00 3.113501e+00 -1.902488e+00 -3.997183e+00 -4.987986e-01 7.264923e-01 -5.713934e+00 -4.607510e+00 -2.355836e+00 5.329442e-01 2.255556e+00 -7.528108e-02 3.749050e-01 2.421200e-01 -1.074851e-01 -3.266313e-01 -6.417687e-02 2.293963e-01 -3.624928e-01 -3.632419e-01 -2.606447e-01 1.307644e-01 2.154429e-01 2.866867e-02 2.562481e-02
<VARIANCE> 25
 3.421874e+01 3.907314e+01 4.221156e+01 7.305349e+01 5.279440e+01 5.847500e+01 6.477358e+01 5.862212e+01 5.990623e+01 6.005968e+01 4.872620e+01 3.804747e+01 2.303984e+00 2.461571e+00 2.633438e+00 4.865324e+00 3.983286e+00 4.300784e+00 5.125271e+00 4.467329e+00 4.801569e+00 4.365682e+00 3.773458e+00 3.029445e+00 1.948846e+00
<GCONST> 1.095733e+02
<STATE> 3
<MEAN> 25
 5.032489e+00 3.297669e+00 -1.957392e+00 -3.923767e+00 -5.552602e-01 1.119440e+00 -5.653608e+00 -4.802991e+00 -2.364122e+00 6.808039e-01 2.344616e+00 3.600165e-02 -7.121246e-02 6.733984e-04 6.070225e-02 2.255253e-01 4.678885e-02 6.310491e-02 1.462634e-01 4.797443e-02 1.195256e-01 2.679699e-02 -9.561556e-02 1.672140e-03 -1.541291e-01
<VARIANCE> 25
 3.190628e+01 3.953571e+01 4.050701e+01 7.290816e+01 5.236874e+01 5.723730e+01 6.297846e+01 5.857967e+01 6.084361e+01 6.330687e+01 4.955414e+01 3.902317e+01 1.670688e+00 2.286431e+00 2.378546e+00 4.444318e+00 3.688513e+00 3.937285e+00 4.543916e+00 4.174060e+00 4.444465e+00 4.120261e+00 3.680782e+00 2.958382e+00 1.754353e+00
<GCONST> 1.082940e+02
<STATE> 4
<MEAN> 25
 4.193392e+00 3.550432e+00 -1.771795e+00 -2.743387e+00 -2.995545e-01 1.363688e+00 -4.383651e+00 -4.123441e+00 -2.023177e+00 3.631802e-01 1.900819e+00 3.171049e-01 -3.856427e-01 -1.593383e-01 1.666757e-01 5.033281e-01 1.415056e-01 -8.700403e-02 4.025793e-01 3.309817e-01 2.916423e-01 -4.409478e-02 -2.399394e-01 -1.528228e-02 -2.103199e-01
<VARIANCE> 25
 3.611975e+01 4.391271e+01 4.005321e+01 7.633163e+01 5.361391e+01 5.760696e+01 5.895080e+01 5.664675e+01 6.044744e+01 6.405536e+01 4.842052e+01 4.098318e+01 1.318376e+00 2.127481e+00 2.138461e+00 3.528195e+00 3.244130e+00 3.435344e+00 3.670506e+00 3.607921e+00 3.754027e+00 3.613232e+00 3.282475e+00 2.656180e+00 1.423662e+00
<GCONST> 1.065177e+02
<TRANSP> 5
 0.000000e+00 1.000000e+00 0.000000e+00 0.000000e+00 0.000000e+00
 0.000000e+00 5.645038e-01 4.354962e-01 0.000000e+00 0.000000e+00
 0.000000e+00 0.000000e+00 5.505906e-01 4.494094e-01 0.000000e+00
 0.000000e+00 0.000000e+00 0.000000e+00 6.814056e-01 3.185943e-01
 0.000000e+00 0.000000e+00 0.000000e+00 0.000000e+00 0.000000e+00
<ENDHMM>
~h "v"
<BEGINHMM>
<NUMSTATES> 5
<STATE> 2
<MEAN> 25
 -1.731204e+00 -5.622172e-01 2.342488e+00 4.736266e+00 2.223258e+00 1.510018e+00 8.623921e-01 8.956180e-01 -1.762495e-01 -2.113885e+00 7.604928e-01 7.207496e-01 -3.309104e-01 -6.641884e-02 -4.547292e-02 4.305425e-02 -8.578756e-02 2.106420e-01 -3.020494e-02 -5.262087e-02 -3.857516e-02 -1.811099e-01 8.673970e-02 1.486554e-01 -1.295926e-01
<VARIANCE> 25
 4.239852e+01 3.709358e+01 3.517566e+01 3.160728e+01 3.408875e+01 7.486632e+01 2.681107e+01 4.290221e+01 4.471661e+01 3.231257e+01 2.854921e+01 2.154099e+01 2.388728e+00 1.702165e+00 1.465799e+00 2.317152e+00 2.801086e+00 3.900289e+00 2.894652e+00 2.624820e+00 2.841463e+00 2.316562e+00 1.906391e+00 1.736997e+00 7.081491e-01
<GCONST> 9.869203e+01
<STATE> 3
<MEAN> 25
 -1.909051e+00 -1.026320e+00 2.232346e+00 4.573217e+00 1.157498e+00 9.981796e-01 1.390524e-01 3.704863e-01 -2.413387e-01 -2.633397e+00 1.282098e+00 1.487126e+00 3.587036e-01 -8.492160e-02 -1.496839e-01 -3.137986e-01 -4.363511e-01 -4.592794e-01 -2.309657e-01 -1.723817e-01 -5.487221e-02 -2.278162e-02 6.988133e-02 1.023455e-01 2.571932e-01
<VARIANCE> 25
 4.809979e+01 4.292432e+01 4.261462e+01 3.738756e+01 3.673517e+01 8.063879e+01 3.138985e+01 3.870133e+01 4.635946e+01 3.370491e+01 2.463747e+01 2.143628e+01 3.377433e+00 2.121855e+00 2.400030e+00 3.039011e+00 3.567644e+00 5.615337e+00 3.211073e+00 3.206858e+00 3.381938e+00 2.440929e+00 1.978179e+00 2.059221e+00 1.105776e+00
<GCONST> 1.025743e+02
<STATE> 4
<MEAN> 25
 6.797490e-01 -1.545208e+00 1.534022e+00 2.629371e+00 -3.406833e-01 4.800567e-02 -6.363729e-01 -6.263756e-01 -1.892383e-01 -1.956963e+00 1.257719e+00 1.384029e+00 1.198703e+00 -1.390793e-01 -1.559665e-01 -7.783884e-01 -7.122393e-01 -5.995919e-01 -1.068114e-01 -2.600726e-01 -2.150654e-01 3.426283e-01 -5.139373e-03 -2.206597e-01 7.089097e-01
<VARIANCE> 25
 6.220355e+01 4.306686e+01 7.870622e+01 6.823391e+01 4.533406e+01 9.895306e+01 3.643275e+01 4.324311e+01 5.871402e+01 4.346842e+01 2.545908e+01 2.776604e+01 4.691131e+00 2.588776e+00 4.792437e+00 4.615118e+00 4.422029e+00 6.849364e+00 3.623266e+00 3.645874e+00 4.362828e+00 3.004293e+00 2.338601e+00 2.798676e+00 1.839582e+00
<GCONST> 1.092517e+02
<TRANSP> 5
 0.000000e+00 1.000000e+00 0.000000e+00 0.000000e+00 0.000000e+00
 0.000000e+00 6.038491e-01 3.961509e-01 0.000000e+00 0.000000e+00
 0.000000e+00 0.000000e+00 5.482771e-01 4.517229e-01 0.000000e+00
 0.000000e+00 0.000000e+00 0.000000e+00 6.004764e-01 3.995236e-01
 0.000000e+00 0.000000e+00 0.000000e+00 0.000000e+00 0.000000e+00
<ENDHMM>
~h "w"
<BEGINHMM>
<NUMSTATES> 5
<STATE> 2
<MEAN> 25
 1.685018e+00 2.728987e+00 -4.161370e+00 -6.058033e+00 1.978590e-01 4.210593e+00 -2.479554e-01 -7.266137e-01 -1.145387e+00 1.627549e+00 2.878700e+00 1.200808e+00 7.532980e-01 1.437345e-01 -2.919222e-01 -1.006544e+00 -3.660714e-01 2.189187e-01 -2.236054e-01 -1.900870e-01 -1.473806e-01 9.993932e-02 2.326941e-01 -9.734660e-02 6.333116e-01
<VARIANCE> 25
 1.215544e+02 5.099791e+01 3.113732e+01 9.417513e+01 6.026772e+01 6.435828e+01 4.712786e+01 3.945809e+01 3.807111e+01 4.216121e+01 3.744077e+01 3.976178e+01 3.376502e+00 2.860186e+00 1.870171e+00 4.011633e+00 3.271735e+00 3.633947e+00 2.795592e+00 2.590983e+00 2.807835e+00 2.780079e+00 3.005271e+00 2.795454e+00 2.725490e+00
<GCONST> 1.070652e+02
<STATE> 3
<MEAN> 25
 6.387270e+00 2.385263e+00 -5.390662e+00 -9.986945e+00 -1.701883e+00 4.448719e+00 -1.822049e+00 -1.652859e+00 -1.370991e+00 1.765068e+00 3.142879e+00 -4.474087e-01 5.482102e-01 -4.108748e-01 -3.200320e-01 -5.325425e-01 -3.590277e-02 5.574953e-02 -2.539754e-01 -9.212436e-02 2.345835e-01 1.239076e-01 -4.400153e-02 -4.736530e-01 8.053857e-01
<VARIANCE> 25
 6.434667e+01 5.896938e+01 3.834951e+01 8.371145e+01 5.423447e+01 8.436375e+01 4.893780e+01 3.988725e+01 4.299360e+01 4.498782e+01 4.564475e+01 4.293756e+01 3.526289e+00 3.794796e+00 2.423656e+00 4.200527e+00 3.709349e+00 4.228202e+00 3.203169e+00 2.838139e+00 3.103049e+00 3.127700e+00 3.407497e+00 3.599739e+00 2.805039e+00
<GCONST> 1.091007e+02
<STATE> 4
<MEAN> 25
 8.296836e+00 -3.764161e-01 -6.590981e+00 -1.038889e+01 -9.869831e-01 3.802250e+00 -2.774122e+00 -1.856863e+00 3.328666e-01 1.674315e+00 1.739948e+00 -2.652106e+00 -1.104455e-01 -6.557573e-01 1.042330e-03 3.963013e-01 2.833847e-01 -2.195436e-01 4.443797e-02 1.254671e-01 3.669378e-01 -2.896144e-02 -3.528384e-01 -3.006663e-01 3.398168e-01
<VARIANCE> 25
 4.687677e+01 7.361297e+01 4.117675e+01 8.264011e+01 6.275154e+01 1.218837e+02 5.427084e+01 5.284344e+01 4.766147e+01 5.915045e+01 6.059328e+01 5.937186e+01 1.552377e+00 3.651497e+00 2.364163e+00 3.233733e+00 2.923228e+00 4.072307e+00 2.895615e+00 3.133979e+00 3.135538e+00 3.216419e+00 3.246187e+00 3.557599e+00 1.852176e+00
<GCONST> 1.090868e+02
<TRANSP> 5
 0.000000e+00 1.000000e+00 0.000000e+00 0.000000e+00 0.000000e+00
 0.000000e+00 7.032566e-01 2.967434e-01 0.000000e+00 0.000000e+00
 0.000000e+00 0.000000e+00 6.608700e-01 3.391300e-01 0.000000e+00
 0.000000e+00 0.000000e+00 0.000000e+00 8.318123e-01 1.681878e-01
 0.000000e+00 0.000000e+00 0.000000e+00 0.000000e+00 0.000000e+00
<ENDHMM>
~h "y"
<BEGINHMM>
<NUMSTATES> 5
<STATE> 2
<MEAN> 25
 5.704884e-01 -2.936574e+00 7.415778e+00 -3.395856e+00 -8.107697e+00 -4.441208e+00 1.246383e+00 2.100775e+00 -2.110567e+00 1.208158e+00 1.487365e+00 4.743408e-02 1.088352e-01 -1.255684e-01 3.545853e-01 -2.360917e-01 -4.123412e-01 -1.691665e-01 1.833453e-01 2.388952e-01 -1.223930e-01 -1.331665e-02 -6.310835e-03 1.102491e-02 3.109435e-01
<VARIANCE> 25
 3.339450e+01 4.389027e+01 7.615113e+01 5.789775e+01 7.823119e+01 5.436650e+01 5.452537e+01 6.577154e+01 5.336940e+01 5.242419e+01 4.822691e+01 3.137299e+01 1.336509e+00 2.262120e+00 4.730533e+00 2.999300e+00 4.565991e+00 2.848260e+00 3.303851e+00 3.986366e+00 3.305800e+00 3.041934e+00 2.999781e+00 2.103971e+00 2.113186e+00
<GCONST> 1.072280e+02
<STATE> 3
<MEAN> 25
 9.122812e-01 -3.730687e+00 6.046503e+00 -3.312065e+00 -7.333710e+00 -4.407502e+00 1.862252e+00 3.189757e+00 -1.643140e+00 6.151369e-01 7.337314e-01 -2.612278e-03 9.629782e-02 -1.949114e-01 -5.073195e-01 1.247005e-01 4.569513e-01 9.817128e-02 1.499534e-01 2.745337e-01 1.524949e-01 -2.002145e-01 -3.260278e-01 -6.885985e-02 -3.603905e-03
<VARIANCE> 25
 3.109467e+01 4.372247e+01 6.762482e+01 5.393895e+01 7.155049e+01 5.262733e+01 5.456857e+01 6.662064e+01 4.940874e+01 5.035005e+01 4.811647e+01 3.055666e+01 7.991970e-01 1.893684e+00 3.231761e+00 2.187468e+00 3.531802e+00 2.481892e+00 2.790655e+00 3.455992e+00 2.916381e+00 2.806929e+00 2.654990e+00 2.003164e+00 1.326550e+00
<GCONST> 1.037717e+02
<STATE> 4
<MEAN> 25
 -1.867177e-01 -3.046031e+00 1.769043e+00 -1.131341e+00 -2.064416e+00 -2.050459e+00 2.839277e+00 3.454221e+00 -5.641103e-01 -1.239391e-01 -1.221426e+00 7.427601e-01 3.179731e-02 4.196392e-02 -4.639226e-01 2.232905e-01 5.799152e-01 2.424479e-01 -4.495194e-02 -1.486648e-02 1.195292e-01 -8.983131e-02 -2.255743e-01 -5.937396e-02 -2.717234e-01
<VARIANCE> 25
 3.727537e+01 5.091344e+01 5.064227e+01 5.711908e+01 6.756559e+01 5.096998e+01 4.550277e+01 5.464759e+01 4.190933e+01 4.363259e+01 4.560539e+01 3.213812e+01 5.510504e-01 1.250641e+00 1.800894e+00 1.555251e+00 2.305459e+00 1.911954e+00 2.095519e+00 2.512269e+00 2.203352e+00 2.208588e+00 2.099137e+00 1.683008e+00 7.569864e-01
<GCONST> 9.859776e+01
<TRANSP> 5
 0.000000e+00 1.000000e+00 0.000000e+00 0.000000e+00 0.000000e+00
 0.000000e+00 6.292024e-01 3.707975e-01 0.000000e+00 0.000000e+00
 0.000000e+00 0.000000e+00 5.910587e-01 4.089413e-01 0.000000e+00
 0.000000e+00 0.000000e+00 0.000000e+00 7.974948e-01 2.025051e-01
 0.000000e+00 0.000000e+00 0.000000e+00 0.000000e+00 0.000000e+00
<ENDHMM>
~h "z"
<BEGINHMM>
<NUMSTATES> 5
<STATE> 2
<MEAN> 25
 -5.294120e-01 6.154164e-01 9.513371e+00 3.258296e+00 -4.748856e+00 3.064472e+00 -2.652520e+00 -7.892561e+00 -3.206409e+00 -3.885398e+00 9.239275e-01 6.967974e-02 -5.234435e-02 -2.070599e-01 2.361825e-01 1.711316e-01 -2.052716e-02 1.555865e-01 -1.104163e-01 -1.785645e-01 6.285943e-02 2.274086e-02 4.737368e-02 4.483175e-02 1.179564e-01
<VARIANCE> 25
 5.466880e+01 1.409395e+02 1.362573e+02 1.940808e+02 1.224559e+02 1.889736e+02 6.331117e+01 8.322520e+01 8.952919e+01 9.872842e+01 7.549734e+01 6.117439e+01 2.366975e+00 3.512088e+00 6.812530e+00 7.083701e+00 4.277798e+00 7.520160e+00 4.329394e+00 4.486879e+00 5.258942e+00 5.868498e+00 4.025371e+00 3.264108e+00 2.356903e+00
<GCONST> 1.205176e+02
<STATE> 3
<MEAN> 25
 1.728831e+00 -4.264732e+00 9.789787e+00 6.246471e+00 -8.717570e-01 3.829808e+00 -5.396364e+00 -8.564820e+00 -8.299375e-01 -4.297856e+00 9.922267e-01 9.713200e-01 3.615386e-01 -9.952398e-02 -5.611897e-01 -2.917272e-01 -1.103013e-01 -1.881579e-01 7.945712e-02 3.456469e-01 2.174398e-01 -2.310910e-01 8.988295e-02 1.175310e-01 2.290202e-01
<VARIANCE> 25
 3.657156e+01 6.600659e+01 1.564666e+02 1.431773e+02 8.225004e+01 1.638283e+02 6.935533e+01 6.866785e+01 8.934451e+01 7.840367e+01 7.066345e+01 6.192810e+01 1.671355e+00 2.228415e+00 7.952550e+00 3.568147e+00 3.377515e+00 7.640775e+00 3.330730e+00 4.065248e+00 3.909006e+00 5.175408e+00 3.613291e+00 2.902933e+00 1.524061e+00
<GCONST> 1.152640e+02
<STATE> 4
<MEAN> 25
 3.175224e+00 -2.969138e+00 4.286606e+00 4.535627e+00 9.665983e-01 2.736768e+00 -3.522606e+00 -3.779934e+00 9.114520e-01 -7.470613e+00 -1.329424e+00 -7.530141e-01 3.723953e-02 1.173276e-01 -3.217881e-01 -1.934109e-02 6.706235e-02 6.386384e-02 1.972061e-01 1.599445e-01 9.209409e-02 1.097747e-01 -1.516094e-01 6.945535e-02 -2.766747e-01
<VARIANCE> 25
 2.618264e+01 6.077393e+01 1.081950e+02 9.908105e+01 6.331266e+01 9.240410e+01 6.152955e+01 6.771075e+01 5.939066e+01 6.288403e+01 6.455627e+01 4.812849e+01 5.737108e-01 1.126949e+00 3.319589e+00 2.199856e+00 1.812736e+00 3.693766e+00 2.539164e+00 2.752442e+00 2.270189e+00 3.326910e+00 2.064274e+00 1.926225e+00 7.302060e-01
<GCONST> 1.043606e+02
<TRANSP> 5
 0.000000e+00 1.000000e+00 0.000000e+00 0.000000e+00 0.000000e+00
 0.000000e+00 9.371915e-01 6.280849e-02 0.000000e+00 0.000000e+00
 0.000000e+00 0.000000e+00 8.205319e-01 1.794681e-01 0.000000e+00
 0.000000e+00 0.000000e+00 0.000000e+00 9.082497e-01 9.175021e-02
 0.000000e+00 0.000000e+00 0.000000e+00 0.000000e+00 0.000000e+00
<ENDHMM>
~h "aw"
<BEGINHMM>
<NUMSTATES> 5
<STATE> 2
<MEAN> 25
 3.065015e-01 2.702521e+00 4.230639e+00 -3.483826e+00 -1.041093e+01 -7.479889e+00 3.800898e+00 1.938670e+00 2.350001e+00 6.472997e+00 -3.592165e+00 -4.759252e+00 -3.661872e-01 1.851459e-01 6.110833e-01 -8.522504e-01 -9.727122e-01 1.359378e-01 6.896445e-02 3.327813e-02 -2.223172e-01 6.732348e-01 -2.639821e-01 -1.537338e-01 3.734142e-01
<VARIANCE> 25
 5.693563e+01 3.292830e+01 9.368623e+01 5.261757e+01 7.072344e+01 1.484475e+02 5.389108e+01 1.232283e+02 4.663294e+01 6.821889e+01 3.965586e+01 3.789199e+01 1.953605e+00 1.356804e+00 4.054672e+00 3.391814e+00 6.978600e+00 4.793235e+00 3.484904e+00 3.653673e+00 4.671254e+00 4.191456e+00 2.712629e+00 2.090800e+00 2.162672e+00
<GCONST> 1.105578e+02
<STATE> 3
<MEAN> 25
 -1.389692e+00 1.348151e+00 7.602322e+00 -8.176291e+00 -9.510328e+00 1.250405e+00 1.402553e+00 -2.666687e+00 6.806461e-01 7.697914e+00 -2.644182e+00 -2.850628e+00 1.832604e-01 3.614724e-03 2.500724e-02 2.595331e-02 3.133612e-01 5.622423e-01 -2.718716e-01 -1.417977e-01 -2.291663e-01 -2.263721e-01 5.690157e-02 2.179501e-01 -4.278186e-01
<VARIANCE> 25
 3.256885e+01 2.593620e+01 9.017256e+01 4.545789e+01 5.450743e+01 7.653014e+01 5.933700e+01 6.874306e+01 5.444149e+01 6.489774e+01 4.933109e+01 3.519653e+01 2.046196e+00 1.616567e+00 2.528353e+00 3.647035e+00 4.774755e+00 3.790683e+00 4.171701e+00 4.258369e+00 4.563676e+00 3.484276e+00 3.099793e+00 2.738349e+00 1.794149e+00
<GCONST> 1.079640e+02
<STATE> 4
<MEAN> 25
 9.064048e-01 7.679484e-01 1.993556e+00 -1.044502e+01 -6.799725e+00 6.775946e+00 -2.504542e-01 -2.037766e+00 -5.700113e-01 2.883256e+00 -1.584976e+00 8.210715e-01 -7.029705e-02 1.086819e-01 -3.312811e-01 5.536299e-01 3.435517e-01 3.916900e-01 1.338339e-02 -2.811989e-01 -2.095744e-01 -7.356744e-01 2.282380e-01 4.252489e-01 -5.745215e-01
<VARIANCE> 25
 3.790937e+01 7.045956e+01 8.046557e+01 7.287116e+01 4.109509e+01 1.519182e+02 7.211448e+01 8.380689e+01 5.629217e+01 5.546176e+01 4.813422e+01 4.686802e+01 1.048485e+00 3.305956e+00 1.855006e+00 3.074749e+00 3.693502e+00 6.015562e+00 4.240654e+00 3.222845e+00 4.132452e+00 4.261124e+00 3.120154e+00 2.743603e+00 1.640497e+00
<GCONST> 1.099379e+02
<TRANSP> 5
 0.000000e+00 1.000000e+00 0.000000e+00 0.000000e+00 0.000000e+00
 0.000000e+00 8.779297e-01 1.220703e-01 0.000000e+00 0.000000e+00
 0.000000e+00 0.000000e+00 7.544622e-01 2.455378e-01 0.000000e+00
 0.000000e+00 0.000000e+00 0.000000e+00 8.281549e-01 1.718451e-01
 0.000000e+00 0.000000e+00 0.000000e+00 0.000000e+00 0.000000e+00
<ENDHMM>
~h "ay"
<BEGINHMM>
<NUMSTATES> 5
<STATE> 2
<MEAN> 25
 9.193848e-01 -7.215568e+00 5.172478e+00 -3.612523e+00 -6.513813e+00 -5.940781e+00 -4.240349e-01 6.866196e+00 6.021475e-01 -2.394263e+00 2.225344e+00 -1.812348e+00 -9.024249e-02 8.445289e-02 6.973319e-01 4.968564e-02 -6.466720e-01 -3.565126e-01 -3.395953e-03 2.476451e-01 -5.796632e-01 -8.740497e-02 5.072969e-01 3.236755e-01 -7.675298e-02
<VARIANCE> 25
 1.414174e+01 4.834303e+01 7.115522e+01 4.431429e+01 6.119945e+01 5.777511e+01 5.547488e+01 7.092372e+01 6.621481e+01 5.977319e+01 7.345559e+01 3.349780e+01 5.481385e-01 2.265559e+00 3.523931e+00 2.046057e+00 3.324659e+00 2.879533e+00 2.817391e+00 5.253417e+00 3.887487e+00 2.819160e+00 3.956389e+00 2.341265e+00 1.117416e+00
<GCONST> 1.049474e+02
<STATE> 3
<MEAN> 25
 8.631349e-01 -4.893912e+00 6.434708e+00 -2.699611e+00 -7.384657e+00 -6.180938e+00 -6.539615e-01 5.071075e+00 -1.734182e+00 -1.385666e+00 3.162455e+00 -4.846087e-01 9.798015e-03 6.616744e-01 8.284885e-02 2.969335e-01 1.178295e-01 2.496356e-01 -7.226460e-02 -6.430015e-01 -5.538915e-01 2.138870e-01 4.271474e-02 2.857917e-01 -5.446233e-01
<VARIANCE> 25
 1.450685e+01 5.050024e+01 6.585767e+01 4.518905e+01 5.694922e+01 6.430561e+01 5.309306e+01 7.913613e+01 6.459424e+01 5.534415e+01 6.892902e+01 2.757471e+01 5.518336e-01 1.667454e+00 3.238619e+00 1.864097e+00 3.404188e+00 2.826354e+00 2.787049e+00 4.780255e+00 4.141422e+00 2.760462e+00 3.457407e+00 2.141821e+00 8.863534e-01
<GCONST> 1.037087e+02
<STATE> 4
<MEAN> 25
 2.129647e-01 3.104373e-01 3.314414e+00 6.815993e-01 -3.690122e+00 -2.206697e+00 6.755262e-01 2.358328e+00 -2.797835e+00 -6.335382e-01 4.331443e-01 2.240677e+00 -9.925658e-03 3.997368e-01 -2.630457e-01 1.831324e-01 3.682869e-01 3.774308e-01 1.426123e-02 -4.344938e-01 -5.593359e-02 7.069664e-02 -1.125196e-01 6.428675e-02 -4.090325e-01
<VARIANCE> 25
 1.235293e+01 5.047809e+01 6.644835e+01 4.072825e+01 5.625721e+01 5.723804e+01 3.566479e+01 6.528098e+01 4.769745e+01 3.771914e+01 4.646073e+01 3.611362e+01 4.983627e-01 1.458455e+00 2.201547e+00 1.467558e+00 2.596830e+00 2.363518e+00 2.166525e+00 3.913689e+00 2.948235e+00 2.291804e+00 2.289447e+00 1.964141e+00 9.233440e-01
<GCONST> 9.917597e+01
<TRANSP> 5
 0.000000e+00 1.000000e+00 0.000000e+00 0.000000e+00 0.000000e+00
 0.000000e+00 7.179701e-01 2.820299e-01 0.000000e+00 0.000000e+00
 0.000000e+00 0.000000e+00 6.837009e-01 3.162991e-01 0.000000e+00
 0.000000e+00 0.000000e+00 0.000000e+00 8.518732e-01 1.481268e-01
 0.000000e+00 0.000000e+00 0.000000e+00 0.000000e+00 0.000000e+00
<ENDHMM>
~h "eu"
<BEGINHMM>
<NUMSTATES> 5
<STATE> 2
<MEAN> 25
 2.292352e+00 -7.590292e-01 -4.780095e-01 5.541698e-01 -9.542555e-01 -2.609182e+00 -1.546977e+00 -4.319672e-01 1.410477e+00 8.337059e-01 -1.747829e-01 -6.866387e-01 5.088784e-01 -3.299892e-01 7.238981e-02 -7.716940e-02 -2.810897e-01 -2.903857e-01 -9.792634e-02 9.400537e-03 -1.492382e-02 7.802724e-02 -1.382906e-01 -1.867711e-01 4.674540e-01
<VARIANCE> 25
 4.124894e+01 5.146203e+01 4.537548e+01 4.781037e+01 5.839898e+01 6.617007e+01 5.648105e+01 6.062936e+01 5.604057e+01 4.704173e+01 4.259506e+01 3.537274e+01 3.249176e+00 4.461982e+00 3.319529e+00 4.238890e+00 4.553557e+00 5.421390e+00 4.726290e+00 5.014782e+00 4.806452e+00 4.134925e+00 3.801545e+00 3.103711e+00 4.256482e+00
<GCONST> 1.114784e+02
<STATE> 3
<MEAN> 25
 3.137821e+00 -1.370093e+00 -2.858364e-01 3.213240e-01 -1.450416e+00 -3.071742e+00 -1.634220e+00 -4.108808e-01 1.199277e+00 8.543847e-01 -4.450759e-01 -1.034750e+00 2.739629e-01 -1.598019e-01 7.706621e-02 -1.268361e-02 -1.348193e-01 -1.242623e-02 2.844791e-02 -2.285666e-02 -1.219492e-01 -2.085505e-02 -1.065809e-01 -1.111623e-01 2.114173e-01
<VARIANCE> 25
 3.461432e+01 5.022982e+01 4.531863e+01 4.758670e+01 5.553678e+01 6.378893e+01 5.618347e+01 6.304724e+01 5.714772e+01 4.824188e+01 4.362557e+01 3.551364e+01 2.591585e+00 3.996686e+00 3.028815e+00 3.996474e+00 4.180269e+00 4.887165e+00 4.382545e+00 4.797602e+00 4.529006e+00 3.949421e+00 3.656652e+00 2.955855e+00 3.558780e+00
<GCONST> 1.101245e+02
<STATE> 4
<MEAN> 25
 3.503990e+00 -1.608737e+00 -1.027147e-02 3.591032e-01 -1.676405e+00 -3.006797e+00 -1.343628e+00 -3.716743e-01 7.318890e-01 6.518376e-01 -7.215209e-01 -1.208668e+00 -8.437298e-04 5.253971e-02 5.210049e-02 7.579996e-02 5.303776e-02 2.575170e-01 1.184575e-01 -7.459690e-02 -1.327356e-01 -9.428260e-02 -3.474192e-02 -1.349078e-02 -9.001033e-02
<VARIANCE> 25
 3.363441e+01 5.098956e+01 4.718126e+01 4.862617e+01 5.506735e+01 6.282922e+01 5.537536e+01 6.413139e+01 5.978865e+01 5.031835e+01 4.435618e+01 3.537920e+01 1.833745e+00 3.243320e+00 2.582231e+00 3.379082e+00 3.444593e+00 3.929633e+00 3.653402e+00 4.079331e+00 3.803736e+00 3.413933e+00 3.206901e+00 2.561642e+00 2.481602e+00
<GCONST> 1.076587e+02
<TRANSP> 5
 0.000000e+00 1.000000e+00 0.000000e+00 0.000000e+00 0.000000e+00
 0.000000e+00 4.319473e-01 5.680528e-01 0.000000e+00 0.000000e+00
 0.000000e+00 0.000000e+00 4.243039e-01 5.756961e-01 0.000000e+00
 0.000000e+00 0.000000e+00 0.000000e+00 5.196097e-01 4.803903e-01
 0.000000e+00 0.000000e+00 0.000000e+00 0.000000e+00 0.000000e+00
<ENDHMM>
~h "kh"
<BEGINHMM>
<NUMSTATES> 5
<STATE> 2
<MEAN> 25
 -2.062498e+00 -7.513157e+00 -1.546035e+00 5.915290e-01 5.427999e+00 -8.836223e-01 3.093342e+00 2.560519e+00 5.691472e-01 -6.938169e-01 4.504546e-02 -8.051655e-01 4.202914e-01 -4.770714e-01 2.138337e-01 2.552769e-01 4.277271e-02 1.901344e-01 -1.742935e-01 -2.890530e-01 -3.446704e-01 6.213408e-03 3.165929e-01 1.484599e-01 3.057114e-01
<VARIANCE> 25
 3.902948e+01 4.160177e+01 3.406140e+01 3.651183e+01 7.272005e+01 5.764608e+01 4.222792e+01 4.227366e+01 4.258155e+01 4.319797e+01 2.866627e+01 3.234651e+01 3.704994e+00 4.440700e+00 1.752286e+00 3.232523e+00 4.707937e+00 3.655001e+00 3.166785e+00 3.813266e+00 4.994428e+00 2.135602e+00 3.051116e+00 2.647420e+00 9.612393e+00
<GCONST> 1.072333e+02
<STATE> 3
<MEAN> 25
 -2.711042e-01 -8.181107e+00 -1.019206e+00 1.322745e+00 3.294874e+00 3.281813e-01 2.998185e+00 1.867980e+00 -4.140203e-01 -1.560484e+00 8.573720e-02 -7.748359e-01 5.404544e-02 4.705780e-02 2.785789e-01 2.583561e-01 -4.139426e-01 2.885174e-01 -1.621678e-01 -2.479332e-01 -1.815180e-01 9.919170e-02 4.715182e-02 2.888483e-02 -2.475826e-01
<VARIANCE> 25
 3.184614e+01 4.653778e+01 2.797007e+01 3.970320e+01 6.563207e+01 5.480258e+01 4.201367e+01 5.110151e+01 4.213012e+01 3.033702e+01 2.720009e+01 3.352080e+01 1.993668e+00 2.626530e+00 1.713424e+00 2.495690e+00 4.601917e+00 3.751025e+00 3.136516e+00 3.625392e+00 4.018660e+00 2.566624e+00 2.896075e+00 2.184772e+00 2.425011e+00
<GCONST> 1.035413e+02
<STATE> 4
<MEAN> 25
 1.011092e+00 -1.018341e+01 -1.544128e+00 3.451751e-01 2.178848e+00 3.879439e+00 2.336510e+00 6.130716e-01 9.712471e-01 -4.354802e-01 -5.508118e-01 -7.871352e-01 -9.345618e-02 3.837719e-01 3.207938e-01 -6.909801e-02 -3.787942e-01 -8.038525e-02 -1.517560e-01 -3.652767e-01 1.560543e-01 2.593578e-01 2.870482e-02 1.739598e-01 -1.835160e-01
<VARIANCE> 25
 5.119370e+01 6.238783e+01 3.143622e+01 6.023956e+01 4.851502e+01 5.709461e+01 4.228562e+01 5.098451e+01 6.178193e+01 2.867164e+01 2.864493e+01 3.625713e+01 1.055314e+00 2.224341e+00 1.422453e+00 1.982344e+00 3.687996e+00 3.437290e+00 2.672030e+00 2.825009e+00 3.860173e+00 2.199905e+00 3.074547e+00 2.107263e+00 1.223421e+00
<GCONST> 1.022503e+02
<TRANSP> 5
 0.000000e+00 1.000000e+00 0.000000e+00 0.000000e+00 0.000000e+00
 0.000000e+00 6.587242e-01 3.412758e-01 0.000000e+00 0.000000e+00
 0.000000e+00 0.000000e+00 5.946307e-01 4.053693e-01 0.000000e+00
 0.000000e+00 0.000000e+00 0.000000e+00 7.577926e-01 2.422074e-01
 0.000000e+00 0.000000e+00 0.000000e+00 0.000000e+00 0.000000e+00
<ENDHMM>
~h "ng"
<BEGINHMM>
<NUMSTATES> 5
<STATE> 2
<MEAN> 25
 4.466575e+00 -5.880665e-01 -7.001103e-01 -1.438120e+00 -6.062171e-01 1.324442e+00 3.800990e-02 -1.611228e+00 -1.680000e+00 3.611158e-01 -1.784564e+00 -2.447929e+00 -2.638420e-02 4.271124e-01 1.291564e-01 3.424813e-01 -1.725253e-02 5.902258e-02 1.402217e-01 -2.626599e-01 -1.634438e-01 1.663590e-03 -9.727543e-02 1.435015e-02 -3.990338e-01
<VARIANCE> 25
 2.350232e+01 4.295440e+01 4.033656e+01 4.379115e+01 4.973663e+01 5.271397e+01 4.603869e+01 5.403949e+01 5.081768e+01 4.453917e+01 3.926027e+01 3.733353e+01 7.753441e-01 1.890729e+00 2.100392e+00 2.359945e+00 2.828931e+00 2.711730e+00 2.888651e+00 3.760701e+00 3.096864e+00 2.691481e+00 2.696101e+00 2.230635e+00 1.180135e+00
<GCONST> 1.015328e+02
<STATE> 3
<MEAN> 25
 4.210824e+00 2.505807e-01 -3.512104e-01 -7.498325e-01 -6.776488e-01 1.324240e+00 2.923663e-01 -1.893566e+00 -1.886852e+00 3.152155e-01 -1.846139e+00 -2.304478e+00 -1.564156e-01 3.105628e-01 9.907514e-02 2.677240e-01 5.644261e-02 -1.965528e-02 6.583040e-02 -3.021717e-02 -2.066633e-02 -4.538247e-02 5.219036e-03 6.545315e-02 -3.167773e-01
<VARIANCE> 25
 2.406063e+01 4.277658e+01 3.808289e+01 4.266985e+01 4.797311e+01 5.070075e+01 4.560605e+01 5.439158e+01 5.039953e+01 4.359321e+01 3.717572e+01 3.652081e+01 7.761901e-01 1.913058e+00 1.938734e+00 2.273943e+00 2.772117e+00 2.601412e+00 2.768057e+00 3.667608e+00 3.049387e+00 2.628468e+00 2.566350e+00 2.146872e+00 1.143505e+00
<GCONST> 1.008922e+02
<STATE> 4
<MEAN> 25
 3.324673e+00 1.171846e+00 -1.451107e-01 3.298467e-02 -3.450474e-01 1.276263e+00 3.876068e-01 -1.605720e+00 -1.837866e+00 9.621254e-02 -1.590588e+00 -1.985870e+00 -2.692045e-01 1.158696e-01 7.941857e-03 1.609253e-01 1.597711e-01 -1.008692e-01 -1.125844e-02 1.646060e-01 1.332894e-01 -6.964677e-02 1.129357e-01 1.266193e-01 -1.892431e-01
<VARIANCE> 25
 2.761303e+01 4.738702e+01 3.752184e+01 4.893854e+01 4.846103e+01 4.996157e+01 4.502860e+01 5.380225e+01 5.109803e+01 4.230362e+01 3.723952e+01 3.806818e+01 8.486236e-01 1.908312e+00 1.912201e+00 2.281396e+00 2.719930e+00 2.629558e+00 2.648179e+00 3.426040e+00 2.990514e+00 2.626589e+00 2.488161e+00 2.044307e+00 1.110150e+00
<GCONST> 1.010791e+02
<TRANSP> 5
 0.000000e+00 1.000000e+00 0.000000e+00 0.000000e+00 0.000000e+00
 0.000000e+00 4.991390e-01 5.008610e-01 0.000000e+00 0.000000e+00
 0.000000e+00 0.000000e+00 4.965434e-01 5.034567e-01 0.000000e+00
 0.000000e+00 0.000000e+00 0.000000e+00 6.515368e-01 3.484632e-01
 0.000000e+00 0.000000e+00 0.000000e+00 0.000000e+00 0.000000e+00
<ENDHMM>
~h "ny"
<BEGINHMM>
<NUMSTATES> 5
<STATE> 2
<MEAN> 25
 2.666521e+00 -2.159339e+00 5.599636e+00 -1.919820e+00 -4.738708e+00 -1.954740e+00 8.207791e-01 1.661549e+00 -3.692034e+00 -1.502792e+00 4.304389e-01 -4.524106e-01 -6.689677e-02 -5.256177e-01 1.708583e-01 -1.519740e-01 -3.069843e-01 -1.153288e-01 2.261772e-01 6.331447e-01 -1.619586e-01 -3.479596e-01 -6.002420e-02 -2.231287e-02 2.885156e-01
<VARIANCE> 25
 2.371320e+01 5.208382e+01 5.599070e+01 5.785340e+01 5.308563e+01 5.178872e+01 5.554369e+01 8.063440e+01 5.210867e+01 5.363400e+01 4.327200e+01 3.433237e+01 1.167518e+00 3.389932e+00 3.563036e+00 3.710246e+00 3.659157e+00 3.758370e+00 3.484743e+00 5.382568e+00 3.519085e+00 3.507420e+00 2.931949e+00 2.261091e+00 1.630116e+00
<GCONST> 1.071176e+02
<STATE> 3
<MEAN> 25
 2.540407e+00 -3.537768e+00 5.066482e+00 -1.822233e+00 -4.757837e+00 -2.080938e+00 1.113617e+00 3.133011e+00 -3.456498e+00 -2.512071e+00 -7.249628e-02 -5.272020e-01 -1.787927e-02 -3.590153e-01 -3.257335e-01 1.091486e-01 1.590800e-01 -2.253194e-02 4.528962e-02 3.893669e-01 1.799620e-01 -2.542628e-01 -2.448690e-01 -5.274572e-02 5.733486e-02
<VARIANCE> 25
 2.360204e+01 5.077530e+01 5.140502e+01 5.414026e+01 5.414357e+01 5.032832e+01 5.649925e+01 8.400966e+01 5.156873e+01 5.530509e+01 4.376502e+01 3.294074e+01 9.047742e-01 2.955517e+00 2.936959e+00 3.059160e+00 3.332170e+00 3.224181e+00 3.135178e+00 4.592432e+00 3.192006e+00 3.089253e+00 2.685719e+00 2.060910e+00 1.412208e+00
<GCONST> 1.051370e+02
<STATE> 4
<MEAN> 25
 2.399796e+00 -4.156846e+00 3.301642e+00 -8.007142e-01 -3.164748e+00 -1.785932e+00 9.151808e-01 3.794558e+00 -2.945635e+00 -3.492786e+00 -1.098676e+00 -6.766726e-01 -1.717644e-02 3.719868e-02 -5.182216e-01 2.276840e-01 4.330301e-01 1.154246e-01 -8.536142e-02 3.765941e-02 3.315737e-01 -7.231114e-03 -2.476561e-01 -3.109079e-02 -2.931893e-01
<VARIANCE> 25
 2.449369e+01 5.508104e+01 4.476480e+01 5.836139e+01 5.510176e+01 5.265791e+01 5.496218e+01 7.697675e+01 5.620258e+01 5.621368e+01 4.671977e+01 3.306620e+01 7.580785e-01 2.383272e+00 2.218738e+00 2.579221e+00 2.787446e+00 2.706906e+00 2.788266e+00 3.504002e+00 2.699064e+00 2.669436e+00 2.390436e+00 1.879268e+00 1.247848e+00
<GCONST> 1.030809e+02
<TRANSP> 5
 0.000000e+00 1.000000e+00 0.000000e+00 0.000000e+00 0.000000e+00
 0.000000e+00 5.818299e-01 4.181701e-01 0.000000e+00 0.000000e+00
 0.000000e+00 0.000000e+00 5.657943e-01 4.342057e-01 0.000000e+00
 0.000000e+00 0.000000e+00 0.000000e+00 6.981770e-01 3.018229e-01
 0.000000e+00 0.000000e+00 0.000000e+00 0.000000e+00 0.000000e+00
<ENDHMM>
~h "sy"
<BEGINHMM>
<NUMSTATES> 5
<STATE> 2
<MEAN> 25
 -1.324352e+01 3.123089e+00 8.366651e+00 -2.883816e+00 4.564624e-01 4.692184e-01 -1.775918e+00 3.196498e+00 2.174846e+00 -1.061530e+00 1.334373e+00 9.928945e-01 -1.619328e+00 2.402464e-02 2.791475e-01 1.781613e-01 1.579079e-01 4.605193e-01 1.926475e-01 -2.067985e-03 4.526771e-01 -1.083162e-02 -4.381977e-02 2.791294e-01 2.082245e-02
<VARIANCE> 25
 1.403954e+02 5.894333e+01 4.189946e+01 6.600272e+01 2.958064e+01 5.466149e+01 7.612957e+01 5.166526e+01 4.502755e+01 4.877488e+01 4.098114e+01 3.744528e+01 7.680873e+00 3.512392e+00 1.947386e+00 3.237846e+00 3.513574e+00 4.822207e+00 4.121743e+00 2.467360e+00 2.679497e+00 3.934253e+00 3.673039e+00 2.321478e+00 7.405410e-01
<GCONST> 1.080728e+02
<STATE> 3
<MEAN> 25
 -1.306586e+01 8.734758e-02 7.903172e+00 -1.076522e+00 -1.033238e+00 1.985348e+00 -1.852424e+00 1.545159e+00 4.576489e+00 -1.659292e+00 1.028579e+00 3.120820e+00 1.342319e+00 -3.243617e-01 -3.111410e-01 -1.433414e-02 -4.906920e-01 -3.962132e-01 -3.161635e-01 -3.455651e-01 2.913221e-01 -4.720553e-02 -3.358483e-01 -4.974670e-02 1.142759e-01
<VARIANCE> 25
 1.367591e+02 4.871298e+01 5.350473e+01 7.367548e+01 4.315042e+01 9.173423e+01 8.229544e+01 5.424698e+01 4.214403e+01 5.483870e+01 4.361972e+01 4.106533e+01 1.243663e+01 3.020952e+00 2.731183e+00 5.219883e+00 4.056568e+00 9.074272e+00 4.780693e+00 2.855145e+00 3.767339e+00 4.543241e+00 3.266643e+00 2.837986e+00 1.111655e+00
<GCONST> 1.126298e+02
<STATE> 4
<MEAN> 25
 -2.237536e+00 9.176043e-01 1.424467e+00 2.292520e+00 -8.645227e-01 1.823465e-01 -1.102124e+00 1.782869e+00 3.649550e+00 6.657803e-01 4.013712e-01 3.260868e-01 2.663921e-01 -4.740544e-02 -8.385572e-02 -9.383719e-02 -2.940637e-02 -7.363274e-02 -1.188306e-01 -1.232089e-01 -1.003030e-01 8.478883e-02 1.582415e-02 -8.882800e-02 8.962032e-02
<VARIANCE> 25
 9.050644e+01 1.516164e+02 9.629813e+01 2.343371e+02 6.377524e+01 1.010210e+02 1.250182e+02 9.096096e+01 1.381360e+02 1.310385e+02 8.803043e+01 4.135306e+01 3.698714e+00 4.096176e+00 3.951645e+00 7.504684e+00 4.128100e+00 6.896297e+00 6.491088e+00 6.597278e+00 6.222709e+00 7.723149e+00 4.534332e+00 4.357490e+00 2.538879e+00
<GCONST> 1.226124e+02
<TRANSP> 5
 0.000000e+00 1.000000e+00 0.000000e+00 0.000000e+00 0.000000e+00
 0.000000e+00 8.385355e-01 1.614645e-01 0.000000e+00 0.000000e+00
 0.000000e+00 0.000000e+00 7.706785e-01 2.293215e-01 0.000000e+00
 0.000000e+00 0.000000e+00 0.000000e+00 9.586021e-01 4.139789e-02
 0.000000e+00 0.000000e+00 0.000000e+00 0.000000e+00 0.000000e+00
<ENDHMM>
~h "sil"
<BEGINHMM>
<NUMSTATES> 5
<STATE> 2
<MEAN> 25
 -5.961124e+00 1.966378e+00 -1.193504e+00 3.035953e+00 3.647490e+00 3.608731e+00 2.897585e+00 1.517635e+00 8.591294e-01 2.784905e-01 6.219913e-01 2.387725e+00 -1.149441e-01 2.924976e-02 -1.676252e-02 2.942741e-02 4.735573e-02 5.770537e-02 2.805363e-02 1.020793e-02 1.436549e-02 1.891686e-02 4.098003e-02 3.196656e-02 -1.332822e-01
<VARIANCE> 25
 3.462896e+01 2.375548e+01 2.260303e+01 2.687611e+01 3.074524e+01 2.708304e+01 2.498678e+01 2.976040e+01 3.065700e+01 3.339693e+01 2.690799e+01 2.134060e+01 2.737581e-01 4.904949e-01 6.612440e-01 8.579658e-01 1.179618e+00 1.263536e+00 1.369537e+00 1.527085e+00 1.555604e+00 1.553499e+00 1.443202e+00 1.311170e+00 2.100112e-01
<GCONST> 8.421111e+01
<STATE> 3
<MEAN> 25
 -7.552316e+00 2.547997e+00 -1.864466e+00 3.885348e+00 4.205698e+00 4.602674e+00 3.316234e+00 1.739477e+00 1.421991e+00 3.281624e-01 1.112159e+00 2.931717e+00 -2.765929e-02 -2.966515e-03 2.101418e-02 -4.789334e-02 -2.341697e-02 -6.636363e-02 -5.016717e-02 -4.383329e-02 -1.640933e-02 1.227265e-03 -2.028176e-02 -3.629775e-02 2.292801e-02
<VARIANCE> 25
 3.931019e+01 2.676432e+01 2.708788e+01 3.582055e+01 3.403724e+01 3.097573e+01 2.801281e+01 3.270997e+01 3.511661e+01 3.344656e+01 3.015120e+01 2.218204e+01 6.349868e-01 8.768942e-01 1.008908e+00 1.305768e+00 1.751197e+00 1.686075e+00 1.705413e+00 1.839033e+00 1.834356e+00 1.848488e+00 1.681228e+00 1.474215e+00 7.190028e-01
<GCONST> 9.085293e+01
<STATE> 4
<MEAN> 25
 -3.940075e+00 1.447866e+00 -6.206502e-01 6.772904e-01 1.843400e+00 1.873383e+00 1.550067e+00 8.681050e-01 3.916552e-01 5.856352e-01 1.373523e-01 1.125314e+00 5.094545e-02 5.715953e-03 3.118397e-02 -1.987041e-02 6.117012e-03 -4.714984e-02 -2.198038e-02 -2.743493e-02 -3.113827e-02 -6.132885e-03 -2.186631e-02 -3.015820e-02 8.637149e-02
<VARIANCE> 25
 6.178735e+01 4.035283e+01 4.312471e+01 5.625850e+01 5.402853e+01 4.826821e+01 3.697300e+01 4.107750e+01 4.374046e+01 3.962669e+01 3.361362e+01 3.037113e+01 1.193276e+00 1.367338e+00 1.591657e+00 1.884377e+00 2.379622e+00 2.256071e+00 2.038446e+00 2.422102e+00 2.408201e+00 2.138130e+00 1.998045e+00 1.716644e+00 1.415717e+00
<GCONST> 9.922480e+01
<TRANSP> 5
 0.000000e+00 1.000000e+00 0.000000e+00 0.000000e+00 0.000000e+00
 0.000000e+00 9.480453e-01 5.195472e-02 0.000000e+00 0.000000e+00
 0.000000e+00 0.000000e+00 6.227965e-01 3.772034e-01 0.000000e+00
 0.000000e+00 0.000000e+00 0.000000e+00 8.952309e-01 1.047691e-01
 0.000000e+00 0.000000e+00 0.000000e+00 0.000000e+00 0.000000e+00
<ENDHMM>
